"","X","latitude","longitude","NO2gm","NO2mol","NO2mol_prec","plant_dist","popdens","elevation"
"1",91198,-23.9002437591553,-45.4050331115723,0.0005666160668624,1.2317740583967e-05,2.27672044275096e-05,31555.8562277705,11.3600418378038,730
"2",91199,-23.8922100067139,-45.3697700500488,0.0002927837658717,6.36486447547213e-06,2.47057614615187e-05,30862.876148833,12.3651509681899,906
"3",91200,-23.8842010498047,-45.334545135498,0.0010295082720404,2.2380614609574e-05,2.27454947889782e-05,30622.3440705661,3.74636923419342,669
"4",91201,-23.8762187957764,-45.2993659973145,0.0003009750889759,6.54293671686901e-06,1.96053188119549e-05,30843.1225148734,8.79630002959519,930
"5",91610,-23.8510913848877,-45.417163848877,0.0011750170961022,2.5543849915266e-05,1.89190504897851e-05,26130.9701618985,385.704979332798,618
"6",91611,-23.8430595397949,-45.3819122314453,0.0001821981322791,3.96082896259031e-06,1.92430470633553e-05,25300.6887066791,443.265968181367,562
"7",91612,-23.8350505828857,-45.3467025756836,0.0006099420443206,1.32596096591442e-05,2.0297899027355e-05,25016.6872196139,650.628008646154,546
"8",91613,-23.8270702362061,-45.3115348815918,0.0017768209290807,3.86265419365373e-05,2.51715337071801e-05,25295.8055548614,2.22252562632831,887
"9",91999,-23.9949321746826,-46.2556495666504,0.0102386471116915,0.0002225792850367,7.03309997334145e-05,11385.1311133355,3688.13418384397,1021
"10",92000,-23.9861679077148,-46.218921661377,0.01044629063108,0.0002270932745886,7.33893903088756e-05,14856.2383435984,2900.96591306081,826
"11",92021,-23.8099880218506,-45.4645385742188,0.0008312886493513,1.8071492377203e-05,2.00050144485431e-05,22434.2315649826,244.097245276119,603
"12",92022,-23.801929473877,-45.429256439209,0.0015507628777413,3.37122364726383e-05,2.15958389162552e-05,20800.5360773098,821.820415300249,611
"13",92023,-23.7938976287842,-45.3940200805664,0.0014827237610006,3.2233125239145e-05,1.97088138520485e-05,19761.9521632689,1871.24016349309,928
"14",92024,-23.7858905792236,-45.3588256835938,0.0007817588666512,1.69947579706786e-05,1.74934066308197e-05,19411.0211843012,824.941796111425,704
"15",92025,-23.7779102325439,-45.3236694335938,0.0004819860405405,1.04779574030545e-05,2.10500493267318e-05,19781.9457267628,261.981006922006,694
"16",92026,-23.7699527740479,-45.2885551452637,0.000231834891565,5.03988894706708e-06,2.08151850529248e-05,20833.1788643603,0.680314850493336,715
"17",92027,-23.7620220184326,-45.2534790039062,0.0006741304223396,1.46550091812969e-05,1.93105079233646e-05,22467.600138942,3.24392380984128,920
"18",92406,-23.9991493225098,-46.4895782470703,0.0192015261854976,0.0004174244822934,0.0001340184971923,10328.5855075266,4060.47367300651,895
"19",92407,-23.9901466369629,-46.4523048400879,0.0182944651460275,0.000397705764044,0.0001278253621421,7376.21241248381,4513.7242129136,563
"20",92408,-23.9811859130859,-46.4151306152344,0.0181653508916497,0.0003948989324271,0.0001237064425367,5306.05965110987,5885.46137950938,606
"21",92409,-23.9722652435303,-46.3780555725098,0.0164394755847752,0.0003573799040168,0.0001220024278154,1758.01812362967,10666.1164593054,550
"22",92410,-23.9633865356445,-46.3410720825195,0.0168242867221124,0.0003657453635241,0.0001327860809396,1963.67195179069,11445.7043259091,604
"23",92411,-23.9545459747314,-46.3041839599609,0.0133077152422629,0.0002892981574404,9.2558708274737e-05,5869.62604576789,9309.16296140742,531
"24",92412,-23.945743560791,-46.2673835754395,0.0111240300175268,0.0002418267395114,7.6713076850865e-05,9801.83132885098,3467.31874157662,857
"25",92413,-23.9369812011719,-46.2306709289551,0.0087977691437117,0.0001912558509502,6.76160270813853e-05,13729.2230901544,201.466761847424,668
"26",92414,-23.9282550811768,-46.1940460205078,0.0074152229935862,0.0001612004998605,5.46479350305162e-05,17648.4790865848,589.226068951896,1018
"27",92430,-23.7933216094971,-45.6181335449219,0.0008869960474839,1.92825227713911e-05,1.96948676602915e-05,29704.0569742627,269.79285505441,643
"28",92431,-23.7851524353027,-45.5826721191406,0.00370404800924,8.05227828095667e-05,3.161231870763e-05,26404.9928612806,241.525311431889,674
"29",92432,-23.7770137786865,-45.5472602844238,0.0016590671948506,3.60666781489272e-05,2.37836484302534e-05,23261.670452629,207.116869080195,920
"30",92433,-23.7689018249512,-45.5119018554688,0.0017381550642312,3.77859796572011e-05,2.49925633397652e-05,20343.0260229627,1.45361516665467,628
"31",92435,-23.752758026123,-45.4413185119629,0.0011301170525257,2.45677620114293e-05,2.1062265659566e-05,15661.6509563731,750.609988138267,625
"32",92438,-23.7287406921387,-45.3357734680176,0.0013124473261996,2.85314636130352e-05,2.08287601708435e-05,14340.6944832679,149.708625292355,535
"33",92814,-23.995626449585,-46.6891136169434,0.0037425123882712,8.13589649624191e-05,4.4907232222613e-05,28483.2723462075,3.45410282823176,894
"34",92815,-23.9864082336426,-46.6513252258301,0.0061061254527885,0.0001327418576693,6.24935782980174e-05,24431.5843107872,1.85969976353543,1042
"35",92816,-23.9772338867188,-46.6136474609375,0.0047671327047282,0.000103633319668,5.10488753207028e-05,20392.2830591983,2.07408155849606,632
"36",92817,-23.9681034088135,-46.5760803222656,0.0060246508801356,0.0001309706713072,5.99552076891996e-05,16365.4064585786,2.99054542421434,634
"37",92818,-23.9590167999268,-46.5386161804199,0.010914313403191,0.000237267682678,0.0001048628037096,12350.2794580845,20.164383937677,1012
"38",92819,-23.9499740600586,-46.5012550354004,0.0138462781324051,0.0003010060463566,0.0001205232183565,8347.16321933648,337.9881203895,660
"39",92820,-23.9409713745117,-46.463996887207,0.0166702444548719,0.0003623966185841,0.0001352340041194,4357.14959522762,1493.5303561995,693
"40",92821,-23.9320106506348,-46.4268379211426,0.0165578863234259,0.0003599540505092,0.0001343243638984,428.527769972277,3077.12662821553,967
"41",92822,-23.9230918884277,-46.3897743225098,0.0191587723675184,0.0004164950514677,0.0001663101138547,3606.76409007559,6279.42367758627,551
"42",92823,-23.9142112731934,-46.3528060913086,0.0170065677957609,0.00036970799556,0.0001499408972449,5214.58309338361,2937.17686607243,573
"43",92824,-23.9053726196289,-46.3159332275391,0.0134181308094412,0.0002916984958574,0.0001066507102223,6904.60146354361,1383.93064760391,540
"44",92825,-23.8965702056885,-46.2791481018066,0.0117646766011603,0.0002557538391556,9.83516511041671e-05,9498.00275320691,115.597227031224,547
"45",92826,-23.8878078460693,-46.2424507141113,0.0109372171864379,0.0002377655910095,8.60488216858357e-05,12790.2020847005,4.16772406847892,576
"46",92827,-23.8790836334229,-46.2058410644531,0.0064281908271368,0.0001397432788508,5.28298805875238e-05,16357.5789578459,40.0411451994703,689
"47",92828,-23.8703956604004,-46.1693153381348,0.0070421127602458,0.0001530894078314,6.088986992836e-05,20048.4099811522,88.5227670225247,678
"48",92841,-23.7605819702148,-45.7012138366699,0.0013348187785595,2.90177995339036e-05,2.32608945225365e-05,34789.6210957191,278.934140930439,976
"49",92843,-23.7441596984863,-45.6301574707031,0.0022401747191906,4.86994504171889e-05,2.72356865025358e-05,27464.3605298937,194.060880416656,649
"50",92845,-23.7278537750244,-45.5593109130859,0.0013052025387878,2.83739682345185e-05,2.57015144597972e-05,20362.2633109869,1.75363327479378,696
"51",92846,-23.7197437286377,-45.5239639282227,0.0009399327645951,2.04333209694596e-05,2.22678881982574e-05,16972.5975618813,9.86585363842537,767
"52",92848,-23.7036018371582,-45.4534072875977,0.0016718180340831,3.63438703061547e-05,1.93538289749995e-05,10992.1963509623,1143.99690356358,931
"53",93221,-23.9932403564453,-46.8913154602051,0.0025551321959937,5.55463520868216e-05,3.71421629097313e-05,36320.9245289992,2.43553175756451,728
"54",93222,-23.9837875366211,-46.8529510498047,0.0003492285368338,7.59192471377901e-06,2.43396189034684e-05,36197.2611117532,1.80586247145999,715
"55",93223,-23.9743824005127,-46.8147125244141,0.0021914148164796,4.76394525321666e-05,3.52090428350493e-05,34421.1571706487,10.1172984010397,625
"56",93224,-23.9650249481201,-46.7765960693359,0.0027153087357874,5.9028450777987e-05,3.81925092369784e-05,31585.2962255765,10.41942174419,551
"57",93225,-23.9557151794434,-46.7385940551758,0.0028228196606505,6.13656447967514e-05,3.79987359337974e-05,28254.3298992793,11.7778387963915,882
"58",93226,-23.9464511871338,-46.7007102966309,0.0014587613404728,3.17122030537575e-05,3.00158208119683e-05,25154.5712154383,15.8616982233853,686
"59",93227,-23.9372329711914,-46.6629371643066,0.0021170719046494,4.6023302274989e-05,3.50870141119231e-05,22374.7880515632,17.983826903166,962
"60",93228,-23.9280586242676,-46.6252746582031,0.0023666443885304,5.14487910550088e-05,3.60804115189239e-05,20040.8075213962,20.6117085183249,660
"61",93229,-23.9189300537109,-46.587718963623,0.0043414885585662,9.43801860557869e-05,5.2833591325907e-05,17033.4398588516,20.8857624018562,807
"62",93230,-23.9098434448242,-46.5502738952637,0.0069351559213828,0.0001507642591604,7.50746912672184e-05,13287.0155042193,22.2823041412719,996
"63",93231,-23.9007987976074,-46.5129280090332,0.0100818991777487,0.0002191717212554,0.0001029888517223,9763.71993665855,165.185637425929,539
"64",93232,-23.8917980194092,-46.4756851196289,0.0133309845114127,0.0002898040111176,0.0001072819868568,6244.17171875009,979.610274295963,572
"65",93233,-23.8828372955322,-46.4385375976562,0.0207130594062619,0.0004502839001361,0.0001324104669038,2556.27031966322,2430.92720970568,582
"66",93234,-23.8739166259766,-46.4014930725098,0.0190803736331873,0.0004147907311562,0.0001537912903586,2072.20407896392,169.579491846514,587
"67",93235,-23.8650379180908,-46.3645401000977,0.0185759669402614,0.0004038253682665,0.0001530734589323,525.183793908028,98.8320003537588,567
"68",93236,-23.8561973571777,-46.3276786804199,0.013745587435551,0.0002988171181641,0.0001302777673117,3627.82068702839,8.48765287791325,722
"69",93237,-23.8473968505859,-46.2909088134766,0.0079079896968323,0.0001719128194963,8.41291475808248e-05,7554.35275463939,0.995483195874452,979
"70",93238,-23.8386344909668,-46.2542266845703,0.007564917585114,0.0001644547301111,8.24343296699226e-05,11478.8384739107,0.925776167992734,785
"71",93239,-23.8299102783203,-46.2176322937012,0.0037952310522086,8.2505022874102e-05,4.00107128371019e-05,15395.2901760919,9.9074716011492,941
"72",93240,-23.8212223052979,-46.1811180114746,0.0060701056791003,0.0001319588191108,4.5743043301627e-05,19303.4080527378,95.7300750934002,618
"73",93241,-23.812572479248,-46.1446876525879,0.0084193981892895,0.0001830303954193,5.71561104152352e-05,23202.396301858,591.920158455849,953
"74",93242,-23.8039569854736,-46.1083374023438,0.0055452327796956,0.000120548538689,4.55975932709407e-05,27092.5856163295,833.167781291457,773
"75",93243,-23.7953777313232,-46.0720672607422,0.0027290504367556,5.93271834077314e-05,2.81962184089934e-05,30973.8524755467,723.43603822216,578
"76",93244,-23.7868328094482,-46.0358695983887,0.0025127535700448,5.46250776096713e-05,2.64230020547984e-05,34846.9748288832,453.538583868788,575
"77",93245,-23.7783222198486,-45.9997482299805,0.0043087424273835,9.36683136387728e-05,3.54556796082761e-05,38711.5439459091,96.6416910258358,826
"78",93246,-23.7698459625244,-45.9636993408203,0.0025751169450813,5.59808031539433e-05,2.76127648248803e-05,42567.9293107024,79.741306336348,667
"79",93247,-23.7614040374756,-45.9277191162109,0.0025992144146584,5.6504661188228e-05,2.78917505056597e-05,45983.165880204,109.774140641847,960
"80",93248,-23.7529926300049,-45.8918075561523,0.002319620711205,5.042653720011e-05,2.58684012806043e-05,48702.2263819309,114.624227911683,731
"81",93249,-23.7446155548096,-45.8559608459473,0.0023688409855822,5.14965431648307e-05,2.51683559326921e-05,49046.2549336074,393.272027434424,978
"82",93250,-23.7362689971924,-45.8201789855957,0.0031595824548276,6.86865751049481e-05,3.13880809699185e-05,45225.3554281165,119.011176454447,693
"83",93251,-23.7279529571533,-45.7844619750977,0.001242184502189,2.70040109171532e-05,2.36232863244368e-05,41412.8534189379,35.1854254107265,877
"84",93252,-23.719669342041,-45.7488021850586,0.0006720078345097,1.46088659676025e-05,2.39351011259714e-05,37608.3754334537,45.7720827926357,912
"85",93253,-23.7114143371582,-45.7132034301758,0.0004888542971457,1.06272673292551e-05,2.53752295975573e-05,33812.6307212071,28.5544376312028,933
"86",93255,-23.6949939727783,-45.6421737670898,0.0013364438855205,2.90531279460993e-05,2.73616042250069e-05,26249.118177475,1.91631174159639,586
"87",93259,-23.6624965667725,-45.500732421875,0.0015745462369523,3.42292660207022e-05,2.11253318411764e-05,11308.9222999375,39.5804378161988,596
"88",93260,-23.6544399261475,-45.4654922485352,0.0002222171442554,4.83080748381326e-06,1.70302537298994e-05,7693.52567974834,617.852710879159,615
"89",93629,-23.9920654296875,-47.0964546203613,0.0007767143579258,1.68850947375176e-05,2.64558802882675e-05,38719.9125720338,32.7369841122978,594
"90",93630,-23.9823589324951,-47.0574569702148,0.0012250458239577,2.66314309556037e-05,2.80616077361628e-05,36300.7035113421,29.0159454139686,547
"91",93631,-23.9727058410645,-47.0185966491699,0.0031783648155396,6.90948872943409e-05,3.94163471355569e-05,34233.148120158,52.4447905453552,641
"92",93632,-23.9631042480469,-46.9798698425293,0.0013640958059113,2.96542566502467e-05,2.69277643383248e-05,32578.1334213348,42.346550588616,909
"93",93633,-23.9535541534424,-46.9412689208984,0.0029107029549777,6.32761511951685e-05,3.97466137656011e-05,31395.0824833465,17.3667571262091,766
"94",93634,-23.9440517425537,-46.9028015136719,0.0008174313115887,1.77702459041029e-05,2.48795677180169e-05,30732.2936620173,19.7285177794325,720
"95",93635,-23.9345989227295,-46.8644523620605,0.0022537651384482,4.89948943140917e-05,3.36146076733712e-05,30618.2691983098,50.3288740798933,899
"96",93636,-23.9251956939697,-46.8262329101562,0.0021394040304585,4.65087832708377e-05,3.21764091495425e-05,30240.6068545208,135.553435054489,664
"97",93637,-23.9158382415771,-46.7881278991699,0.0007405019678117,1.60978688654723e-05,2.3703534679953e-05,27368.076547489,194.520528499411,946
"98",93638,-23.9065284729004,-46.7501411437988,0.0020056144348927,4.36003138020169e-05,3.09719907818362e-05,24847.5107552196,160.440557895308,573
"99",93639,-23.8972644805908,-46.712272644043,0.0030867891764501,6.71041125315242e-05,3.87326945201494e-05,21525.0500956312,116.28218945391,1014
"100",93640,-23.8880462646484,-46.6745147705078,0.0041700094006955,9.06523782759905e-05,4.60962219221983e-05,18249.3755840407,103.888403271375,828
"101",93641,-23.8788738250732,-46.6368675231934,0.002963128092233,6.44158280920237e-05,3.63653161912225e-05,15356.7938951304,152.641630677723,547
"102",93642,-23.869743347168,-46.5993270874023,0.0038902982196305,8.45717004267499e-05,4.57486785307992e-05,13091.5573642448,155.855097094433,594
"103",93643,-23.8606567382812,-46.5618934631348,0.0054367835400626,0.0001181909465231,5.98742517468054e-05,11808.0760313794,43.4867485015574,934
"104",93644,-23.8516139984131,-46.5245666503906,0.0070768995210528,0.000153845641762,7.61317132855766e-05,10979.8475092172,71.9955814940685,672
"105",93645,-23.8426132202148,-46.4873352050781,0.0093779284798074,0.0002038680104305,9.76665178313851e-05,7488.59995570346,46.0779740144835,692
"106",93646,-23.8336524963379,-46.4502067565918,0.0125397677766159,0.0002726036473177,0.0001224736479343,4844.76968971741,39.6999056483531,1052
"107",93647,-23.8247337341309,-46.4131736755371,0.0153188154799864,0.0003330177278257,0.0001421105698682,4641.67083081226,22.9409972507861,679
"108",93648,-23.8158550262451,-46.3762359619141,0.0194046908291057,0.0004218411049805,0.0001381901820423,2860.14046063539,3.01203169532454,967
"109",93649,-23.807014465332,-46.3393898010254,0.0146047243033536,0.0003174940065946,0.0001406175579177,5102.22093301662,9.67399524327325,919
"110",93650,-23.7982139587402,-46.3026351928711,0.0103905741125345,0.0002258820459246,9.80774129857309e-05,8651.99584293745,9.30356336649878,585
"111",93651,-23.7894535064697,-46.2659683227539,0.0078182488505262,0.0001699619315331,8.60593499965034e-05,12426.5376400124,6.23816194656946,596
"112",93652,-23.7807292938232,-46.2293853759766,0.0051224937778897,0.0001113585603889,5.5371034250129e-05,16263.5103518007,0.31064271537417,680
"113",93653,-23.7720413208008,-46.1928901672363,0.0054171393421711,0.0001177638987428,5.50951845070813e-05,20121.367758489,0.747763143956138,630
"114",93654,-23.763391494751,-46.1564750671387,0.005020367578254,0.0001091384256142,5.04809904668946e-05,23939.4584589777,3.7173823836238,529
"115",93655,-23.7547760009766,-46.1201400756836,0.0065099445346277,0.0001415205333614,5.8745572459884e-05,27747.4165381762,24.1605331255609,597
"116",93656,-23.7461986541748,-46.0838813781738,0.0041157260420732,8.94723052624613e-05,4.12093104387168e-05,31566.1980472448,14.3841648005028,868
"117",93657,-23.7376537322998,-46.0476989746094,0.0021221212664386,4.61330710095353e-05,3.13864729832858e-05,34360.0339386959,5.53929477549917,719
"118",93658,-23.7291450500488,-46.0115928649902,0.002179615345085,4.73829422844574e-05,3.02485168504063e-05,36756.2333908803,0.107489667993316,707
"119",93659,-23.7206687927246,-45.9755554199219,0.0036802469112444,8.00053676357493e-05,4.52515196229797e-05,39381.9841121449,0.143179481728964,826
"120",93660,-23.7122268676758,-45.9395904541016,0.0002403717026027,5.2254717957112e-06,2.54036713158712e-05,42192.0628876545,0.155591828359231,587
"121",93661,-23.7038173675537,-45.9036903381348,0.0016464281434309,3.57919161615428e-05,2.82870569208171e-05,45065.9013696473,4.68539146790369,624
"122",93662,-23.6954383850098,-45.8678588867188,0.0022999109132797,4.99980633321684e-05,3.14395110763144e-05,44754.4560553388,49.1300613295673,577
"123",93663,-23.6870937347412,-45.8320922851562,0.0015199865883914,3.30431867041625e-05,2.9850200007786e-05,44771.7425568504,0.746473237083018,1041
"124",93664,-23.6787796020508,-45.79638671875,0.0016989886644296,3.69345361832529e-05,3.06138535961509e-05,41334.660466867,0.98629739685302,1034
"125",93665,-23.6704959869385,-45.7607421875,0.0006193598328536,1.34643441924709e-05,2.39687888097251e-05,37535.9286995737,0.706131503265849,574
"126",93668,-23.6458225250244,-45.6541557312012,0.0006909112707944,1.50198102346621e-05,2.51100045716157e-05,26198.6429697336,0.287307119820616,577
"127",93671,-23.621410369873,-45.5480461120605,6.54994425985933e-05,1.42390092605638e-06,2.44928196480032e-05,14995.4484524258,1.09157693238319,660
"128",93672,-23.6133289337158,-45.5127716064453,0.0029744507919531,6.46619737381116e-05,2.87150924123125e-05,11330.1613280252,0.937949172478499,946
"129",93673,-23.6052722930908,-45.4775466918945,0.0002078197567243,4.51782079835539e-06,2.10895650525345e-05,7768.4324109781,59.0107621850731,688
"130",93675,-23.589241027832,-45.4072227478027,0.0004127184292883,8.97213976713829e-06,1.99242840608349e-05,3030.53646685973,580.614781731525,989
"131",93677,-23.5733108520508,-45.3370628356934,0.0019330514260218,4.20228570874315e-05,2.15502459468553e-05,8394.58540204599,236.144916865293,687
"132",93678,-23.5653820037842,-45.3020401000977,0.0001867667269834,4.06014623877127e-06,1.73117296071723e-05,11959.1754850892,197.660614871944,645
"133",93679,-23.5574798583984,-45.2670555114746,0.0012179718978586,2.64776499534491e-05,2.03730196517427e-05,15600.5525738617,102.584825858692,1030
"134",93680,-23.5496006011963,-45.2321014404297,0.0002393662189206,5.20361345479614e-06,1.78212121682009e-05,19273.4996182908,140.784447121792,932
"135",94037,-23.9922275543213,-47.3049354553223,0.0018222521321149,3.96141767851077e-05,2.99853581964271e-05,51195.3133939163,1.54048388982486,701
"136",94038,-23.982250213623,-47.2652359008789,0.00154643143469,3.36180746671744e-05,2.78905608865898e-05,47514.2519130859,1.73460126543294,614
"137",94039,-23.9723281860352,-47.2256851196289,0.0042077264079125,9.14723132154904e-05,4.67835307063069e-05,43953.6129680532,2.44625583527596,613
"138",94040,-23.9624614715576,-47.1862831115723,0.0024069904175121,5.23258786415681e-05,3.4019223676296e-05,40539.9479373528,17.5492750934925,754
"139",94041,-23.9526500701904,-47.1470222473145,0.0021531110905925,4.6806762838969e-05,3.23338827001862e-05,37307.5709402362,102.30091356614,550
"140",94042,-23.942892074585,-47.1079025268555,0.0015889797505224,3.4543038054835e-05,2.83845729427412e-05,34301.7736479116,112.551003516516,812
"141",94043,-23.9331874847412,-47.0689239501953,0.0022598389987251,4.9126934754895e-05,3.15319521178026e-05,31581.0498841504,418.807375573175,660
"142",94044,-23.9235343933105,-47.0300788879395,0.0014130973577266,3.07195077766664e-05,2.63584242929937e-05,29217.9642833321,186.035766781716,593
"143",94045,-23.913932800293,-46.9913635253906,0.0015852467404329,3.44618856615853e-05,2.82681212411262e-05,27298.6595045705,80.5021868204141,575
"144",94046,-23.9043827056885,-46.9527816772461,0.0034230459132231,7.44140415918082e-05,4.3407973862486e-05,25914.9398007872,63.8196018879121,885
"145",94047,-23.8948802947998,-46.9143257141113,0.0016213741182582,3.52472634403966e-05,2.96878606604878e-05,25147.7076623115,34.2917424108335,534
"146",94048,-23.8854274749756,-46.8759956359863,0.0024672022118466,5.36348306923173e-05,3.36123521265108e-05,25046.9564187197,73.5558237092618,992
"147",94049,-23.8760242462158,-46.8377876281738,0.0005165590573597,1.12295447252109e-05,2.308723560418e-05,25422.5549003221,213.221305422317,1003
"148",94050,-23.8666667938232,-46.7997016906738,0.0011969106890319,2.60197975876508e-05,2.31227604672313e-05,23311.83955469,718.508362174788,608
"149",94051,-23.8573570251465,-46.7617301940918,0.0012353869497019,2.68562380369985e-05,2.40255612879992e-05,20339.7223335277,659.452505589044,587
"150",94052,-23.8480930328369,-46.7238731384277,0.0032467642304254,7.05818310962059e-05,3.2810763514135e-05,17817.0883820403,1392.84727035667,654
"151",94053,-23.8388767242432,-46.6861305236816,0.0034036068827845,7.39914539735764e-05,3.82208127120975e-05,15107.0504671344,761.185562828923,998
"152",94054,-23.8297023773193,-46.6484985351562,0.0030320837686304,6.59148645354435e-05,3.71850146621e-05,11522.3303912439,223.618686789124,662
"153",94055,-23.8205738067627,-46.6109733581543,0.004899763254798,0.0001065165924956,5.38883541594259e-05,8368.37571563511,79.1559370877022,998
"154",94056,-23.811487197876,-46.5735549926758,0.0103427476715297,0.0002248423406854,0.0001030641433317,6302.75360013874,266.39122286766,1008
"155",94057,-23.8024444580078,-46.5362434387207,0.0076594104175455,0.0001665089221205,7.99165136413649e-05,6447.09157347412,525.254962978003,603
"156",94058,-23.7934436798096,-46.4990272521973,0.0101199411728885,0.0002199987211497,0.000107822503196,7714.05487386075,759.739852431753,979
"157",94059,-23.7844829559326,-46.4619140625,0.0111783950414974,0.0002430085878586,0.0001089397119358,10138.9347378864,278.74352733891,593
"158",94060,-23.7755641937256,-46.4248962402344,0.0108609805756714,0.0002361082733841,0.0001045245444402,9130.54742772171,547.0624103131,637
"159",94061,-23.7666854858398,-46.3879699707031,0.0098124068754259,0.000213313192944,9.05607739696279e-05,8453.98411722312,911.170120422234,699
"160",94062,-23.7578468322754,-46.3511390686035,0.0100163754541427,0.0002177472924813,0.0001023174409056,9525.89760084277,155.350214924966,811
"161",94063,-23.7490482330322,-46.3143997192383,0.0103572272055317,0.0002251571131637,0.0001148420633398,11871.6986925837,47.6845691801283,596
"162",94064,-23.7402858734131,-46.2777442932129,0.0093722018646076,0.0002037435187958,9.4388669822365e-05,14894.1286707974,29.7702098221976,795
"163",94065,-23.7315616607666,-46.2411804199219,0.0071268552856054,0.0001549316366435,7.15556889190339e-05,18253.4217775287,28.8096317628602,764
"164",94066,-23.7228755950928,-46.2046966552734,0.0063564598676748,0.0001381839101668,6.26731052761897e-05,21789.7834456663,46.1098997026594,668
"165",94067,-23.714225769043,-46.1682968139648,0.0061337263323366,0.0001333418767899,5.92085270909593e-05,23877.9953759652,19.0102314843002,574
"166",94068,-23.7056121826172,-46.1319732666016,0.0059230190236121,0.000128761283122,5.6814245908754e-05,25536.875256219,21.23368631441,567
"167",94069,-23.6970329284668,-46.0957298278809,0.0050892429280793,0.0001106357158278,5.10797071910929e-05,27642.6357047887,29.8071614705285,926
"168",94070,-23.6884899139404,-46.0595626831055,0.0029583543509943,6.43120511085726e-05,3.71923633792903e-05,30098.6079587266,3.16836060568508,994
"169",94071,-23.6799812316895,-46.0234680175781,0.0013254284349386,2.88136616291013e-05,2.71799490292324e-05,32823.4633550777,1.79247735550119,563
"170",94072,-23.6715068817139,-45.9874496459961,0.0002827764765243,6.1473147070501e-06,2.44339153141482e-05,35752.7563768397,1.16357072177064,621
"171",94073,-23.663064956665,-45.9514961242676,0.002285733273311,4.96898537676316e-05,3.28832538798451e-05,38838.731871236,1.48839728913424,616
"172",94074,-23.654655456543,-45.9156112670898,0.003350421655341,7.28352533769794e-05,4.10407810704783e-05,39496.7454184541,1.72701548671088,702
"173",94077,-23.6296195983887,-45.808349609375,0.0016942448783083,3.68314103980083e-05,2.92297081614379e-05,39587.834028932,2.49606197772072,955
"174",94078,-23.6213359832764,-45.7727203369141,0.0029922709072707,6.50493675493635e-05,3.69798908650409e-05,38296.2505561274,6.05537440917459,691
"175",94080,-23.6048603057861,-45.7016334533691,0.0002230982054243,4.84996098748525e-06,2.29456345550716e-05,30943.8085731952,4.93813188921705,621
"176",94081,-23.5966663360596,-45.6661720275879,0.0018366402946412,3.99269629269838e-05,2.67685936705675e-05,27326.2012902251,4.22367710921781,1041
"177",94082,-23.5885009765625,-45.6307640075684,0.0007982050628925,1.73522839759244e-05,2.33045975619461e-05,23767.3996894767,4.33024910401665,564
"178",94083,-23.5803661346436,-45.5954093933105,0.0005254229272395,1.14222375486861e-05,2.22942016989691e-05,20294.8815002456,9.2269564817536,643
"179",94084,-23.5722560882568,-45.5601043701172,0.0007670776794839,1.66756017279113e-05,2.33234768529655e-05,16957.3912515513,11.8717366500154,741
"180",94085,-23.5641746520996,-45.524845123291,0.0002504868680262,5.44536669622175e-06,2.09592490136856e-05,13847.7137891197,6.31476193723943,850
"181",94086,-23.5561199188232,-45.489631652832,0.0009229971619788,2.00651556951925e-05,2.18584355025087e-05,11152.6622209286,4.40612832217309,620
"182",94087,-23.5480918884277,-45.4544639587402,0.0011830666553578,2.5718840333866e-05,2.20903111767257e-05,9235.86420405852,6.31688045816999,947
"183",94088,-23.5400905609131,-45.4193382263184,0.0002659278734427,5.78104072701535e-06,2.09706358873518e-05,8625.31096080429,9.35112430623556,815
"184",94089,-23.5321140289307,-45.3842506408691,0.0005302445297274,1.1527054994076e-05,2.01128077605972e-05,9568.74226199748,44.4432002965367,863
"185",94091,-23.5162353515625,-45.3141975402832,0.0001198884024233,2.60626961789967e-06,2.1856958483113e-05,14480.3917661118,1.76652984385188,701
"186",94092,-23.5083332061768,-45.2792205810547,0.0024613656496512,5.35079489054624e-05,2.88444098259788e-05,17619.7396852343,43.6712331272442,564
"187",94094,-23.4925975799561,-45.2093734741211,0.0011789447307819,2.56292332778685e-05,2.28716107812943e-05,24391.9635974721,124.713251473506,644
"188",94095,-23.4847660064697,-45.1744956970215,0.000400762864956,8.71223619469674e-06,1.97091503650881e-05,27902.5308499169,122.531195532932,587
"189",94096,-23.4769554138184,-45.1396484375,0.0005742934044974,1.24846392282052e-05,2.08825658774003e-05,31457.6935245061,208.911130990567,575
"190",94112,-23.3547477722168,-44.5846099853516,0.0004788264450326,1.04092705441872e-05,1.83307365659857e-05,48461.6366644245,14.8388861221938,869
"191",94446,-23.9835338592529,-47.4765892028809,0.0005664894270012,1.23149875435047e-05,2.12282047868939e-05,50865.8565537401,12.4651786366077,544
"192",94447,-23.9733238220215,-47.436279296875,0.0011621630874287,2.52644149441039e-05,2.3209429855342e-05,49714.6264783331,3.85359414461025,676
"193",94448,-23.9631729125977,-47.3961296081543,0.0010880444206122,2.36531395785278e-05,2.41400339291431e-05,48925.8411104026,3.77911677268078,680
"194",94449,-23.9530792236328,-47.3561401367188,0.0016883673160919,3.67036373063456e-05,2.51456440309994e-05,48512.2349990567,0.630187092655546,703
"195",94450,-23.9430446624756,-47.3163070678711,0.0017256773353437,3.75147246813867e-05,2.48423548327992e-05,48464.9237931074,0.735492934191958,971
"196",94451,-23.9330673217773,-47.2766227722168,0.0012047677155351,2.61906025116332e-05,2.48742180701811e-05,44587.0408062875,1.4018826736238,719
"197",94452,-23.9231452941895,-47.2370910644531,0.0053077466000104,0.0001153857956524,5.55900514882524e-05,40801.939232092,2.39436927145769,1033
"198",94453,-23.9132804870605,-47.1977005004883,0.0023371225324808,5.08070115756709e-05,3.38201716658659e-05,37131.5421717656,2.94661756552661,579
"199",94454,-23.9034690856934,-47.1584587097168,0.003336288864375,7.25280187907629e-05,4.07729276048485e-05,33607.6643124031,7.43452382010263,978
"200",94456,-23.8840045928955,-47.0803871154785,0.0013023156352574,2.83112094621174e-05,2.62899793597171e-05,27193.1376438961,36.2216549226572,710
"201",94457,-23.8743515014648,-47.0415573120117,0.0023432865928043,5.09410128870513e-05,3.44151339959353e-05,24453.3491414268,36.9966883469385,1066
"202",94458,-23.8647499084473,-47.0028610229492,0.0007342009339481,1.59608898684382e-05,2.51783967541996e-05,22172.3871500457,57.8642854149573,557
"203",94459,-23.8551998138428,-46.9642944335938,0.0032778081076685,7.12566979927942e-05,4.07092920795549e-05,20494.8969206192,163.963880431959,669
"204",94460,-23.8456974029541,-46.925853729248,0.002737798000453,5.95173478359357e-05,3.66408276022412e-05,19567.0799436518,214.38295733306,959
"205",94461,-23.8362445831299,-46.8875389099121,0.0030485507159028,6.62728416500613e-05,3.86482861358672e-05,19487.5842450563,80.2055880268037,598
"206",94462,-23.8268413543701,-46.8493461608887,0.0032244665781036,7.00970995239913e-05,3.74138362531085e-05,19967.5075539366,268.760684321217,811
"207",94463,-23.8174858093262,-46.8112716674805,0.0040540948102716,8.81324958754703e-05,3.99874916183762e-05,19180.005785492,758.601930542475,660
"208",94464,-23.8081760406494,-46.7733192443848,0.0022811762464698,4.95907879667357e-05,3.18260899803136e-05,16510.518099145,256.870088472889,698
"209",94465,-23.7989120483398,-46.7354774475098,0.0019253455975558,4.18553390773013e-05,2.43971135205356e-05,13348.2074903445,2071.45875426372,614
"210",94466,-23.7896938323975,-46.6977500915527,0.0030965214100433,6.73156828270294e-05,3.02568078041077e-05,10810.6868458274,6127.96357349913,786
"211",94467,-23.7805213928223,-46.6601333618164,0.0040334451914532,8.76835911185481e-05,3.76228672394063e-05,9400.89179674376,4422.73585723156,602
"212",94468,-23.771390914917,-46.6226234436035,0.0074230708996765,0.0001613711065147,7.0914400566835e-05,5595.26453591951,2919.8962784838,639
"213",94469,-23.7623062133789,-46.5852203369141,0.0100017888180446,0.0002174301916966,8.09859848232009e-05,1631.90553139055,3229.94755460319,553
"214",94470,-23.7532634735107,-46.5479202270508,0.0128177084261551,0.0002786458353511,0.0001029855629894,1000.32325421988,4643.25712517605,859
"215",94471,-23.7442626953125,-46.5107192993164,0.0110664137755521,0.000240574212512,0.000105158338556,3688.17854971725,4845.31887521983,677
"216",94472,-23.7353038787842,-46.4736213684082,0.0102326433698181,0.000222448768909,9.88685569609515e-05,6507.37045130727,1531.18863168602,639
"217",94473,-23.7263851165771,-46.4366149902344,0.0108302021108102,0.0002354391763219,9.31036702240817e-05,9779.52339499358,1550.65941797749,1023
"218",94474,-23.7175064086914,-46.3997077941895,0.0117251760093495,0.000254895130638,9.58617820288055e-05,11069.6998848561,2312.72604190699,925
"219",94475,-23.708667755127,-46.3628883361816,0.0134837656514719,0.0002931253402493,0.0001181776169687,13034.3950229408,913.492289111838,614
"220",94476,-23.6998691558838,-46.3261642456055,0.0114289570483379,0.0002484555880073,0.0001153873236035,15752.6052946604,301.452104973232,1023
"221",94477,-23.6911067962646,-46.2895240783691,0.0092708913143724,0.0002015411155298,8.14562663435936e-05,16949.6688035302,118.809539051782,552
"222",94478,-23.6823844909668,-46.2529716491699,0.0084412430005613,0.0001835052826208,7.41012991056778e-05,16711.0724705284,134.107931044443,1005
"223",94479,-23.673698425293,-46.2165031433105,0.0078612818033434,0.0001708974305074,7.05449274391867e-05,17373.3119372985,149.100994776088,685
"224",94480,-23.6650485992432,-46.180118560791,0.0082599767192732,0.0001795647112885,7.52233681851067e-05,18835.7744148865,162.066858763507,1031
"225",94481,-23.6564350128174,-46.1438102722168,0.0086553809233009,0.0001881604548543,7.32279295334592e-05,20926.7467868261,74.9806977739808,588
"226",94482,-23.6478576660156,-46.1075820922852,0.0063209990330506,0.0001374130224576,5.63774119655136e-05,23474.2634968326,88.0952197075743,628
"227",94483,-23.6393146514893,-46.0714263916016,0.0038524821429746,8.37496118037961e-05,4.24870559072588e-05,26342.8542140615,17.6684907631424,849
"228",94484,-23.6308059692383,-46.0353469848633,0.0017152245054603,3.72874892491382e-05,2.91878805001033e-05,29435.1948887536,56.7773456217592,1047
"229",94486,-23.6138896942139,-45.9634017944336,0.0010434681098558,2.26840893446933e-05,2.55832619586727e-05,34479.4268958114,13.2097872394092,595
"230",94489,-23.5887603759766,-45.8559913635254,0.0006977562661631,1.51686144818086e-05,2.62747817032505e-05,33601.5815806339,7.94401066039619,965
"231",94490,-23.5804481506348,-45.8203125,0.0022352697778842,4.85928212583531e-05,3.07452974084299e-05,34083.7927774169,11.8899945983663,1050
"232",94492,-23.5639133453369,-45.749137878418,0.0014035347303433,3.05116245726822e-05,2.73134974122513e-05,36250.016097468,14.7539917807293,973
"233",94493,-23.5556907653809,-45.7136383056641,0.0001224907218784,2.66284177996567e-06,2.35638981394004e-05,32860.7874194145,7.45533785439318,835
"234",94496,-23.5311965942383,-45.6074562072754,0.0012564700809889,2.73145669780206e-05,2.21873742702883e-05,23166.3680163011,6.8479809174122,606
"235",94499,-23.5069541931152,-45.5017166137695,0.0014696912767249,3.19498103635851e-05,2.36425494222203e-05,15851.5418261969,6.71350492712562,637
"236",94502,-23.4829502105713,-45.3963775634766,0.0003496303370411,7.60065950089484e-06,1.87128916877555e-05,14838.4829202463,5.896752062036,747
"237",94503,-23.4750003814697,-45.3613471984863,0.0007564245352114,1.64440116350306e-05,1.82046460395213e-05,16303.3288829623,16.0795334778563,621
"238",94506,-23.4512939453125,-45.256462097168,0.0007540328952018,1.63920194609091e-05,2.09589707083069e-05,23859.0770223442,4.15843158528685,715
"239",94507,-23.4434394836426,-45.2215690612793,0.0006133070164651,1.33327612275025e-05,2.21578266064171e-05,26937.6575447292,11.3100427053059,575
"240",94508,-23.4356079101562,-45.1867065429688,0.0019548721393221,4.24972204200458e-05,2.96933812933275e-05,30157.9822969369,1.99781350602226,848
"241",94509,-23.4277992248535,-45.1518707275391,0.0017386187828378,3.77960604964755e-05,2.4456614482915e-05,33478.2578745398,57.0372279627368,677
"242",94510,-23.4200134277344,-45.1170616149902,6.7968689791087e-05,1.47758021284972e-06,1.91380222531734e-05,36870.4983338012,610.772524044365,1015
"243",94511,-23.4122486114502,-45.0822792053223,5.39351826773782e-05,1.17250397124735e-06,1.86740307981381e-05,40315.7534586305,587.900433412819,777
"244",94512,-23.404504776001,-45.0475196838379,0.0010520780306251,2.28712615353288e-05,2.06476215680595e-05,43801.0265880361,241.53854001557,587
"245",94519,-23.350866317749,-44.8047218322754,7.33448018763738e-05,1.59445221470378e-06,1.98631314560771e-05,64377.688472093,13.1558894913185,1089
"246",94520,-23.3432788848877,-44.770092010498,5.11296150307317e-05,1.1115133702333e-06,2.08253659366164e-05,61016.7607887416,16.8710260074292,594
"247",94524,-23.3131084442139,-44.6316452026367,0.0001769844357113,3.84748773285537e-06,1.83260690391762e-05,48077.9704403807,21.0792900980139,633
"248",94526,-23.2981243133545,-44.5624389648438,0.0009115533030126,1.98163761524484e-05,1.8143635315937e-05,42067.6110325252,14.6631656188985,546
"249",94527,-23.2906551361084,-44.5278358459473,0.0001280755732295,2.7842515919474e-06,1.58729435497662e-05,39238.7595675633,14.570760093804,662
"250",94571,-22.9727249145508,-42.9789619445801,0.0009212543263856,2.00272679649061e-05,1.4648906471848e-05,17974.0896922713,3255.74470549694,997
"251",94572,-22.9656372070312,-42.9425621032715,0.0008104161242954,1.76177418325096e-05,1.4254483176046e-05,17536.4026045532,1377.98958895973,658
"252",94573,-22.9585494995117,-42.9060745239258,0.0010973800417559,2.38560878642602e-05,1.60086856340058e-05,17523.8943247769,625.727662317922,1032
"253",94574,-22.9514617919922,-42.8695068359375,0.0011329290682624,2.46288927883143e-05,1.51973245010595e-05,18349.3036382968,1374.57471860215,898
"254",94577,-22.9302062988281,-42.75927734375,0.0010702509971451,2.32663260248955e-05,1.75705208675936e-05,20885.2929681201,317.991363681733,578
"255",94578,-22.9231224060059,-42.7223510742188,0.0007726817129878,1.67974285432138e-05,1.64015236805426e-05,20722.6262943717,280.812346781302,755
"256",94579,-22.916036605835,-42.6853294372559,0.0002574449899839,5.59663021704182e-06,1.58503426064271e-05,21293.6200248387,122.027530348388,855
"257",94580,-22.9089508056641,-42.6482124328613,0.0001793438405002,3.89877914130921e-06,1.55118796101306e-05,22547.8449752348,87.5004477688781,625
"258",94581,-22.9018650054932,-42.6109962463379,0.0008403740866924,1.82690018846188e-05,1.4899616871844e-05,24385.0418765865,91.591506580006,572
"259",94582,-22.8947772979736,-42.5736808776855,0.0004407057549542,9.58055989030981e-06,1.47419341374189e-05,26689.4041443082,70.4471765539856,717
"260",94583,-22.8876876831055,-42.536262512207,0.0009283497565775,2.01815164473373e-05,1.47498512887978e-05,29355.5240385804,142.274997512815,586
"261",94860,-23.9241123199463,-47.4475555419922,0.0002921716522905,6.35155765849049e-06,2.13253042602446e-05,44215.7558698815,6.83405575325446,910
"262",94861,-23.9139595031738,-47.4074249267578,0.0022535656607942,4.89905578433536e-05,2.82913570117671e-05,43356.4763571025,5.2094942967085,586
"263",94862,-23.9038677215576,-47.3674507141113,0.000647082206342,1.40670044856961e-05,2.26998254220234e-05,42918.7646797422,2.43486990050185,706
"264",94863,-23.8938331604004,-47.3276329040527,0.0006229074224393,1.35414657052024e-05,2.34337749134284e-05,42909.8828910326,0.955632851355486,741
"265",94864,-23.8838558197021,-47.2879638671875,0.0016670933255227,3.62411592504941e-05,2.86082849925151e-05,42195.5392079513,4.37750488144338,584
"266",94865,-23.8739337921143,-47.2484474182129,0.0024806406800053,5.39269713044632e-05,3.17085396090988e-05,38206.8910376726,6.46018909132787,972
"267",94866,-23.8640670776367,-47.2090759277344,0.002202599956945,4.7882607759675e-05,3.04801615129691e-05,34295.4776869618,5.32628605076303,594
"268",94867,-23.8542556762695,-47.1698455810547,0.0012193983639008,2.65086600848008e-05,2.66095812548883e-05,30484.0351559176,4.20103971316295,1000
"269",94868,-23.8444976806641,-47.1307601928711,0.003166651862557,6.88402578816749e-05,4.04115489800461e-05,26807.9315686063,16.3222305923895,720
"270",94869,-23.8347930908203,-47.0918083190918,0.001627846264455,3.53879622707609e-05,2.92165714199655e-05,23321.8145163524,27.3408561572384,1082
"271",94870,-23.8251399993896,-47.0529937744141,0.0001573200620441,3.42000134878617e-06,2.45690462179482e-05,20115.3875975281,24.344313328557,539
"272",94871,-23.8155384063721,-47.0143127441406,0.0023098571837181,5.02142866025679e-05,3.34038049913943e-05,17333.330056106,16.3404052129749,677
"273",94872,-23.8059864044189,-46.9757614135742,0.0003490736153253,7.58855685489834e-06,2.46900126512628e-05,15197.864052015,35.9062927053318,702
"274",94873,-23.7964859008789,-46.9373359680176,0.0027555193810258,5.99025952396914e-05,3.7116577004781e-05,13995.3600763116,85.0522994372778,832
"275",94874,-23.7870330810547,-46.8990364074707,0.0014821952790953,3.22216365020722e-05,2.58411346294452e-05,13955.9992744154,102.588077254186,722
"276",94875,-23.7776298522949,-46.8608589172363,0.0019106798063148,4.15365175285842e-05,2.9281905881362e-05,14615.4727371561,129.539426676976,933
"277",94876,-23.768274307251,-46.8228034973145,0.0030020627164049,6.52622329653241e-05,3.386925891391e-05,13590.9205325286,1039.29589971017,1059
"278",94877,-23.7589645385742,-46.7848625183105,0.0016084299932117,3.49658694176469e-05,2.34202288993401e-05,13752.5366669256,1198.65623459196,711
"279",94878,-23.7497005462646,-46.7470359802246,0.002219610280008,4.82523973914795e-05,2.91113155981293e-05,10071.1275412102,2479.69061797303,570
"280",94879,-23.7404842376709,-46.7093238830566,0.0039902274875203,8.6744075815659e-05,3.221456790925e-05,6477.57533611229,7754.39495121163,1024
"281",94880,-23.7313098907471,-46.6717224121094,0.0064349335734732,0.0001398898602928,4.69739788968582e-05,3904.21239953838,10913.5231184607,773
"282",94881,-23.7221813201904,-46.6342277526855,0.0122919495915994,0.0002672162954695,8.98680882528424e-05,4581.2033984214,8794.0953808301,811
"283",94882,-23.7130966186523,-46.5968399047852,0.0141776627278887,0.0003082100593019,9.59836979745887e-05,3844.73789649808,11152.4142528282,649
"284",94883,-23.7040538787842,-46.5595512390137,0.0136821374762803,0.0002974377712234,8.63841632963158e-05,1617.40535236814,9204.05320739804,785
"285",94884,-23.6950531005859,-46.5223693847656,0.0147357302485034,0.0003203419619239,9.38883604248986e-05,2927.89493958548,11550.9410235906,570
"286",94885,-23.6860942840576,-46.4852828979492,0.0137999899452552,0.0002999997814185,9.25326094147749e-05,3283.68355265669,7367.80307533564,619
"287",94886,-23.6771755218506,-46.4482955932617,0.0128941297880374,0.0002803071693051,9.04914268176071e-05,4668.41887060219,9499.36839258782,915
"288",94887,-23.6682987213135,-46.4113998413086,0.0100706648372579,0.0002189274964621,8.34918755572289e-05,6324.15606770485,5841.37930415999,647
"289",94888,-23.659460067749,-46.3745956420898,0.0103546279715374,0.0002251006080769,9.4186092610471e-05,9423.42071525789,1266.14257880734,627
"290",94889,-23.6506614685059,-46.3378868103027,0.0114173672627658,0.000248203636147,9.69424945651554e-05,12970.6789714858,870.992670002532,835
"291",94890,-23.6419010162354,-46.3012619018555,0.0096111794409807,0.0002089386834995,7.87878088885918e-05,11435.7195954678,912.669353281903,601
"292",94891,-23.6331787109375,-46.2647247314453,0.008734139119042,0.0001898725895443,7.16477879905142e-05,11139.9765952648,178.781063493281,1039
"293",94892,-23.6244926452637,-46.2282676696777,0.0072363778890576,0.0001573125628056,6.1996113799978e-05,12164.9104929748,232.101854758169,587
"294",94893,-23.6158428192139,-46.19189453125,0.0084390668198466,0.0001834579743444,7.8991120972205e-05,14220.1506025297,210.146886425032,747
"295",94894,-23.6072311401367,-46.1556053161621,0.0073331847961526,0.0001594170607859,6.33979580015875e-05,16928.2269120637,162.352143356209,1047
"296",94895,-23.598653793335,-46.1193885803223,0.0047218445834005,0.0001026487952913,4.55014233011752e-05,20021.4843944868,84.9411915038856,537
"297",94896,-23.5901107788086,-46.0832481384277,0.004853195263422,0.000105504244857,4.43857570644468e-05,23342.8438462973,194.315655570252,634
"298",94897,-23.5816020965576,-46.0471839904785,0.002610786963487,5.67562383366749e-05,2.84963971353136e-05,25580.0809870982,420.350376781631,667
"299",94898,-23.5731296539307,-46.0111923217773,0.0021128982698428,4.59325710835401e-05,2.63904094026657e-05,27782.8041151362,444.287441121169,725
"300",94900,-23.5562801361084,-45.9394111633301,0.0020393325175973,4.43333155999426e-05,3.03954002447426e-05,28391.4468828937,50.5109391555081,961
"301",94902,-23.5395622253418,-45.8678970336914,0.0019911159906769,4.32851302321069e-05,2.70745567831909e-05,28025.3541080207,125.142448125392,872
"302",94903,-23.5312480926514,-45.8322334289551,0.0015524664704571,3.37492710968945e-05,2.59885455307085e-05,28617.5840752218,124.891162304294,1100
"303",94904,-23.5229682922363,-45.796630859375,0.0008849731566442,1.9238546883571e-05,2.55350441875635e-05,29691.2933614936,25.7680335157793,545
"304",94905,-23.5147151947021,-45.7610855102539,0.0016147916903719,3.51041671819985e-05,2.69251158897532e-05,31193.833710831,17.527147023425,894
"305",94906,-23.5064945220947,-45.7255973815918,0.0009955468667612,2.16423231904628e-05,2.3426398911397e-05,33065.0047326212,9.06337138373172,784
"306",94908,-23.4901390075684,-45.65478515625,0.0016789716173661,3.64993829862215e-05,2.46894305746537e-05,29590.226400883,9.44916057239893,841
"307",94909,-23.4820041656494,-45.619457244873,0.0009748604315973,2.11926180782029e-05,1.95073625945952e-05,26910.6708754441,10.2321953318804,617
"308",94910,-23.4738960266113,-45.5841789245605,0.0019113408270641,4.15508875448722e-05,2.2440934117185e-05,24523.1117568732,15.5033778570939,583
"309",94911,-23.4658164978027,-45.5489463806152,0.0007866130181355,1.71002830029465e-05,2.11562655749731e-05,22517.3238797987,7.304027655298,826
"310",94912,-23.457763671875,-45.5137634277344,0.0021381594706326,4.64817276224494e-05,2.41475245275069e-05,21000.4772392462,4.10590600414216,893
"311",94915,-23.4337615966797,-45.4084625244141,0.000302124679365,6.56792781228432e-06,2.01668008230627e-05,20292.3008945437,14.8835693849899,607
"312",94916,-23.4258117675781,-45.3734436035156,0.0010653860517777,2.31605663429946e-05,1.88476878975052e-05,21399.4239016737,3.2849177618043,1045
"313",94918,-23.4099864959717,-45.3035163879395,0.0007174338497861,1.55963880388299e-05,2.05148826353252e-05,25169.4529838238,4.89349147628667,624
"314",94919,-23.4021091461182,-45.2686004638672,0.0003615804416767,7.8604443842778e-06,1.96882137970533e-05,27617.8600870211,5.21550861055422,735
"315",94922,-23.3786182403564,-45.1640472412109,4.10541919109164e-05,8.92482432846009e-07,1.96645069081569e-05,36266.8417381293,2.41585077949984,717
"316",94923,-23.3708324432373,-45.1292533874512,0.0016203958075493,3.52259958162904e-05,2.45237933995668e-05,39422.9518413923,33.0088328167156,618
"317",94925,-23.3553256988525,-45.0597381591797,0.0021936786870355,4.7688667109469e-05,2.6898209398496e-05,45974.41931311,9.6845747919973,1065
"318",94926,-23.3476047515869,-45.0250129699707,0.0018328197620576,3.98439078708179e-05,2.54219085036311e-05,49336.9821549671,1.29175179454277,606
"319",94928,-23.3322238922119,-44.955623626709,0.0003086727592744,6.71027737553231e-06,1.95651373360306e-05,56181.6818840144,14.8713694171222,733
"320",94929,-23.3245620727539,-44.920955657959,0.0006773770801373,1.47255886986386e-05,1.83900683623506e-05,59649.5884396215,21.3891262300792,709
"321",94930,-23.3169212341309,-44.886302947998,0.0010474848568264,2.27714099310106e-05,2.01570455828914e-05,63054.7628571494,22.3085893578769,1111
"322",94931,-23.3092994689941,-44.8516616821289,0.0006277098636928,1.36458666020189e-05,2.0053812477272e-05,64416.5355190106,9.36766187348368,562
"323",94932,-23.3016948699951,-44.8170356750488,0.0013787241950922,2.99722651107004e-05,2.30423356697429e-05,62329.6365638424,4.27245481522459,680
"324",94933,-23.2941093444824,-44.7824172973633,0.001080353402358,2.3485943529522e-05,1.96319488168228e-05,58853.2901423237,21.7195183760964,607
"325",94934,-23.2865428924561,-44.7478103637695,0.0012829199476982,2.78895640803967e-05,2.03657509700861e-05,55406.6198964703,38.223453845269,863
"326",94937,-23.2639446258545,-44.6440238952637,0.0011086747945228,2.41016259678872e-05,1.97664230654482e-05,45304.458217881,47.9637559654722,993
"327",94938,-23.2564449310303,-44.609432220459,0.0004113737541047,8.9429076979286e-06,1.77745896507986e-05,42046.5981603719,20.9257329405443,653
"328",94946,-23.1970043182373,-44.3326034545898,0.0003128563930658,6.8012259362149e-06,1.74034503288567e-05,21704.7835256701,72.1355660685184,1063
"329",94948,-23.1822853088379,-44.2633018493652,0.0008498209099343,1.84743676072685e-05,1.69174854818266e-05,20468.7762842781,1.62448534456325,575
"330",94949,-23.1749439239502,-44.228630065918,0.0012795906623068,2.7817188311019e-05,1.96145574591355e-05,20827.6614435469,2.00931929260306,730
"331",94950,-23.1676158905029,-44.1939392089844,0.0010798787225212,2.34756244026357e-05,1.88345875358209e-05,21815.5658792095,35.3492389305978,889
"332",94951,-23.1603012084961,-44.1592292785645,0.001273564328585,2.76861810561968e-05,1.82283438334707e-05,23353.5559908211,45.2641396869724,582
"333",94952,-23.1529960632324,-44.1245002746582,0.0009412213366886,2.04613334062742e-05,1.70937200891785e-05,25342.0963412028,35.9649296561028,932
"334",94967,-23.0446376800537,-43.5999221801758,0.0023568104079458,5.12350088683888e-05,1.93604646483436e-05,5211.42602211631,78.7278240325295,797
"335",94968,-23.0374794006348,-43.5646324157715,0.0029934885242255,6.50758374831639e-05,2.33878981816815e-05,6136.60716227782,182.788686696922,671
"336",94969,-23.0303287506104,-43.5292930603027,0.0033672112476779,7.32002445147373e-05,2.51955607382115e-05,5401.57592738801,324.507418456838,1007
"337",94970,-23.0231838226318,-43.4939002990723,0.0047271304065361,0.0001027637044899,3.02295738947578e-05,1664.48530456974,2435.97228568117,594
"338",94971,-23.0160446166992,-43.4584541320801,0.0054264923674054,0.0001179672253783,3.67662141798064e-05,2147.07108226815,3803.0652177861,703
"339",94972,-23.0089111328125,-43.4229507446289,0.0078269207733683,0.0001701504515949,4.69580991193652e-05,3231.80350919557,2878.74738332789,605
"340",94973,-23.0017833709717,-43.387393951416,0.0085542698507197,0.0001859623880591,5.05079187860247e-05,4233.69787053045,3071.49913035264,1080
"341",94974,-22.9946594238281,-43.3517761230469,0.009449270524783,0.0002054189244518,5.93264885537792e-05,5120.65024824699,5853.64164805316,553
"342",94975,-22.9875411987305,-43.3161010742188,0.0061603813664987,0.0001339213340543,3.5719815059565e-05,6767.48278237086,4256.94527791833,746
"343",94976,-22.9804286956787,-43.2803611755371,0.0040774430672172,8.86400666786358e-05,2.81346510746516e-05,3419.09245914798,2533.44006857901,571
"344",94977,-22.9733180999756,-43.244556427002,0.0060847150743939,0.0001322764146607,3.62631617463194e-05,2194.52957868582,7938.10584371209,1071
"345",94978,-22.9662132263184,-43.208683013916,0.0077017759904265,0.0001674299128353,4.30565887654666e-05,3648.77620767734,15999.2475712754,622
"346",94979,-22.9591102600098,-43.1727447509766,0.004647805908462,0.0001010392588796,2.82773016806459e-05,1091.16866551114,13831.1989424256,668
"347",94981,-22.9449157714844,-43.1006546020508,0.0042948613263433,9.33665505726822e-05,2.60685901594115e-05,8027.00940470778,1563.4701891088,595
"348",94982,-22.9378223419189,-43.0644989013672,0.003481282343273,7.56800509407185e-05,2.30199766519945e-05,11837.8791187801,1775.48907567019,913
"349",94983,-22.9307308197021,-43.0282669067383,0.001857338778791,4.03769299737178e-05,1.75036439031828e-05,11841.4599118375,1706.07412516052,950
"350",94984,-22.9236431121826,-42.9919586181641,0.001984816044569,4.31481748819351e-05,1.87562163773691e-05,12525.2356000838,956.711849565448,1101
"351",94985,-22.9165554046631,-42.9555702209473,0.001047401685355,2.27696018555434e-05,1.59152605192503e-05,12011.1604328884,1198.59923195005,1070
"352",94986,-22.9094715118408,-42.9190979003906,0.0005817554083478,1.26468567032134e-05,1.50616178871132e-05,11924.901983881,566.24745057488,607
"353",94987,-22.9023876190186,-42.8825416564941,0.0007673569816688,1.66816735145403e-05,1.74289580172626e-05,13043.9883566931,300.737890285865,792
"354",94988,-22.8953037261963,-42.8459014892578,0.0004216382349113,9.16604858502978e-06,1.52141801663674e-05,15109.3715088263,560.766517336546,737
"355",94989,-22.8882217407227,-42.8091735839844,0.0006547725970449,1.42341868922813e-05,1.63284003065201e-05,16606.6314418045,1246.65631854013,620
"356",94990,-22.8811378479004,-42.7723503112793,0.0017617258927202,3.829838897218e-05,1.84525288204895e-05,15385.0763857304,145.562339714052,993
"357",94991,-22.8740558624268,-42.7354393005371,0.0006610249747609,1.43701081469771e-05,1.65066085173748e-05,15103.710245169,58.3612808888669,532
"358",94992,-22.8669738769531,-42.6984329223633,0.0009146021984633,1.98826564883348e-05,1.63897457241546e-05,15819.5808559104,26.9878405412802,721
"359",94994,-22.8528060913086,-42.6241264343262,0.0017828616546466,3.87578620575368e-05,1.81594041350763e-05,19687.7171999304,141.865769823952,867
"360",94995,-22.8457202911377,-42.5868263244629,0.0022341150834108,4.85677192045841e-05,1.8605624063639e-05,22434.0659463907,173.995234348122,861
"361",94996,-22.8386344909668,-42.5494194030762,0.0003704802493302,8.05391846370185e-06,1.47830360219814e-05,25508.1891942677,84.5532330521123,842
"362",94997,-22.8315448760986,-42.511905670166,0.0007027812789601,1.52778538904386e-05,1.57806607603561e-05,28809.6690602863,114.156470109113,896
"363",95273,-23.8851432800293,-47.4990997314453,0.00049387341096,1.07363784991321e-05,1.80241040652618e-05,40148.0027112389,58.4058029840359,711
"364",95274,-23.8749332427979,-47.4588203430176,0.0005478206949192,1.1909145541722e-05,1.82673084054841e-05,38747.352360201,15.1720056194365,581
"365",95275,-23.8647804260254,-47.4187049865723,0.0019331623770995,4.20252690673806e-05,2.50546381721506e-05,37798.147445555,13.9450334138329,657
"366",95276,-23.8546886444092,-47.3787498474121,0.0023472468601539,5.10271056555212e-05,2.95695499517024e-05,37329.0670123782,10.7091617994433,763
"367",95277,-23.844654083252,-47.3389472961426,0.0033715528988977,7.32946282369085e-05,3.54940639226697e-05,37351.9097641755,12.7795096528918,616
"368",95278,-23.8346767425537,-47.2992935180664,0.0022940144408494,4.98698791489005e-05,2.99076018563937e-05,37860.2130362109,15.4881468893131,957
"369",95279,-23.8247547149658,-47.2597923278809,0.002201614282967,4.78611800645012e-05,2.81348839052953e-05,36295.700491547,21.9470038455232,586
"370",95280,-23.8148899078369,-47.2204360961914,0.0021741956443293,4.72651227028109e-05,2.84161287709139e-05,32190.9677460734,27.5307844540354,781
"371",95281,-23.8050785064697,-47.181224822998,0.0032825035304995,7.13587724021636e-05,3.92706278944388e-05,28138.5048738257,22.3785411557954,593
"372",95282,-23.7953205108643,-47.1421508789062,0.00080784282909,1.7561800632393e-05,2.38978554989444e-05,24155.5747547596,18.8717050926219,994
"373",95283,-23.7856159210205,-47.1032180786133,0.0011608422173594,2.52357003773795e-05,2.65324615611462e-05,20273.9933133595,38.7335669852841,650
"374",95284,-23.7759628295898,-47.0644187927246,0.0018588361999718,4.04094826080836e-05,2.68618823611178e-05,16552.5739681134,52.3960856105101,642
"375",95285,-23.7663612365723,-47.0257530212402,0.0019407868749112,4.21910190198105e-05,2.99217736028368e-05,13114.0825464577,47.3551453838708,598
"376",95286,-23.7568111419678,-46.9872169494629,0.0016076305764727,3.49484907928854e-05,2.89925064862473e-05,10229.1845159167,8.1378954248712,932
"377",95287,-23.7473106384277,-46.9488067626953,0.0008602516500104,1.87011228263145e-05,2.53565067396266e-05,8461.45890747636,38.7928513206937,824
"378",95288,-23.7378578186035,-46.9105224609375,0.0027887325777555,6.06246212555561e-05,3.39423131663352e-05,8515.22778494335,249.053070824742,1123
"379",95289,-23.7284545898438,-46.8723602294922,0.0028502444911282,6.19618367636576e-05,3.11836884065997e-05,9553.06372858212,1247.13638389075,755
"380",95290,-23.7190990447998,-46.8343162536621,0.0024467815237585,5.31909026904032e-05,2.7954140023212e-05,8018.95465169006,2197.00800373463,1102
"381",95291,-23.709789276123,-46.7963905334473,0.0018352494735154,3.98967276851181e-05,2.12417089642258e-05,8403.24936709253,8397.08902925958,607
"382",95292,-23.7005271911621,-46.7585830688477,0.0032708765938878,7.11060129106045e-05,2.95279241981916e-05,7861.88353051379,11665.3685850667,775
"383",95293,-23.6913089752197,-46.7208824157715,0.0069274372071959,0.0001505964610259,4.22250523115508e-05,3916.17522976006,9814.05450389758,678
"384",95294,-23.6821365356445,-46.6832962036133,0.0088570588559377,0.0001925447577377,5.62395034648944e-05,603.869203823705,9231.81671404062,629
"385",95295,-23.6730079650879,-46.6458168029785,0.0112928369781002,0.0002454964560456,7.73699357523583e-05,1667.70674287889,18683.93211842,542
"386",95296,-23.6639232635498,-46.6084442138672,0.0119580173050053,0.0002599568979348,7.88923425716348e-05,2076.25739052145,14834.4619005013,712
"387",95297,-23.6548824310303,-46.5711708068848,0.0134118613204919,0.0002915622026193,8.56207698234357e-05,3451.80825837344,11882.4531073886,756
"388",95298,-23.645881652832,-46.5340003967285,0.0154958190978505,0.0003368656325619,9.20529273571447e-05,1645.29944815593,8871.99573713606,932
"389",95299,-23.6369247436523,-46.4969291687012,0.0136935143964365,0.0002976850955747,8.58715357026085e-05,2397.96491270917,9894.55844033406,755
"390",95300,-23.6280059814453,-46.4599571228027,0.0134234979632311,0.0002918151731137,9.10899980226532e-05,991.435311900195,11881.4226268005,791
"391",95301,-23.6191291809082,-46.4230766296387,0.0087758326262701,0.0001907789701363,6.74951734254137e-05,4494.58609997154,6133.59519293559,563
"392",95302,-23.6102924346924,-46.386287689209,0.0095997061289381,0.0002086892636725,7.87424869486131e-05,8394.40985317854,4785.87030387223,632
"393",95303,-23.6014938354492,-46.3495903015137,0.0082196454168297,0.0001786879438441,6.9942521804478e-05,8551.2134296781,482.412796996752,750
"394",95304,-23.5927333831787,-46.3129806518555,0.0078565987641923,0.0001707956253085,6.35397518635727e-05,6089.15904408281,1663.75356688066,658
"395",95305,-23.5840110778809,-46.2764587402344,0.0096446983807254,0.0002096673561027,8.7292050011456e-05,5636.52983169147,1042.62918674394,1005
"396",95306,-23.5753269195557,-46.2400169372559,0.0093642180727329,0.0002035699581028,6.85056438669562e-05,7548.48427388531,2588.612479542,608
"397",95307,-23.5666790008545,-46.2036590576172,0.0079578209551982,0.0001729961077217,6.1777544033248e-05,10605.79602908,2800.65284083059,801
"398",95308,-23.5580654144287,-46.1673812866211,0.0055975558352656,0.0001216859964188,4.86943899886683e-05,14073.7421916634,1490.13286634934,609
"399",95309,-23.5494899749756,-46.1311798095703,0.0055141611228464,0.0001198730678879,5.24197494087275e-05,17228.43704685,745.718773178363,677
"400",95310,-23.5409488677979,-46.0950546264648,0.0024937024500104,5.42109228263143e-05,3.054895933019e-05,18872.6833066427,137.456803415144,1134
"401",95311,-23.5324420928955,-46.0590019226074,0.0039334543398581,8.55098769534379e-05,4.55724366474897e-05,21101.342692529,150.139064439839,620
"402",95312,-23.5239677429199,-46.0230255126953,0.0005395137977757,1.17285608212114e-05,2.18179302464705e-05,23746.0063806091,70.3309010942556,578
"403",95313,-23.5155277252197,-45.9871139526367,0.0006589745971723,1.4325534721138e-05,2.25043513637502e-05,24020.0212321646,56.3895247684033,1039
"404",95314,-23.5071220397949,-45.9512710571289,0.0011466873365861,2.49279855779605e-05,2.33493065024959e-05,22879.796826544,26.6308633743652,753
"405",95315,-23.4987468719482,-45.9154968261719,0.0011795164718932,2.56416624324629e-05,2.48461255978327e-05,22349.3614994309,19.1462392985757,703
"406",95316,-23.4904041290283,-45.8797836303711,0.001613786436792,3.50823138433043e-05,2.63214642473031e-05,22468.4651699641,25.9456237272301,1069
"407",95317,-23.4820919036865,-45.8441352844238,0.0027406715162214,5.95798155700322e-05,3.13148266286589e-05,23223.2744438754,56.888384029314,622
"408",95318,-23.4738121032715,-45.8085479736328,0.0041395435400772,8.99900769582018e-05,4.21438744524494e-05,24552.2259962992,9.22239432365975,905
"409",95319,-23.4655609130859,-45.7730178833008,0.0008707616289029,1.89296006283257e-05,2.16150147025473e-05,26365.60894578,9.66555531060565,656
"410",95320,-23.4573402404785,-45.7375411987305,0.0013852698903065,3.01145628327504e-05,2.30893147090683e-05,28569.1727107815,11.0294330515643,1050
"411",95321,-23.4491500854492,-45.7021217346191,0.0021202230491326,4.60918054159265e-05,2.34956823987886e-05,30849.7511639732,17.5140111638583,646
"412",95322,-23.4409866333008,-45.6667594909668,0.0023871203011367,5.18939195899293e-05,2.32455822697375e-05,32918.0111935516,28.2996070727065,577
"413",95323,-23.4328517913818,-45.6314430236816,4.47032487045362e-05,9.7180975444644e-07,1.7633528841543e-05,31213.8648698519,83.8761576700353,741
"414",95324,-23.4247455596924,-45.5961761474609,0.0015540432141278,3.37835481332149e-05,1.97959525394253e-05,29193.9345859985,40.3579800182967,879
"415",95325,-23.4166679382324,-45.5609588623047,0.0008219623159675,1.78687459992943e-05,2.01593356905505e-05,27544.2591502184,5.07949757439342,729
"416",95327,-23.4005908966064,-45.4906616210938,0.0001670004285188,3.63044409823488e-06,1.91934777831193e-05,25617.3117538533,3.97975294962406,860
"417",95328,-23.3925914764404,-45.4555740356445,0.0007470672426279,1.62405922310427e-05,1.95582615560852e-05,25439.326631077,75.7463000248265,686
"418",95329,-23.3846168518066,-45.4205284118652,0.001249727083632,2.7167980078957e-05,2.30515342991566e-05,25807.4502105087,78.8945965913792,963
"419",95331,-23.3687438964844,-45.3505554199219,0.0002120121134794,4.6089589886833e-06,1.82551757461624e-05,28056.5671194813,3.14244410901969,737
"420",95332,-23.3608455657959,-45.3156204223633,0.0009174358856398,1.99442583834752e-05,2.07340126507916e-05,29820.4412493709,3.68555322826672,570
"421",95334,-23.3451175689697,-45.2458534240723,0.0009683062853582,2.10501366382232e-05,2.14507781493012e-05,34293.6251640807,5.33825790050046,706
"422",95335,-23.337287902832,-45.2110176086426,0.0015081332312547,3.27855050272774e-05,2.32604306802386e-05,36886.2230674207,4.85873864097259,572
"423",95341,-23.2907733917236,-45.0025329589844,1.97967569306456e-05,4.30364281100992e-07,2.2934660592e-05,54658.7764807561,0.449057177768895,674
"424",95342,-23.2830944061279,-44.9678611755371,0.0009773748206498,2.12472787097795e-05,2.09301724680699e-05,55488.5028986374,0.529937699472022,680
"425",95343,-23.2754364013672,-44.9332084655762,0.0015854488956392,3.44662803399842e-05,2.18217046494829e-05,56549.1195117442,0.570455587828399,1102
"426",95348,-23.2374229431152,-44.7601280212402,0.0002056014045592,4.46959575128858e-06,1.85217340913368e-05,53607.5397708431,241.518380706521,584
"427",95350,-23.2223434448242,-44.6909561157227,0.0014347917240229,3.11911244352814e-05,1.95133306988282e-05,46565.6145551165,39.4509159829385,590
"428",95351,-23.2148284912109,-44.656379699707,4.86865001221304e-05,1.05840217656805e-06,1.69977101904806e-05,43088.0178492353,63.3596652522323,970
"429",95352,-23.2073307037354,-44.6218032836914,0.0004135234521527,8.9896402641898e-06,1.56135993165663e-05,39648.6031972131,25.9592367853041,791
"430",95361,-23.1405391693115,-44.3104438781738,0.0020215348267811,4.39464092778508e-05,1.96574546862394e-05,15286.4630217086,37.9099034728556,1110
"431",95364,-23.118522644043,-44.2064628601074,0.001533257876872,3.33316929754801e-05,1.93723426491488e-05,16639.4355839906,73.65332175566,663
"432",95371,-23.0675601959229,-43.9630966186523,0.0007225557565107,1.57077338371892e-05,1.72659038071288e-05,29906.5198322208,12.37331020493,559
"433",95372,-23.06032371521,-43.92822265625,0.0017988257241086,3.91049070458394e-05,1.84003692993429e-05,26546.369855835,16.5647319835628,984
"434",95374,-23.0458755493164,-43.8583679199219,0.0013649006614286,2.96717535093194e-05,1.77130787051283e-05,20187.3187607827,28.3673815489791,981
"435",95380,-23.0027389526367,-43.6478996276855,0.0010713169140217,2.32894981309073e-05,1.67181842698483e-05,4366.78900117743,1688.81730943817,638
"436",95381,-22.9955749511719,-43.6126708984375,0.0011532306052686,2.50702305493178e-05,1.62978758453391e-05,737.158929188869,1108.17544446808,1096
"437",95382,-22.9884204864502,-43.577392578125,0.0016692393837729,3.62878126907162e-05,1.85828448593384e-05,3166.40295684609,571.86734988653,648
"438",95383,-22.9812717437744,-43.542064666748,0.0012523571094789,2.72251545538893e-05,1.94356198335299e-05,6901.19224735646,331.47198777732,610
"439",95384,-22.9741287231445,-43.5066833496094,0.0038603735592914,8.39211643324234e-05,3.01582167594461e-05,5595.81776267447,497.395495320119,835
"440",95385,-22.9669914245605,-43.4712524414062,0.0034290335897821,7.45442084735259e-05,2.76557984761894e-05,5426.92605446737,691.662040044214,898
"441",95386,-22.9598598480225,-43.4357643127441,0.0052179659251123,0.0001134340418502,3.770498369704e-05,2714.76686395422,739.314886550323,754
"442",95387,-22.9527339935303,-43.400218963623,0.0086938995227683,0.0001889978157123,5.32436424691696e-05,2299.23817877366,4039.38694409432,906
"443",95388,-22.945613861084,-43.3646125793457,0.0113004773738794,0.000245662551606,6.34598764008842e-05,57.0564593035766,9744.93801716199,782
"444",95389,-22.938497543335,-43.3289489746094,0.0087487799755763,0.0001901908690342,5.13948871230241e-05,3685.13143149765,5490.75613518776,568
"445",95390,-22.9313850402832,-43.2932243347168,0.0061226974939927,0.0001331021194346,3.93806731153745e-05,5900.10728157968,4557.29054060399,719
"446",95391,-22.9242782592773,-43.2574310302734,0.0082414373464416,0.0001791616814443,4.4372703996487e-05,5154.50049904463,7134.13286787621,632
"447",95392,-22.9171752929688,-43.2215728759766,0.0068550127616617,0.0001490220165578,4.33609129686374e-05,2164.1510518433,12667.6473293298,778
"448",95393,-22.9100761413574,-43.1856460571289,0.0048868962767301,0.000106236875581,2.9647650080733e-05,1115.87732884351,11828.4752534025,574
"449",95395,-22.8958854675293,-43.113582611084,0.0061609864933416,0.0001339344889856,3.75618983525783e-05,7745.90872366813,11792.7438253139,730
"450",95396,-22.8887939453125,-43.0774421691895,0.0069380711065605,0.0001508276327513,3.93986847484484e-05,7299.15745146703,6820.79861810455,740
"451",95397,-22.881706237793,-43.0412216186523,0.0032575865625403,7.08170991856605e-05,2.21636619244236e-05,6231.16727173329,3052.97288548611,793
"452",95398,-22.8746204376221,-43.0049247741699,0.0012798968236893,2.78238439932466e-05,1.62179185281275e-05,7344.25081072526,2342.20751531051,1107
"453",95399,-22.8675365447998,-42.9685516357422,0.0001627639235266,3.53834616362292e-06,1.52228021761402e-05,6651.59069341684,2115.33447944195,572
"454",95400,-22.8604526519775,-42.9320907592773,0.0011585575957724,2.51860346907051e-05,1.65329347510124e-05,6368.61875116834,1232.31857653764,587
"455",95401,-22.8533706665039,-42.8955497741699,0.0021892560398555,4.75925226055551e-05,2.03816798602929e-05,8175.42139121016,95.3855369070133,793
"456",95402,-22.8462905883789,-42.8589210510254,0.0017028001602739,3.70173947885633e-05,1.8337832443649e-05,11103.2685166488,36.2395552476165,792
"457",95403,-22.8392105102539,-42.8222045898438,0.0002708476667976,5.88799275647034e-06,1.60905074153561e-05,11887.1261842525,42.0640965292431,968
"458",95404,-22.8321304321289,-42.785400390625,0.0010408610105514,2.26274132728577e-05,1.65765359270154e-05,10024.2581539049,72.536675142374,575
"459",95405,-22.8250503540039,-42.7485008239746,0.000676222385664,1.47004866448697e-05,1.58835828187875e-05,9492.65054084238,63.7044656964842,595
"460",95406,-22.8179702758789,-42.7115097045898,0.0001412915639775,3.07155573864293e-06,1.43533980008215e-05,10507.1380447341,45.4626404958182,1099
"461",95407,-22.8108901977539,-42.6744194030762,0.0008140191057464,1.76960675162263e-05,1.64507036970463e-05,12711.7736889763,29.4456184920335,785
"462",95408,-22.8038082122803,-42.6372299194336,0.0003769992945308,8.19563683762681e-06,1.48402232298395e-05,15617.7076481022,26.7442528237214,584
"463",95409,-22.7967262268066,-42.5999412536621,1.95132213889337e-05,4.2420046497682e-07,1.597039954504e-05,18910.6444266554,32.4608608281086,1078
"464",95410,-22.7896423339844,-42.5625457763672,0.0005277480049699,1.14727827167371e-05,1.52632728713797e-05,22426.7552626925,33.9445098093658,625
"465",95411,-22.7825565338135,-42.5250473022461,0.0009581449739926,2.08292385650566e-05,1.50300265886472e-05,26080.490806102,230.032506476422,664
"466",95688,-23.8257751464844,-47.470100402832,0.0013802061366732,3.00044812320266e-05,1.89465263247257e-05,33321.384971522,51.2302605314245,787
"467",95689,-23.8156223297119,-47.4300003051758,0.0038941040256759,8.46544353407808e-05,3.2357685995521e-05,32252.7202729976,55.7299888156259,956
"468",95690,-23.8055305480957,-47.3900604248047,0.0043905409838771,9.5446543127764e-05,3.64223815267906e-05,31741.3994461253,63.9505990574696,809
"469",95691,-23.7954959869385,-47.3502731323242,0.004403068247484,9.57188749453053e-05,3.9540453144582e-05,31806.964879535,36.2172745780328,726
"470",95692,-23.7855167388916,-47.3106384277344,0.003412315287278,7.41807671147399e-05,3.44381332979538e-05,32439.0338886593,33.6312391591834,602
"471",95693,-23.7755966186523,-47.2711524963379,0.0022261053527472,4.83935946249403e-05,2.74127542070346e-05,33599.8106621845,58.6144614381583,736
"472",95694,-23.7657299041748,-47.2318115234375,0.0015475379332201,3.36421289830469e-05,2.39864784816746e-05,30967.4653538222,72.2255967605959,612
"473",95695,-23.7559185028076,-47.1926116943359,0.0008808426136965,1.91487524716649e-05,2.27849250222789e-05,26774.5033993012,80.0146856161405,635
"474",95696,-23.7461605072021,-47.1535568237305,0.0027312073725624,5.9374073316576e-05,3.31375886162277e-05,22604.1196498214,58.3623334429342,551
"475",95697,-23.7364540100098,-47.1146392822266,0.000615827346337,1.33875510073267e-05,2.21325426537078e-05,18459.8583120404,71.6365115861272,733
"476",95698,-23.7268028259277,-47.075855255127,0.0018836480739992,4.09488711738959e-05,2.60877332038945e-05,14350.8644616662,117.277074193425,895
"477",95699,-23.7172012329102,-47.0372047424316,0.0032202444126596,7.00053133186884e-05,3.49675319739617e-05,10300.9042421996,421.070523667838,1120
"478",95700,-23.707649230957,-46.9986839294434,0.0028807026537833,6.26239707344212e-05,3.55583833879791e-05,6393.58358529082,55.0086647382515,542
"479",95701,-23.698148727417,-46.9602890014648,0.0006815299220761,1.48158678712207e-05,2.55889626714634e-05,3146.10236457027,58.1119172599052,599
"480",95702,-23.6886959075928,-46.9220199584961,0.0020958241875632,4.55613953818101e-05,2.87719958578236e-05,3580.33218001992,200.311662136712,702
"481",95703,-23.679292678833,-46.8838729858398,0.0025862319671432,5.62224340683315e-05,2.77040126093198e-05,5613.40169244607,777.603795386542,965
"482",95704,-23.6699371337891,-46.8458442687988,0.0025251108090742,5.48937132407445e-05,2.53597099799663e-05,2547.14466383809,2851.82494947089,574
"483",95705,-23.6606273651123,-46.807933807373,0.0043299074750393,9.41284233704209e-05,3.36256125592627e-05,3831.81166810763,11824.7276016,622
"484",95706,-23.6513652801514,-46.7701377868652,0.0066364796366542,0.000144271296449,4.79248155897949e-05,5244.43183777639,20376.7808095161,774
"485",95707,-23.6421489715576,-46.7324562072754,0.0079559506848454,0.0001729554496705,5.06943251821212e-05,1724.28861702281,11367.1694534817,603
"486",95708,-23.6329765319824,-46.6948852539062,0.0073021425923798,0.0001587422302691,4.48312748630997e-05,828.441552051033,8857.16792943812,596
"487",95709,-23.6238479614258,-46.6574172973633,0.010472645109985,0.0002276661980431,6.37152115814388e-05,1144.0067125581,11557.218215401,759
"488",95710,-23.6147632598877,-46.620059967041,0.01069345214637,0.000232466351008,6.95064518367872e-05,2896.16222791862,13230.9160930969,751
"489",95711,-23.6057205200195,-46.5828056335449,0.0129084493382834,0.0002806184638757,7.7619231888093e-05,3293.39602552616,12089.5907432995,1056
"490",95712,-23.5967216491699,-46.5456504821777,0.0131615878199227,0.0002861214743461,7.42522097425535e-05,5251.55330011241,14211.5581377516,1000
"491",95713,-23.5877628326416,-46.5085906982422,0.0117536879261024,0.0002555149549152,7.32287298887968e-05,7151.63824156558,14934.2680605511,992
"492",95714,-23.5788459777832,-46.4716339111328,0.0097404730913695,0.0002117494150297,6.63815371808596e-05,6505.11415056197,11257.6858403334,854
"493",95715,-23.5699691772461,-46.4347686767578,0.0086416845733765,0.0001878627081168,5.84984882152639e-05,7939.52181688929,9664.11128258802,611
"494",95716,-23.5611324310303,-46.3979949951172,0.0103378524363507,0.0002247359225293,7.13335903128609e-05,8993.8435115623,13191.7154924634,685
"495",95717,-23.5523338317871,-46.3613090515137,0.0074581227381713,0.0001621331030037,5.44073627679609e-05,6379.02765649498,7313.69911870553,908
"496",95718,-23.5435733795166,-46.3247146606445,0.0099657784157898,0.0002166473568649,7.18971277819946e-05,2461.31279248348,5811.87376623425,799
"497",95719,-23.5348510742188,-46.2882041931152,0.0082151605165563,0.000178590446012,6.29617352387868e-05,1454.32001082436,2236.89758935672,756
"498",95720,-23.5261669158936,-46.251781463623,0.006246560398722,0.0001357947912765,5.31394252902828e-05,5351.29551289938,1581.89796918157,638
"499",95721,-23.5175189971924,-46.2154350280762,0.0076518630667123,0.0001663448492763,6.77608913974836e-05,9241.93309177604,2741.23992752752,681
"500",95722,-23.5089073181152,-46.1791725158691,0.0064958907314576,0.0001412150159012,6.00753119215369e-05,10839.0796099044,3758.34253879966,593
"501",95723,-23.5003318786621,-46.1429862976074,0.0031532550638075,6.8549023126252e-05,3.39561847795267e-05,12170.7883433274,1285.45418641317,835
"502",95724,-23.4917907714844,-46.1068725585938,0.0021002085122745,4.56567067885771e-05,2.94805795419961e-05,14444.7084522836,338.754508637845,708
"503",95725,-23.483283996582,-46.0708351135254,0.0009610658489691,2.08927358471556e-05,2.36433443205897e-05,17287.1896323916,123.247283387901,871
"504",95726,-23.4748115539551,-46.0348701477051,0.0038338437007041,8.33444282761775e-05,4.08394043915905e-05,20458.1610588379,79.0254140600089,1069
"505",95727,-23.4663715362549,-45.9989776611328,0.0012891634141851,2.8025291612721e-05,2.64471764239715e-05,18869.1386753356,111.49168884446,593
"506",95728,-23.4579639434814,-45.9631462097168,0.0022444087662734,4.87914949189872e-05,2.91203941742424e-05,17424.585358518,25.8023689238404,649
"507",95729,-23.4495906829834,-45.9273872375488,0.0006047892620699,1.3147592653695e-05,2.12825416383566e-05,16752.5629957766,21.2557276363274,648
"508",95730,-23.4412479400635,-45.8916893005371,0.0033027622266672,7.17991788405925e-05,3.47028981195763e-05,16939.7480946232,6.31219365619343,1122
"509",95731,-23.4329376220703,-45.8560523986816,0.003502561856294,7.61426490498707e-05,3.66558851965237e-05,17955.0248525398,36.4398190755896,651
"510",95732,-23.4246578216553,-45.8204765319824,0.0020342267598607,4.42223208665382e-05,2.59176431427477e-05,19666.3594777501,6.21491416623264,587
"511",95733,-23.4164066314697,-45.7849617004395,0.0039529167988803,8.59329738887027e-05,3.6541954614222e-05,21877.4657660262,6.73287801256238,1092
"512",95734,-23.4081878662109,-45.7495002746582,0.0038738142029615,8.42133522382937e-05,3.39554098900408e-05,24205.0439731675,9.58661370117484,763
"513",95735,-23.399995803833,-45.7140960693359,0.0027823732234537,6.04863744229078e-05,2.78226780210389e-05,26649.8000168219,30.5920805064057,580
"514",95736,-23.3918342590332,-45.6787414550781,0.0010931697579508,2.37645599554526e-05,2.00030335690826e-05,27571.441505439,94.9147547952396,589
"515",95737,-23.3837013244629,-45.643440246582,0.0019354254109202,4.20744654547889e-05,2.22567505261395e-05,28959.4018186317,282.877428181935,964
"516",95738,-23.3755950927734,-45.6081886291504,0.001326220070041,2.88308710878482e-05,2.17967917706119e-05,30666.2245209198,52.689701658595,757
"517",95739,-23.3675174713135,-45.5729866027832,0.0008245176213677,1.79242961166892e-05,2.03974595933687e-05,30865.3388163957,6.42310348350243,674
"518",95740,-23.3594665527344,-45.5378265380859,0.0011529374132806,2.50638568104478e-05,2.09936169994762e-05,31515.7980667468,5.37058205960761,1093
"519",95741,-23.3514404296875,-45.5027122497559,0.0002683008751773,5.83262772124726e-06,1.86386441782815e-05,31178.7192946149,5.09509675895938,996
"520",95742,-23.3434429168701,-45.4676399230957,0.0014505266954074,3.1533189030597e-05,1.90786358871264e-05,31042.6237537719,7.43998820100096,899
"521",95744,-23.327522277832,-45.3976173400879,0.0004871753044426,1.05907674878836e-05,1.9460614566924e-05,32098.7191635155,6.36404976985092,579
"522",95747,-23.303825378418,-45.292854309082,0.0006422717324312,1.39624289658968e-05,1.8911265215138e-05,36577.3099934744,7.61668371676914,639
"523",95752,-23.2647933959961,-45.1188697814941,0.0010998642246704,2.39100918406621e-05,2.44866405409994e-05,48046.1660716727,1.34069176994602,873
"524",95755,-23.2416362762451,-45.0147743225098,0.0018681756700971,4.06125145673286e-05,2.56516686931718e-05,49174.2299443205,2.39831907187886,877
"525",95757,-23.2262992858887,-44.9454727172852,0.0002163664830732,4.70361919724382e-06,1.90329155884683e-05,51269.2902653752,4.54703683838686,644
"526",95761,-23.1958560943604,-44.8070411682129,0.0006310981389106,1.37195247589261e-05,1.92167153727496e-05,55983.2612307594,34.8083409739498,641
"527",95762,-23.1882915496826,-44.7724609375,0.0001179824662358,2.56483622251835e-06,1.94225012819516e-05,52350.8044543601,10.328780924308,894
"528",95763,-23.1807441711426,-44.7378845214844,0.000990086919046,2.15236286749132e-05,1.88285812328104e-05,48727.2990981287,92.8445234504062,810
"529",95764,-23.1732139587402,-44.7033157348633,0.0013759982793999,2.99130060739117e-05,1.80203696800163e-05,45115.0605468254,151.767482147091,899
"530",95793,-22.9608173370361,-43.6958198547363,0.0011094464316556,2.41184006881667e-05,1.54623558046296e-05,6689.63080821961,4037.86693817199,1015
"531",95794,-22.953649520874,-43.6606521606445,0.0009039791766554,1.96517212316394e-05,1.5734412954771e-05,7511.93095170814,3890.35495462193,600
"532",95795,-22.9464893341064,-43.6254348754883,0.0011596859330893,2.52105637628119e-05,1.59381925186608e-05,6076.2471745884,3408.9960859135,613
"533",95796,-22.9393348693848,-43.5901679992676,0.0012171524831501,2.64598365902202e-05,1.62186461238889e-05,6736.63396241301,3136.58202065792,1065
"534",95797,-22.9321880340576,-43.5548553466797,0.0022837696233182,4.96471657243092e-05,2.06986405828502e-05,9050.74920612582,3620.8805271637,578
"535",95798,-22.9250469207764,-43.5194892883301,0.0017994500958593,3.91184803447686e-05,1.9100905774394e-05,8188.96574063569,2115.90047939077,997
"536",95799,-22.917911529541,-43.4840660095215,0.0025718499964568,5.59097825316712e-05,2.23878014367074e-05,4490.65447038269,3157.65839940763,825
"537",95800,-22.9107818603516,-43.4485931396484,0.0049090777902165,0.000106719082396,3.50907175743487e-05,1236.4531243516,4882.93591098451,582
"538",95801,-22.903657913208,-43.4130630493164,0.0104062411410268,0.0002262226335005,6.36221157037653e-05,3356.00890257205,4435.42332665461,580
"539",95802,-22.8965377807617,-43.3774719238281,0.0114765880280174,0.0002494910440873,6.79713557474315e-05,4192.66694020098,6515.12899667417,984
"540",95803,-22.88942527771,-43.3418197631836,0.0100311414862517,0.0002180682931793,5.61874367122073e-05,5395.17086547021,10397.6500021764,803
"541",95804,-22.8823146820068,-43.3061065673828,0.008811557869194,0.000191555605852,4.691889625974e-05,3199.17933505177,13725.7583833976,573
"542",95805,-22.8752098083496,-43.2703285217285,0.0079900734126567,0.0001736972481012,6.45600739517249e-05,824.652337920486,18143.9152944397,996
"543",95806,-22.8681087493896,-43.2344818115234,0.0035912608000217,7.80708869569935e-05,2.99019757221686e-05,2930.59447156544,13404.0647008924,708
"544",95810,-22.8397350311279,-43.090404510498,0.0035841358330799,7.79159963713028e-05,2.59470434684772e-05,4046.66740549928,7453.67496083765,575
"545",95811,-22.832649230957,-43.05419921875,0.0034427955397404,7.48433812987059e-05,2.43287486227928e-05,639.682533162671,7620.75883749602,595
"546",95812,-22.8255653381348,-43.0179176330566,0.0028958800248801,6.29539135843515e-05,2.01977672986686e-05,3735.719167106,9668.04017468802,824
"547",95813,-22.8184833526611,-42.9815521240234,0.0015872334843152,3.4505075745983e-05,1.68442020367365e-05,2683.37977669442,8407.17759585176,882
"548",95814,-22.8114013671875,-42.9451103210449,0.0020315887013566,4.41649717686232e-05,1.8279284631717e-05,1375.48825478587,3383.35247691222,873
"549",95815,-22.8043231964111,-42.9085807800293,0.001135051028541,2.46750223595882e-05,1.6617588698864e-05,5147.66959171322,1083.83247935704,652
"550",95816,-22.7972431182861,-42.8719673156738,0.000760820992582,1.65395867952611e-05,1.61821026267717e-05,9012.19210649425,429.992728528248,727
"551",95817,-22.7901668548584,-42.835262298584,2.80741290907827e-05,6.10307154147449e-07,1.49964334923425e-05,8355.50612436285,216.121519514065,679
"552",95818,-22.783088684082,-42.798469543457,0.000915705350053,1.99066380446311e-05,1.67908492585411e-05,5218.99973467096,120.085722524167,801
"553",95819,-22.7760105133057,-42.7615852355957,0.0011470287245174,2.4935407054727e-05,1.64037355716573e-05,3880.40564503558,65.499276421194,684
"554",95820,-22.7689323425293,-42.7246055603027,0.000450966093922,9.80361073743552e-06,1.58187340275617e-05,5787.50850041972,75.1529877657666,908
"555",95821,-22.7618541717529,-42.6875305175781,2.08315198051423e-05,4.52859126198746e-07,1.63765471370425e-05,9098.28537170102,84.891360982355,576
"556",95823,-22.7476959228516,-42.6130790710449,0.0008560369315091,1.86094985110685e-05,1.56823680299567e-05,16578.5830304725,357.423902661217,636
"557",95824,-22.7406139373779,-42.5756988525391,0.0003986333740613,8.6659429143765e-06,1.46443844641908e-05,20448.3827941744,161.383702643191,760
"558",95825,-22.7335300445557,-42.538215637207,0.0002683573338799,5.83385508434731e-06,1.52957563841483e-05,24356.8668881671,51.2084047229747,1158
"559",95826,-22.7264442443848,-42.5006217956543,0.0002663970935827,5.79124116484309e-06,1.42126073114923e-05,24299.5526412893,18.6341708120274,721
"560",96102,-23.7765808105469,-47.4813652038574,0.001209495771036,2.629338632687e-05,1.80345468834275e-05,27954.7560577031,63.8877609986814,587
"561",96103,-23.7664279937744,-47.4412803649902,0.0026563008359517,5.7745670346776e-05,2.38715711020632e-05,26720.8150225483,99.8588845278202,941
"562",96104,-23.7563362121582,-47.4013557434082,0.0023988598622963,5.21491274412256e-05,2.31935300689656e-05,26150.1277158801,318.739772817251,906
"563",96105,-23.7462997436523,-47.3615875244141,0.0047330384259112,0.0001028921396937,3.61088314093649e-05,26276.756000718,164.634999842587,578
"564",96106,-23.7363224029541,-47.3219680786133,0.0028770484641427,6.25445318291895e-05,2.97471542580752e-05,27083.5173554568,51.1166144430401,553
"565",96107,-23.7264003753662,-47.2824974060059,0.0033368324075127,7.25398349459283e-05,3.19815917464439e-05,28504.9649715858,95.634312758948,872
"566",96108,-23.7165336608887,-47.2431716918945,0.0015253656238201,3.31601222569589e-05,2.34348153753672e-05,30448.5427641965,134.840154074863,569
"567",96109,-23.7067222595215,-47.2039909362793,0.0015168158643064,3.29742579197045e-05,2.24368050112389e-05,26540.2565057703,198.277458901057,937
"568",96110,-23.696964263916,-47.1649513244629,0.0039462332933908,8.57876802911051e-05,3.8994006899884e-05,22379.0125185058,178.311816669169,799
"569",96111,-23.6872596740723,-47.1260452270508,0.0032625363528495,7.09247033228166e-05,3.43670035363175e-05,18246.5070215629,124.405392890791,704
"570",96112,-23.6776065826416,-47.0872802734375,0.0024154476341209,5.25097311765421e-05,2.77429262496298e-05,14155.4909215154,196.664956611685,1009
"571",96113,-23.668004989624,-47.048641204834,0.0022306166938506,4.84916672576219e-05,2.59756361629115e-05,10135.4187579941,627.941830574027,610
"572",96114,-23.6584548950195,-47.0101356506348,0.002892049786169,6.28706475254148e-05,3.05083176499465e-05,6296.06074205014,546.102924511738,599
"573",96115,-23.6489524841309,-46.9717597961426,0.0016906047458178,3.67522770829964e-05,2.68959902314236e-05,3278.85825651456,570.515788625272,911
"574",96116,-23.6395015716553,-46.9335060119629,0.0027169015447725,5.90630770602729e-05,2.95968675345648e-05,3962.7293029518,1136.32381575816,880
"575",96117,-23.6300983428955,-46.8953704833984,0.002616874713567,5.68885807297193e-05,2.80502517853165e-05,3645.75541613515,1279.23675412372,624
"576",96118,-23.6207427978516,-46.8573608398438,0.0032983308774419,7.17028451617807e-05,2.97419064736459e-05,3080.4374327941,1811.34104737689,854
"577",96119,-23.6114330291748,-46.819465637207,0.0046340884728124,0.0001007410537567,3.61340862582438e-05,2560.8090935089,4086.94765430378,786
"578",96120,-23.6021709442139,-46.7816848754883,0.0067280044022481,0.0001462609652662,4.70193881483283e-05,3988.28725739879,10030.3930455512,946
"579",96121,-23.5929527282715,-46.7440185546875,0.0046054570702835,0.0001001186319626,3.20536419167183e-05,563.491811216431,10885.9194712334,652
"580",96122,-23.5837802886963,-46.7064590454102,0.0090182762942276,0.0001960494846571,6.26281253062189e-05,2202.58958158561,9617.23737272756,916
"581",96123,-23.5746536254883,-46.6690101623535,0.009782483219169,0.0002126626786775,6.8779059802182e-05,964.390612968994,11444.5844629094,600
"582",96124,-23.5655689239502,-46.631664276123,0.0125184383941814,0.0002721399650909,8.17716281744651e-05,895.575182083628,15809.9940646352,647
"583",96125,-23.556526184082,-46.594425201416,0.0125896331737749,0.0002736876776907,7.31772597646341e-05,2324.66258891372,10394.3495053951,794
"584",96126,-23.5475273132324,-46.5572814941406,0.0112615042598918,0.0002448153099976,5.96931058680639e-05,2128.89275612234,12099.7334404905,1123
"585",96127,-23.5385704040527,-46.5202407836914,0.0091796811611857,0.0001995582861127,5.73908910155296e-05,4425.82371039482,13707.6674864281,688
"586",96128,-23.5296516418457,-46.4832954406738,0.0091411833127494,0.0001987213763641,6.0995458625257e-05,5649.87888139726,15429.3933979518,676
"587",96129,-23.5207767486572,-46.4464454650879,0.0091418781375978,0.0001987364812521,6.03017615503632e-05,3198.15381736219,16789.9119322841,989
"588",96130,-23.5119380950928,-46.4096870422363,0.0072610763018019,0.0001578494848217,7.06364007783122e-05,3561.54501545009,15755.1109566264,582
"589",96131,-23.5031414031982,-46.3730163574219,0.0079593223927076,0.0001730287476675,5.64317633688916e-05,6161.97830978476,12493.5922494547,564
"590",96132,-23.4943809509277,-46.3364372253418,0.0055914600525284,0.0001215534794027,4.23592391598504e-05,6141.99455051545,6111.08914114554,1012
"591",96133,-23.4856605529785,-46.2999420166016,0.0076557160646189,0.0001664286101004,5.9922782384092e-05,5929.97276671822,4230.69290782977,894
"592",96134,-23.4769763946533,-46.2635307312012,0.0046447046333923,0.0001009718398563,4.39173345512245e-05,7537.31394864872,1595.06245859438,640
"593",96135,-23.4683284759521,-46.2271995544434,0.0037257964286254,8.09955745353363e-05,4.26375845563598e-05,5330.69123725951,204.158053968254,947
"594",96136,-23.459716796875,-46.1909484863281,0.0026737547959783,5.81251042603981e-05,3.62047539965715e-05,5500.73440367879,502.260959323079,787
"595",96137,-23.4511413574219,-46.1547775268555,0.0012496582203311,2.71664830506779e-05,2.58502095675794e-05,7881.99785688676,238.47775305268,647
"596",96138,-23.4426002502441,-46.1186790466309,0.0012976750185771,2.82103264908073e-05,2.64519749180181e-05,11127.7001879027,74.4412738893474,1001
"597",96139,-23.4340953826904,-46.0826568603516,0.0022534486852237,4.89880148961674e-05,3.01589097944088e-05,14668.1956542344,84.2678978481308,620
"598",96140,-23.4256229400635,-46.0467071533203,0.0005695446398021,1.23814052130911e-05,2.13630355574423e-05,16047.2768371294,201.413334509703,602
"599",96141,-23.4171829223633,-46.0108261108398,0.0023965491345734,5.20988942298573e-05,3.03436045214767e-05,13937.450671598,260.731311530154,915
"600",96142,-23.4087772369385,-45.9750099182129,0.0031451645045308,6.83731414028443e-05,3.54640396835748e-05,12099.2770220487,33.5143240623697,995
"601",96143,-23.4004039764404,-45.9392623901367,0.00072318104867,1.57213271450019e-05,2.43294198298827e-05,11156.2835754664,26.4028586601253,758
"602",96144,-23.3920612335205,-45.9035797119141,0.0026447550626471,5.74946752749383e-05,2.97060141747352e-05,11478.846450003,453.605167720566,623
"603",96145,-23.3837509155273,-45.8679580688477,0.0009652336266299,2.09833397093462e-05,2.25409894483164e-05,12966.8471117588,196.07931163982,829
"604",96146,-23.3754711151123,-45.8323974609375,0.0037576753675239,8.16885949461721e-05,3.76639763999265e-05,15176.7022028209,8.43346511617489,805
"605",96147,-23.3672218322754,-45.7968940734863,0.0037597909686155,8.17345862742513e-05,3.33325842802878e-05,17600.1785054813,11.9687399942694,627
"606",96148,-23.3590030670166,-45.7614479064941,0.0029505104612326,6.41415317659266e-05,2.8091741114622e-05,20441.2669134237,19.9826995138022,1007
"607",96149,-23.3508129119873,-45.7260551452637,0.0042333455639891,9.20292513910681e-05,3.37047313223593e-05,21182.3997125735,20.5508600739508,652
"608",96150,-23.3426513671875,-45.6907157897949,0.004125948267756,8.96945275599137e-05,3.26762419717852e-05,22348.1396255972,77.6158126664187,590
"609",96151,-23.3345184326172,-45.6554298400879,0.00217848324246,4.73583313578274e-05,2.39985456573777e-05,24054.7388198619,11.4305250365916,643
"610",96152,-23.3264141082764,-45.620189666748,0.0027085412220913,5.88813309150282e-05,2.55464619840495e-05,25060.8687806456,8.07547680101986,1082
"611",96153,-23.3183364868164,-45.5849990844727,0.0014167035187711,3.07979025819805e-05,2.2061432900955e-05,25317.9079898796,6.76996536145407,778
"612",96154,-23.3102855682373,-45.5498542785645,0.0016654029532219,3.62044120265637e-05,2.25370022235438e-05,26119.361605316,14.5676401434601,695
"613",96155,-23.3022613525391,-45.5147552490234,0.0012423326043062,2.70072305283975e-05,2.10541820706567e-05,27415.3440404435,25.7130088160129,1040
"614",96156,-23.2942638397217,-45.4796943664551,0.0009199208216159,1.99982787307817e-05,1.79881953954464e-05,29138.4497900998,6.39142288066876,586
"615",96157,-23.2862930297852,-45.4446792602539,0.0009817650861805,2.13427192647941e-05,1.97139288502512e-05,31146.8888122715,5.297851282174,590
"616",96158,-23.2783451080322,-45.4096984863281,0.0003326133410155,7.23072480468545e-06,1.74803462869022e-05,31755.3830903933,6.18488840407414,1015
"617",96160,-23.2625255584717,-45.3398513793945,0.0001567367844472,3.40732140102773e-06,1.76129215105902e-05,34184.7032335622,8.06162164416467,875
"618",96161,-23.2546501159668,-45.3049774169922,0.0006241414812393,1.35682930704206e-05,1.81900668394519e-05,35921.075223323,65.6843708363983,983
"619",96162,-23.2468013763428,-45.2701377868652,0.0003029876461368,6.5866879594978e-06,1.74975903064478e-05,37943.4639859532,7.46165712272244,807
"620",96163,-23.2389736175537,-45.2353248596191,0.000934910345677,2.03241379495012e-05,1.93360756384209e-05,40207.8348579146,9.98625612149504,923
"621",96164,-23.2311687469482,-45.2005424499512,9.05478668755677e-05,1.9684318885993e-06,1.73366352100857e-05,42674.62374656,17.180200260375,586
"622",96165,-23.2233848571777,-45.1657867431641,0.0007512385345762,1.63312724907883e-05,1.88699486898258e-05,42652.6292389306,10.1084604825424,595
"623",96166,-23.2156257629395,-45.1310577392578,0.0006219386086741,1.35204045363935e-05,2.07377488550264e-05,42437.7670183524,3.28481874139784,908
"624",96169,-23.1924705505371,-45.0270042419434,6.37051582543791e-05,1.38489474466041e-06,1.87107580131851e-05,43718.3436214618,4.5244382596167,583
"625",96171,-23.1771354675293,-44.9577293395996,0.0009650534775573,2.09794234251603e-05,2.07715784199536e-05,46064.9227493033,9.67607863317273,871
"626",96172,-23.1694965362549,-44.9231147766113,0.0007878502983658,1.71271803992568e-05,1.87409077625489e-05,47626.839173361,10.834981866225,592
"627",96174,-23.1542778015137,-44.8539276123047,0.0006305881488515,1.37084380185115e-05,1.92115749086952e-05,51408.241875125,7.03938778371581,835
"628",96177,-23.1315860748291,-44.7502174377441,0.0021184403012739,4.60530500276946e-05,2.26434713113122e-05,47999.8332327713,19.2935735376337,841
"629",96188,-23.0496425628662,-44.3700408935547,0.000967815038166,2.1039457351435e-05,1.61209845828125e-05,8223.5513817385,34.8925916182619,987
"630",96192,-23.0202732086182,-44.2315368652344,0.0001354453793283,2.94446476800658e-06,1.71092688106e-05,8211.60255418778,1147.15441483718,614
"631",96193,-23.01296043396,-44.1968650817871,0.0013181141148379,2.86546546703903e-05,2.02818428078899e-05,11633.6721064542,312.727003154312,882
"632",96194,-23.0056610107422,-44.1621742248535,0.0013543521090468,2.94424371531932e-05,2.07698030862957e-05,15182.5644764614,223.135995748532,739
"633",96195,-22.9983730316162,-44.1274604797363,0.0015129488092497,3.28901915054303e-05,2.2342954252963e-05,18787.8900831647,37.4932378894547,595
"634",96196,-22.991096496582,-44.0927238464355,0.001221048321895,2.65445287368493e-05,1.91615108633414e-05,22423.4497533845,35.0530978544549,631
"635",96202,-22.9476547241211,-43.8837013244629,0.0024265345418825,5.27507509104908e-05,2.41599045693874e-05,16526.2262598621,235.382434738463,849
"636",96206,-22.9188785552979,-43.7436599731445,0.0014657144420198,3.18633574352134e-05,1.77829133463092e-05,1777.79082344426,386.979728247099,698
"637",96207,-22.9117031097412,-43.7085456848145,0.0015189267796813,3.30201473843772e-05,1.66061181516852e-05,2206.93787162877,1395.27888210772,712
"638",96208,-22.9045372009277,-43.6733856201172,0.0015505200572079,3.37069577653892e-05,1.67559101100778e-05,5869.02698243452,3146.12207459595,1110
"639",96209,-22.8973789215088,-43.63818359375,0.0015965281054377,3.47071327269077e-05,1.74462620634586e-05,9590.4730270349,3553.20126984202,909
"640",96210,-22.8902263641357,-43.6029319763184,0.0015181827548076,3.30039729306009e-05,1.73291882674675e-05,11992.8187042917,7409.3608285122,634
"641",96211,-22.8830795288086,-43.5676307678223,0.0019198487498215,4.17358423874248e-05,2.06502900255146e-05,11429.9339499305,5903.92514098011,600
"642",96212,-22.875940322876,-43.5322761535645,0.0014445913984673,3.14041608362459e-05,1.82435505848844e-05,7726.94390072046,4720.17597741913,984
"643",96213,-22.8688068389893,-43.4968719482422,0.005650380597217,0.000122834360809,3.91180874430574e-05,4109.45732912689,7827.16517718502,894
"644",96214,-22.8616790771484,-43.4614067077637,0.0080299850087612,0.0001745648914948,5.36158986506052e-05,1516.17174859364,7875.79840431272,1116
"645",96215,-22.8545570373535,-43.4258880615234,0.007681745220907,0.000166994461324,4.82344257761724e-05,4008.8130138961,5823.7187216279,899
"646",96216,-22.8474407196045,-43.3903121948242,0.0097097689285874,0.0002110819332301,5.59869222342968e-05,3392.20745884995,5973.63754953228,925
"647",96217,-22.8403282165527,-43.3546752929688,0.0094184559129644,0.0002047490415861,5.0826736696763e-05,853.833675730075,13505.0296505002,649
"648",96218,-22.8332214355469,-43.3189735412598,0.0075808798137586,0.0001648017350817,4.46362791990396e-05,452.456121180372,13754.0960167936,619
"649",96219,-22.8261165618896,-43.2832069396973,0.0055572847777511,0.0001208105386467,3.0920153221814e-05,2910.90703059465,8206.75693268508,902
"650",96220,-22.8190174102783,-43.2473754882812,0.0032630109490128,7.09350206307136e-05,2.12797003769083e-05,1822.56983133797,5215.33826599858,568
"651",96221,-22.8119220733643,-43.2114791870117,0.0035396737366681,7.69494290580042e-05,2.40526987909107e-05,4889.76552107813,6950.90138742465,851
"652",96225,-22.7835693359375,-43.0671577453613,0.0021877937615499,4.75607339467388e-05,2.02562005142681e-05,5008.02051077672,3441.55722331119,556
"653",96226,-22.7764873504639,-43.030891418457,0.0026678464419092,5.79966617806349e-05,2.10098951356485e-05,6089.77028308607,3438.57197524386,872
"654",96227,-22.7694072723389,-42.9945411682129,0.0035511855385266,7.7199685620144e-05,2.47675397986313e-05,5765.78913855726,1501.46069236385,863
"655",96228,-22.7623291015625,-42.9581108093262,0.0019675580479088,4.27730010414962e-05,1.79436756297946e-05,5131.12076741304,2286.83015916838,982
"656",96229,-22.7552509307861,-42.9215927124023,0.0017267563889618,3.75381823687349e-05,1.74542801687494e-05,7020.26404541184,1768.76071018168,871
"657",96230,-22.7481746673584,-42.8849945068359,0.0009948430051736,2.16270218516001e-05,1.50965734064812e-05,10114.5192689479,1220.78136970618,588
"658",96231,-22.7411003112793,-42.8483047485352,0.0021871327408007,4.75463639304508e-05,1.95340871869121e-05,7834.80151702671,1638.61650330723,676
"659",96232,-22.7340240478516,-42.8115234375,0.0005901553086005,1.2829463230446e-05,1.46557540574577e-05,4131.21995411848,1038.70625920371,925
"660",96233,-22.7269496917725,-42.7746505737305,0.0012639052256417,2.74762005574303e-05,1.73566222656518e-05,1760.87438788769,215.616908687827,605
"661",96234,-22.7198734283447,-42.7376861572266,0.0014822761077084,3.2223393645836e-05,1.74046599568101e-05,4438.95762656491,810.190596093134,649
"662",96235,-22.712797164917,-42.7006225585938,0.0015247343908413,3.31463998008985e-05,1.73546723090112e-05,8191.9435705707,197.326842810076,647
"663",96236,-22.7057209014893,-42.6634635925293,0.0012229908861627,2.6586758394842e-05,1.60421932378085e-05,12063.9898010625,321.839278469939,804
"664",96239,-22.6844825744629,-42.5513610839844,0.000687140314767,1.49378329297178e-05,1.53786222654162e-05,23865.5580250355,69.6206123887011,1182
"665",96240,-22.6773986816406,-42.5137825012207,0.000274420525784,5.96566360400175e-06,1.47542687045643e-05,23864.1894806498,64.6336091915656,612
"666",96516,-23.7274055480957,-47.4926681518555,0.0012056685445713,2.62101857515518e-05,1.81331761268666e-05,22699.2970066671,48.4148317313936,965
"667",96517,-23.7172527313232,-47.4525985717773,0.0033759678481146,7.33906053937972e-05,2.95303652819712e-05,21221.9621126007,276.755023450071,909
"668",96518,-23.707160949707,-47.4126892089844,0.0059442995407152,0.000129223903059,4.63027063233312e-05,20560.095867295,265.433244545568,648
"669",96519,-23.6971244812012,-47.3729362487793,0.0045961381838424,9.99160474748351e-05,3.74292176275048e-05,20780.2720632882,129.438811151961,1054
"670",96520,-23.6871471405029,-47.3333320617676,0.0037136794999241,8.07321630418301e-05,3.1993658922147e-05,21846.523817372,177.397180741479,943
"671",96521,-23.677225112915,-47.2938766479492,0.0047865710657788,0.0001040558927343,4.10948778153397e-05,23635.3937801269,138.879780725546,748
"672",96522,-23.6673583984375,-47.2545700073242,0.0019607716239988,4.26254700869322e-05,2.46885374508565e-05,25990.0696975651,202.815286493947,633
"673",96523,-23.6575469970703,-47.2154006958008,0.002799824673275,6.08657537668478e-05,2.87103193841176e-05,27470.5888209337,647.728409901235,901
"674",96524,-23.6477870941162,-47.1763763427734,0.0026626364269759,5.78834005864337e-05,2.89319050352788e-05,23524.644981263,258.565226031142,858
"675",96525,-23.6380825042725,-47.1374893188477,0.0014586062097805,3.17088306474034e-05,2.38818283833098e-05,19693.1830072285,159.858733227839,591
"676",96526,-23.6284294128418,-47.0987358093262,0.0028178521315567,6.12576550338417e-05,3.2294396078214e-05,16046.1257197727,152.529391138124,854
"677",96527,-23.6188278198242,-47.060115814209,0.0027252011204836,5.92435026192106e-05,2.93652883556206e-05,12728.238924389,404.0414420044,837
"678",96528,-23.6092777252197,-47.0216255187988,0.0039518230187241,8.59091960592195e-05,3.87498585041612e-05,10051.6573636021,1607.84397662835,904
"679",96529,-23.5997772216797,-46.9832611083984,0.0028559101920109,6.20850041741505e-05,3.15913457598072e-05,7631.16527809892,658.668369619346,613
"680",96530,-23.5903244018555,-46.9450225830078,0.0030490550998365,6.62838065181859e-05,2.9993696443853e-05,3815.72358564627,4313.77105699169,627
"681",96531,-23.5809211730957,-46.9069061279297,0.0027515301626408,5.9815873100888e-05,2.57962547038915e-05,1956.87976768774,4800.4928002236,984
"682",96532,-23.5715656280518,-46.8689079284668,0.0043545938387978,9.46650834521279e-05,3.53784525941592e-05,5027.45983235639,6195.83275078746,610
"683",96533,-23.562255859375,-46.8310279846191,0.0050238902331329,0.0001092150050681,3.55001357092988e-05,3036.21650455854,11782.0783994008,996
"684",96534,-23.5529937744141,-46.7932624816895,0.0051979488780489,0.0001129988886532,3.40324477292597e-05,2890.80660575376,11821.1121469572,724
"685",96535,-23.5437774658203,-46.7556114196777,0.0056225119624286,0.0001222285209223,3.61347665602807e-05,1502.35025021692,8968.89292661631,765
"686",96536,-23.5346050262451,-46.7180671691895,0.0084535169007722,0.0001837721065385,5.39639113412704e-05,1462.63984040356,7285.3158376341,1185
"687",96537,-23.5254764556885,-46.6806335449219,0.0112575588864274,0.0002447295410092,7.51876359572634e-05,1264.31538191877,10202.9854053677,627
"688",96538,-23.516393661499,-46.6433029174805,0.0107518723234534,0.0002337363548576,7.07693980075419e-05,1114.00233833318,11541.6048290766,619
"689",96539,-23.5073509216309,-46.6060752868652,0.0076127761567477,0.0001654951338423,5.22854497830849e-05,1984.09266665949,9560.3498662884,1007
"690",96540,-23.4983520507812,-46.5689506530762,0.0077577174233738,0.0001686460309429,5.13189297635108e-05,3077.00822419613,11511.8791313355,981
"691",96541,-23.4893951416016,-46.5319213867188,0.0065221006225328,0.000141784796142,4.38845054304693e-05,2959.05451045507,6514.25579525351,665
"692",96542,-23.4804782867432,-46.4949913024902,0.0074950843409169,0.0001629366161068,4.95460699312389e-05,2533.68781973778,7609.87359718703,1022
"693",96543,-23.4716014862061,-46.4581527709961,0.0073589020175859,0.000159976130817,4.9587990361033e-05,2559.41917071365,7558.51921696373,792
"694",96544,-23.4627647399902,-46.4214096069336,0.0070903870218899,0.0001541388483019,5.01805334351957e-05,2680.26168430274,7024.41538670724,973
"695",96545,-23.4539680480957,-46.3847541809082,0.0042799015063792,9.3041337095201e-05,3.40817059623078e-05,5821.24135626948,7188.51321717983,742
"696",96546,-23.4452095031738,-46.3481864929199,0.0039425034628948,8.57065970194526e-05,3.29421163769439e-05,9551.39582291472,3563.08968141131,612
"697",96547,-23.436487197876,-46.3117065429688,0.0047969589650165,0.0001042817166307,4.29922438343056e-05,9341.71526245964,2787.80174261225,919
"698",96548,-23.4278030395508,-46.2753105163574,0.002888945833547,6.28031702945009e-05,3.27233283314854e-05,5456.21772684188,704.909073584493,857
"699",96549,-23.4191570281982,-46.2389945983887,0.0041807417001109,9.08856891328469e-05,4.32437227573246e-05,1634.96769551703,200.213515183961,581
"700",96550,-23.4105453491211,-46.2027587890625,0.0040332149219466,8.76785852597095e-05,3.88431435567327e-05,2400.98178884348,123.872549360248,876
"701",96551,-23.401969909668,-46.1665992736816,0.0025127047047135,5.46240153198596e-05,3.30738366756123e-05,6232.13700931423,63.6035442033373,857
"702",96552,-23.3934307098389,-46.1305160522461,0.0009884490100375,2.14880219573388e-05,2.59800635831198e-05,10084.4638107731,48.1133835051624,881
"703",96553,-23.3849239349365,-46.0945091247559,0.0020881693999399,4.53949869552162e-05,2.93783850793261e-05,13933.3417112419,71.0836842258237,966
"704",96554,-23.3764533996582,-46.0585708618164,0.0004719207445305,1.02591466202284e-05,2.11511651286855e-05,12120.1899747497,118.842224191659,601
"705",96555,-23.3680152893066,-46.0227012634277,0.0017314916403847,3.76411226170603e-05,2.66963634203421e-05,9205.36284586533,315.398587564923,597
"706",96556,-23.3596096038818,-45.9869041442871,0.0019007564624189,4.13207926612813e-05,2.8742824724759e-05,7211.50389466685,163.112293167608,1031
"707",96557,-23.3512363433838,-45.9511680603027,0.0021666815955541,4.71017738163937e-05,2.79311916528968e-05,5576.05085769572,292.666136610924,605
"708",96558,-23.3428955078125,-45.9154968261719,0.0027308405478834,5.93660988670308e-05,2.98314043902792e-05,6274.86368622665,25.0818087860454,592
"709",96559,-23.3345851898193,-45.8798904418945,0.0056245797022711,0.0001222734717885,5.03597475471906e-05,8476.39078650527,37.7695194732427,982
"710",96560,-23.3263053894043,-45.8443412780762,0.0041350616520503,8.98926446097903e-05,4.18570743931923e-05,11107.9570053956,14.5156866366158,758
"711",96561,-23.318058013916,-45.8088531494141,0.0013079161544737,2.84329598798649e-05,2.1434347218019e-05,14271.2989968496,20.6452754537516,614
"712",96562,-23.3098392486572,-45.7734222412109,0.0021203944124863,4.6095530706225e-05,2.30696441576583e-05,15068.2095552277,28.7979881833652,817
"713",96563,-23.3016490936279,-45.7380409240723,0.0036523809540085,7.93995859567076e-05,3.0256263926276e-05,15811.8821733681,33.6581055232388,646
"714",96564,-23.2934894561768,-45.7027168273926,0.0032685056212358,7.10544700268656e-05,2.93120192509377e-05,17364.4076869404,101.724436069379,606
"715",96565,-23.2853565216064,-45.6674423217773,0.0022836469579488,4.96444990858436e-05,2.71146800514543e-05,19279.5621815918,44.853552459775,1058
"716",96566,-23.2772521972656,-45.6322174072266,0.0014713607306475,3.19861028401647e-05,2.24661725951592e-05,19457.0762886826,11.6149859761778,738
"717",96567,-23.2691764831543,-45.5970420837402,0.0014245848942664,3.09692368318792e-05,2.37620970438002e-05,19804.2332891588,3.81961220157754,663
"718",96568,-23.2611255645752,-45.5619087219238,9.5023500307434e-05,2.06572826755291e-06,1.91588551388122e-05,20834.3583659343,7.52235272453789,1023
"719",96570,-23.2451057434082,-45.4917793273926,0.0012252368505869,2.6635583708412e-05,1.77709443960339e-05,24536.4194274828,9.10678165601015,1036
"720",96571,-23.2371349334717,-45.4567718505859,0.0004284974129404,9.31516115088016e-06,1.72611653397325e-05,25588.9509957613,10.1454837745839,658
"721",96572,-23.2291889190674,-45.4218063354492,0.0008490870932291,1.84584150701994e-05,1.90958162420429e-05,26336.0074672288,12.8869233902778,594
"722",96574,-23.2133693695068,-45.3519859313965,0.0009277333338104,2.01681159524014e-05,1.96473283722298e-05,29234.7276699926,27.6374365815597,923
"723",96576,-23.1976470947266,-45.282299041748,8.88092777131533e-05,1.93063647202507e-06,1.80182560143294e-05,33563.7214013918,76.1773656178251,617
"724",96578,-23.1820163726807,-45.2127304077148,0.0002366093440286,5.14368139192811e-06,1.65141136676539e-05,37684.5083028431,7.16782303150464,896
"725",96579,-23.1742362976074,-45.1779899597168,0.0011399107024772,2.47806674451567e-05,1.99286532733822e-05,37074.4773681068,4.51312851103251,593
"726",96582,-23.1510200500488,-45.0739097595215,0.0001722485671962,3.74453406948305e-06,1.76602625288069e-05,37457.039825814,4.02262796305867,872
"727",96583,-23.1433238983154,-45.0392570495605,0.0004192154265183,9.11337883735541e-06,1.78713598870672e-05,38307.4776420623,4.63699573519297,830
"728",96585,-23.1279907226562,-44.9700088500977,0.0003472959506325,7.54991197027266e-06,1.73655607795808e-05,40967.8262795171,14.3791619554516,907
"729",96586,-23.1203536987305,-44.9354095458984,0.0009261046288884,2.01327093236614e-05,1.87824171007378e-05,42717.0393858025,27.0867022783075,623
"730",96588,-23.1051368713379,-44.8662452697754,0.0007229328730318,1.57159320224309e-05,1.69023296621162e-05,46106.8045638187,6.73105276288556,634
"731",96591,-23.0824489593506,-44.7625770568848,0.0004313464542065,9.37709683057619e-06,1.79866510734428e-05,47925.825640176,15.1435975211013,703
"732",96593,-23.0674114227295,-44.6934967041016,4.82294126413763e-05,1.04846549220383e-06,1.75959048647201e-05,40575.567419494,69.1117693062953,1069
"733",96596,-23.0449771881104,-44.5898818969727,0.0008683771848154,1.88777648872929e-05,1.72755899257027e-05,29560.6886473101,35.1264400630292,577
"734",96600,-23.0152816772461,-44.4516906738281,0.0017987771934713,3.91038520319853e-05,1.95418106159195e-05,14917.0269316249,70.8125572273976,871
"735",96604,-22.9858112335205,-44.313346862793,0.0002714968059081,5.90210447626305e-06,1.49600809891126e-05,1975.30415442024,4665.00345314964,802
"736",96605,-22.9784774780273,-44.2787284851074,0.0013798153813695,2.9995986551512e-05,1.77045203599846e-05,4118.93980802487,1542.34779490871,597
"737",96606,-22.971155166626,-44.2440872192383,0.0022892115812283,4.9765469157137e-05,2.34883336815983e-05,7561.43201731104,569.38861918546,854
"738",96607,-22.963846206665,-44.2094306945801,0.0003913196396752,8.50694868859136e-06,1.83389474841533e-05,11160.5316496015,319.088236191848,918
"739",96608,-22.9565467834473,-44.1747550964355,0.0003950874161091,8.58885687193833e-06,2.0099694665987e-05,14803.8702875574,21.0568554970827,645
"740",96609,-22.9492607116699,-44.1400527954102,0.0021448051556944,4.66261990368366e-05,2.19088233279763e-05,18466.9089048332,8.29566384923164,628
"741",96610,-22.9419860839844,-44.1053276062012,0.0002001200364247,4.35043557445169e-06,1.70941275428049e-05,22140.7482307802,28.7527535644341,683
"742",96612,-22.9274673461914,-44.0358009338379,0.0018361738984822,3.99168238800485e-05,2.08381115953671e-05,29508.6236436053,367.756943269325,1035
"743",96613,-22.9202251434326,-44.0009956359863,0.0022350147410179,4.85872769786511e-05,2.29987690545386e-05,28168.6877969445,376.607189420141,1097
"744",96614,-22.9129905700684,-43.9661560058594,0.0011337947544234,2.46477120526833e-05,2.0143268557149e-05,24532.594667603,710.102590575908,730
"745",96615,-22.9057674407959,-43.9312858581543,0.0004273946378816,9.29118778003613e-06,1.92233255802421e-05,20916.6447875899,584.261900210784,607
"746",96618,-22.8841514587402,-43.8264656066895,0.0015472017330466,3.36348202836234e-05,1.88411049748538e-05,10429.1561517239,436.229103377126,608
"747",96620,-22.8697834014893,-43.7563934326172,0.0004026147689728,8.75249497767072e-06,1.61011666932609e-05,5219.98499454764,2766.18133583731,953
"748",96621,-22.8626117706299,-43.7212944030762,0.0013280970342748,2.88716746581485e-05,1.73427306435769e-05,5294.24435010712,640.071659013322,837
"749",96622,-22.8554458618164,-43.686149597168,0.0015003472435637,3.26162444252986e-05,1.7596688849153e-05,7525.37196238292,272.099958108067,634
"750",96623,-22.8482894897461,-43.6509590148926,0.0017059661986422,3.70862217096146e-05,1.7856078557088e-05,10637.1945873031,710.986225448396,883
"751",96624,-22.8411388397217,-43.6157188415527,0.0017375316965626,3.77724281861447e-05,1.82188414328266e-05,13775.500446377,1552.64608920183,923
"752",96625,-22.8339939117432,-43.5804290771484,0.0016574830879108,3.60322410415392e-05,1.88972553587519e-05,13509.2782523475,1010.64369263394,848
"753",96626,-22.8268566131592,-43.5450897216797,0.0016929481062106,3.68032197002321e-05,1.90793125511846e-05,10512.2007899387,615.227705546486,899
"754",96627,-22.8197250366211,-43.5096969604492,0.0029331016849027,6.37630801065825e-05,2.50620705628535e-05,8159.84410157246,1798.9972811591,587
"755",96628,-22.8125991821289,-43.4742469787598,0.0027446319509181,5.96659119764809e-05,2.29647830565227e-05,7130.80257054588,860.694113057273,641
"756",96629,-22.8054790496826,-43.4387435913086,0.0054508376779267,0.0001184964712592,3.55868760379963e-05,7964.20912378512,7271.13144066155,1042
"757",96630,-22.7983646392822,-43.4031791687012,0.0071461584302596,0.000155351270223,4.01187935494818e-05,6007.37739484995,12282.2560659227,752
"758",96631,-22.7912540435791,-43.3675537109375,0.0072993612848222,0.0001586817670613,4.33065943070687e-05,4905.3884557034,10984.6934773923,580
"759",96632,-22.7841491699219,-43.3318634033203,0.0071924954827409,0.0001563585974508,4.06396975449752e-05,3055.47838318385,12659.2104418296,676
"760",96633,-22.7770481109619,-43.2961120605469,0.0063375041354447,0.0001377718290314,3.82501930289436e-05,847.362355678157,9817.23216601664,942
"761",96641,-22.7203540802002,-43.0075531005859,0.0005378214173106,1.16917699415353e-05,1.68345450219931e-05,11062.8025339552,112.011696024727,615
"762",96642,-22.7132778167725,-42.971134185791,0.0006222878619155,1.35279969981639e-05,1.76368594111409e-05,10669.6771142017,10.4242873360466,925
"763",96643,-22.7062034606934,-42.9346313476562,0.0008214598565245,1.7857822967926e-05,1.60247709573014e-05,11624.116558967,463.844077258344,898
"764",96644,-22.6991291046143,-42.8980445861816,0.0008416537893936,1.82968215085566e-05,1.59108749357983e-05,13653.6364845185,479.724836121406,985
"765",96646,-22.6849822998047,-42.8246002197266,0.0005522719166037,1.20059112305171e-05,1.50444247992709e-05,8367.81899198373,101.143646064996,625
"766",96647,-22.6779098510742,-42.7877426147461,8.32197877116414e-05,1.80912581981829e-06,1.61596308316803e-05,7365.2912786949,113.207352024525,635
"767",96648,-22.6708374023438,-42.750789642334,0.000709234514943,1.54181416291976e-05,1.76664070750121e-05,8306.30027919161,69.8093033893184,1159
"768",96649,-22.6637630462646,-42.7137413024902,0.0005806056506116,1.26218619698193e-05,1.68393016792834e-05,10700.1398955392,19.9750537227692,700
"769",96651,-22.6496143341064,-42.6393432617188,0.0008549305166525,1.85854460141854e-05,1.63243257702561e-05,17282.6889633348,51.4519405283695,627
"770",96652,-22.6425361633301,-42.601993560791,0.0003808051842497,8.27837357064709e-06,1.58518341777381e-05,20925.6618226953,8.77592773301917,1068
"771",96653,-22.6354579925537,-42.5645370483398,0.0002153517743863,4.68156031274702e-06,1.50935411511455e-05,24674.2144270502,7.92119065139915,716
"772",96654,-22.6283779144287,-42.526969909668,0.0003066861618208,6.66709047436598e-06,1.38003388201469e-05,24734.7980273571,16.0031893885972,650
"773",96931,-23.6680641174316,-47.4639015197754,0.0041446124814683,9.01002713362686e-05,3.52539973391686e-05,15785.4677399652,44.6251883808299,656
"774",96932,-23.6579704284668,-47.4240074157715,0.005076972709503,0.0001103689719457,4.24622194259427e-05,14968.7396332275,61.8093887249088,953
"775",96933,-23.6479339599609,-47.3842658996582,0.0056407260126434,0.0001226244785357,4.88943223899696e-05,15351.1827224072,44.8842557012332,623
"776",96934,-23.6379566192627,-47.3446807861328,0.0052983246278017,0.0001151809701696,4.7692701627966e-05,16838.3508663931,47.158469563243,901
"777",96935,-23.6280345916748,-47.3052406311035,0.0043133508297614,9.37684962991625e-05,4.19038769905455e-05,19164.0439064891,50.6409688153585,936
"778",96936,-23.6181678771973,-47.2659454345703,0.0027961607775068,6.07861038588453e-05,3.20228355121799e-05,22055.396989187,61.3596844914416,880
"779",96937,-23.6083545684814,-47.2267951965332,0.0020200447688694,4.39140167145524e-05,2.66177466983208e-05,22650.6194597506,104.747799905861,957
"780",96938,-23.598596572876,-47.1877861022949,0.0025238759553758,5.4866868595127e-05,2.80987969745183e-05,20548.8758109284,189.288764241705,889
"781",96939,-23.5888919830322,-47.1489143371582,0.0014188966015353,3.08455782942474e-05,2.39012551901396e-05,19151.557938928,329.370422195388,625
"782",96940,-23.5792388916016,-47.1101760864258,0.0015634499577572,3.39880425599404e-05,2.47627012868179e-05,16424.6482780887,353.69781670927,690
"783",96941,-23.569637298584,-47.0715713500977,0.0024928921557148,5.41933077329304e-05,3.21015941153746e-05,12292.8463123764,296.134203676908,774
"784",96942,-23.5600872039795,-47.0330963134766,0.0013034873991273,2.83366825897247e-05,2.39702476392267e-05,8188.56570887078,232.127085528285,590
"785",96943,-23.5505867004395,-46.9947471618652,0.0018912367595476,4.11138425988611e-05,2.52422632911475e-05,4149.97545298219,858.648671588935,1016
"786",96944,-23.5411338806152,-46.9565238952637,0.0033478983968962,7.2780399932526e-05,3.10570394503884e-05,1129.62463502034,4300.91199937592,633
"787",96945,-23.5317306518555,-46.9184226989746,0.0051235042192274,0.0001113805265049,4.44035285909194e-05,2791.44226582727,6278.9029813014,879
"788",96946,-23.5223751068115,-46.8804397583008,0.0039405207353411,8.56634942465462e-05,3.50325499312021e-05,1308.96976629788,7623.36092288796,838
"789",96947,-23.5130672454834,-46.8425750732422,0.005500212078914,0.0001195698278024,4.32724264101125e-05,2571.90639708594,6949.4491818579,959
"790",96948,-23.5038051605225,-46.8048248291016,0.0046774142829235,0.0001016829191939,3.79252633138094e-05,3633.6641655913,7358.99736577824,624
"791",96949,-23.4945869445801,-46.7671852111816,0.0065477709867991,0.0001423428475391,5.06946416862775e-05,2581.25005827133,6061.84608417791,637
"792",96950,-23.4854164123535,-46.7296562194824,0.0091734812885988,0.0001994235062738,7.14970810804516e-05,1481.67260051425,9027.98204926612,630
"793",96951,-23.4762878417969,-46.6922378540039,0.0098583054787013,0.0002143109886674,7.87815515650436e-05,5475.93273024288,17502.4943974043,861
"794",96952,-23.4672050476074,-46.6549224853516,0.0056110560544766,0.0001219794794451,4.46111989731435e-05,2074.16301545513,12532.3477776166,1051
"795",96953,-23.4581623077393,-46.6177101135254,0.005503948603291,0.0001196510565932,4.41788070020266e-05,2558.30017565831,10302.9680579497,784
"796",96954,-23.4491634368896,-46.5805969238281,0.0061841044807806,0.00013443705393,4.60204173577949e-05,5135.2436833159,9702.62910958023,672
"797",96955,-23.44020652771,-46.5435829162598,0.0047266628389479,0.0001027535399771,3.74579576600809e-05,2728.0846933853,12886.9333206556,859
"798",96956,-23.4312896728516,-46.5066680908203,0.0043703073897631,9.50066823861562e-05,3.47460882039741e-05,3540.12123477874,10601.5665307643,604
"799",96957,-23.4224147796631,-46.4698448181152,0.0045519130508182,9.89546315395273e-05,3.65443593182135e-05,1527.59004983278,5086.75162874644,918
"800",96958,-23.4135780334473,-46.4331169128418,0.0031672409240854,6.88530635670759e-05,2.76561804639641e-05,3040.20634027654,6621.07679185482,725
"801",96959,-23.4047813415527,-46.3964767456055,0.0038396061281673,8.34696984384209e-05,3.36277917085681e-05,6853.91435233332,3568.94709888524,889
"802",96960,-23.3960227966309,-46.3599243164062,0.0025900863038259,5.63062239962164e-05,2.88265619019512e-05,10737.8430656894,1064.20102617714,917
"803",96961,-23.3873023986816,-46.3234558105469,0.0031932961865095,6.94194823154248e-05,3.39835205522832e-05,11025.6350033226,1959.73030292373,603
"804",96962,-23.3786182403564,-46.2870712280273,0.0023574726001243,5.12494043505285e-05,3.05382418446243e-05,8088.8497372788,1363.86529861407,600
"805",96964,-23.3613624572754,-46.2145500183105,0.0027033094520447,5.87675967835821e-05,3.1855444831308e-05,6634.51788984389,167.523447960504,664
"806",96965,-23.3527870178223,-46.1784057617188,0.0002851736599041,6.19942738921964e-06,2.06801796593936e-05,8849.74866305169,98.1038784502623,597
"807",96966,-23.3442478179932,-46.142333984375,0.0012600296358868,2.73919486062368e-05,2.3184300516732e-05,11931.4552050017,225.439403765588,598
"808",96967,-23.3357429504395,-46.1063423156738,0.0011550823001016,2.51104847848183e-05,2.36021624004934e-05,13772.3430182883,114.554073447207,646
"809",96968,-23.3272705078125,-46.0704154968262,0.0025067690730793,5.44949798495509e-05,2.90796615445288e-05,9949.03423710479,89.3054701229887,906
"810",96969,-23.3188343048096,-46.0345611572266,0.0017663727849139,3.83994083676953e-05,2.25117200898239e-05,6160.22401808413,721.911024238217,885
"811",96970,-23.3104286193848,-45.9987754821777,0.0015396630842587,3.34709366143215e-05,2.26694010052597e-05,2525.58030114545,2411.24689090787,986
"812",96971,-23.3020572662354,-45.9630546569824,0.001935463733389,4.20752985519357e-05,2.52183181146393e-05,690.050202140523,3129.5577282833,588
"813",96972,-23.2937164306641,-45.9273986816406,0.0030803995323367,6.69652072247118e-05,2.8002104954794e-05,1790.28760057292,3447.37283923068,724
"814",96973,-23.2854061126709,-45.8918075561523,0.0007853439419704,1.70726943906629e-05,1.95151224033907e-05,5176.3852133483,2716.86846959639,1116
"815",96974,-23.2771282196045,-45.8562698364258,0.0001592781059116,3.46256751981855e-06,2.28908011195017e-05,8902.29524023402,396.920268276506,606
"816",96975,-23.2688808441162,-45.8207969665527,0.0042622179462341,9.26569118746556e-05,3.20078179356642e-05,9757.12462184525,502.519469769665,1067
"817",96976,-23.2606620788574,-45.7853775024414,0.0034548579133115,7.51056068111211e-05,3.13301170535851e-05,9505.06631874426,255.102927195443,866
"818",96977,-23.2524738311768,-45.7500114440918,0.0037271740293363,8.10255223768763e-05,3.48587418557145e-05,10683.4532910272,126.040308915532,664
"819",96978,-23.2443141937256,-45.7147026062012,0.0034235221828566,7.44243952794932e-05,3.35626027663238e-05,12900.3538452236,96.4462191529379,669
"820",96979,-23.2361831665039,-45.6794395446777,0.0024350873136427,5.29366807313636e-05,2.64177269855281e-05,13928.1982308165,12.7639004489723,1124
"821",96980,-23.2280788421631,-45.644229888916,0.001661747424805,3.61249440175015e-05,2.24866453208961e-05,13852.7408361977,10.9777041538376,921
"822",96981,-23.2200031280518,-45.6090660095215,0.0009879517383524,2.14772117033135e-05,2.28574554057559e-05,14360.5743792918,5.48913197333902,647
"823",96982,-23.2119541168213,-45.5739479064941,0.0005749537976953,1.24989956020727e-05,1.96667278942186e-05,15771.7060836252,4.88659536847488,951
"824",96983,-23.2039318084717,-45.5388717651367,0.0006355294881359,1.38158584377379e-05,1.96852070075693e-05,17870.4180058083,7.15090790847205,853
"825",96984,-23.1959362030029,-45.5038414001465,1.28943327695197e-05,2.8031158194608e-07,1.9473438442219e-05,19770.6932283329,9.54461398927169,643
"826",96987,-23.1721000671387,-45.398983001709,0.0003800314134423,8.2615524661378e-06,1.7947157175513e-05,22555.4706587874,13.0027950914268,621
"827",96988,-23.1642036437988,-45.3641014099121,0.0027759318691096,6.03463449806441e-05,2.73176592600066e-05,24569.1082092179,11.1132272125078,873
"828",96990,-23.1484832763672,-45.2944412231445,0.00088187439178,1.917118243e-05,2.02178744075354e-05,29601.9994531734,7.71734146026439,711
"829",96991,-23.1406574249268,-45.2596588134766,0.0011612615053309,2.52448153332807e-05,1.95758384506917e-05,32463.1975406599,7.46709039975116,1036
"830",96993,-23.1250743865967,-45.1901741027832,0.0015404690275318,3.34884571202565e-05,2.21051977860043e-05,31505.2225737986,81.3580812202938,608
"831",96995,-23.1095790863037,-45.1207885742188,0.0004946387725794,1.07530167952063e-05,1.66018362506293e-05,31379.6226824796,4.77381244924271,1043
"832",96997,-23.0941677093506,-45.0514945983887,0.0001399684661009,3.04279274132568e-06,1.7363605365972e-05,32962.4421771598,6.25039413163893,656
"833",96998,-23.0864925384521,-45.0168724060059,0.0009737169493746,2.11677597690141e-05,1.82761323230807e-05,34328.9114881573,7.84952311502043,911
"834",96999,-23.07883644104,-44.9822692871094,0.0004069611059094,8.84698056324851e-06,1.96575547306566e-05,36023.5245813642,113.128939421017,1048
"835",97000,-23.0712013244629,-44.947681427002,0.0007463810361514,1.62256746989442e-05,1.63476142915897e-05,38002.1418530379,236.653396719949,699
"836",97001,-23.0635833740234,-44.9131088256836,0.0001001717014332,2.17764568333223e-06,1.62098131113453e-05,39660.5175824579,128.025227523689,586
"837",97002,-23.0559864044189,-44.878547668457,0.0006848456105217,1.48879480548203e-05,1.5586381778121e-05,40827.3735510029,7.70505087142617,815
"838",97003,-23.0484066009521,-44.8439979553223,0.0011466979631222,2.49282165896147e-05,1.81890882231528e-05,42284.6279441076,6.46907339285763,921
"839",97009,-23.0032978057861,-44.6368141174316,5.14994048899098e-05,1.11955228021543e-06,2.02990922844037e-05,34058.9820588342,12.4863011256865,620
"840",97010,-22.9958362579346,-44.6022872924805,0.0003087447812504,6.71184307066142e-06,1.80525730684167e-05,30487.5854587737,11.0180555964524,1139
"841",97011,-22.9883918762207,-44.5677604675293,0.0013404115161392,2.91393807856366e-05,1.86833076440962e-05,26944.364062292,46.9669048063746,1012
"842",97014,-22.9661464691162,-44.4641456604004,0.0008325724520545,1.80994011316216e-05,1.83909796760418e-05,16657.8619824905,448.536596193725,968
"843",97015,-22.9587593078613,-44.4295921325684,0.0007507361588068,1.63203512784094e-05,1.78336067619966e-05,13489.8512136087,478.190905394974,605
"844",97017,-22.9440269470215,-44.3604469299316,0.0007131448292057,1.55031484609935e-05,1.74527849594597e-05,8484.89260364215,204.036516763762,654
"845",97018,-22.9366817474365,-44.325855255127,0.0014222398604033,3.09182578348555e-05,1.87669011211256e-05,7586.86374300473,195.660165482345,1085
"846",97019,-22.9293479919434,-44.2912483215332,0.0007284780840564,1.58364800881827e-05,1.91464914678363e-05,8378.53455681343,213.681580171351,667
"847",97020,-22.9220275878906,-44.2566223144531,0.0017381794968969,3.77865108021069e-05,2.37643325817771e-05,10485.2155089341,197.280885496317,944
"848",97021,-22.9147205352783,-44.2219772338867,0.0006860089652036,1.49132383739925e-05,1.9582055756473e-05,13297.2031853643,9.68871131152367,707
"849",97022,-22.9074230194092,-44.187313079834,0.0004001289962616,8.69845644047018e-06,1.94620988622773e-05,16458.1861358757,4.27940068072666,921
"850",97023,-22.9001388549805,-44.1526260375977,0.0008805005563772,1.91413164429832e-05,2.25817566388287e-05,19802.7578767323,2.63938814379133,900
"851",97024,-22.8928661346436,-44.1179161071777,0.0011676208596327,2.5383062165929e-05,2.15353320527356e-05,23252.8889501368,2.35207938813991,918
"852",97025,-22.8856029510498,-44.0831756591797,0.0019008923482033,4.13237467000727e-05,2.31355024880031e-05,26769.430839353,5.91024473739887,667
"853",97027,-22.8711090087891,-44.0136184692383,0.0006708237287966,1.45831245390582e-05,1.94863023352809e-05,29762.4128963251,14.7947613206999,654
"854",97028,-22.8638763427734,-43.9787940979004,0.0019507533943397,4.24076824856456e-05,2.22015241888585e-05,26335.6359841462,19.4477151899349,896
"855",97029,-22.8566551208496,-43.9439392089844,0.0011447609213064,2.48861069849227e-05,1.94780750462087e-05,22990.6299994463,12.5385340891094,696
"856",97031,-22.8422393798828,-43.8741188049316,0.0018434436206007,4.00748613174073e-05,2.17938541027252e-05,16748.0147153896,37.8632573770291,1026
"857",97032,-22.8350448608398,-43.8391571044922,0.0003970160069002,8.63078275870066e-06,1.67268881341442e-05,14056.504065914,478.992307068255,676
"858",97033,-22.8278579711914,-43.8041534423828,0.0010078858649649,2.19105622818461e-05,1.68566512002144e-05,11923.8908277542,1014.08105579747,684
"859",97034,-22.8206787109375,-43.7691078186035,0.0013789107870252,2.99763214570703e-05,1.84805048775161e-05,10694.3150127129,1206.25240924277,947
"860",97035,-22.8135089874268,-43.7340202331543,0.0015866631656535,3.44926775142085e-05,1.94064959941898e-05,10688.2776732106,170.134985817102,642
"861",97036,-22.8063468933105,-43.6988906860352,0.0022039907780708,4.79128430015408e-05,2.1616189769702e-05,11906.3506636427,99.4952123033186,582
"862",97037,-22.7991905212402,-43.6637115478516,0.0026616653121891,5.78622893954162e-05,2.48897285928251e-05,9520.27389970387,463.835606994902,801
"863",97038,-22.7920417785645,-43.6284866333008,0.0005736097918997,1.24697780847782e-05,1.59679257194512e-05,8211.62714785376,1455.03518551727,881
"864",97039,-22.7849006652832,-43.5932083129883,0.0011606047519308,2.52305380854523e-05,1.7503112758277e-05,8500.20554003052,1430.5923540844,622
"865",97040,-22.7777652740479,-43.5578842163086,0.0010560726041148,2.29581000894541e-05,1.6314115782734e-05,10256.9993301493,1298.24719037385,1244
"866",97041,-22.7706356048584,-43.5225028991699,0.0025907525123329,5.63207067898475e-05,2.95235477096867e-05,10870.288807805,3704.11489775126,1043
"867",97042,-22.7635116577148,-43.4870643615723,0.002058232523268,4.47441852884367e-05,2.13089406315703e-05,8255.46756159335,3664.80888496391,1030
"868",97043,-22.7563934326172,-43.4515724182129,0.0045805404370185,9.95769660221413e-05,3.15467987093143e-05,6814.73300336863,6829.07429606446,926
"869",97044,-22.7492790222168,-43.4160232543945,0.0059571725432761,0.0001295037509407,3.83919359592255e-05,7290.18477434797,9800.67147091025,585
"870",97045,-22.7421722412109,-43.3804092407227,0.0056443420471623,0.0001227030879817,3.64507504855283e-05,9204.18997843819,8444.16373041205,631
"871",97046,-22.7350673675537,-43.3447341918945,0.0065165433625225,0.0001416639861417,3.90421264455654e-05,6794.76782920375,7401.50709647359,1086
"872",97047,-22.7279682159424,-43.3089981079102,0.0060514739307109,0.0001315537811024,3.63722610927653e-05,5577.02382129292,6375.3445597962,725
"873",97048,-22.7208728790283,-43.273193359375,0.0054227327491389,0.0001178854945464,3.31939154420979e-05,1902.83171074691,1089.21798120113,928
"874",97049,-22.7137813568115,-43.2373199462891,0.0026295940915588,5.71650889469311e-05,2.10635371331591e-05,994.900345662102,752.860193637947,750
"875",97050,-22.706693649292,-43.2013740539551,0.0013733000596403,2.98543491226155e-05,1.76141802512575e-05,4620.00578454555,252.298352951178,940
"876",97051,-22.6996078491211,-43.1653594970703,0.000891302137461,1.93761334230658e-05,1.72400505107362e-05,8418.37521833749,685.231287376895,842
"877",97054,-22.6783695220947,-43.0568618774414,0.0001362447437713,2.96184225589968e-06,1.71247465914348e-05,16509.4888615928,474.369162869843,921
"878",97055,-22.671293258667,-43.0205421447754,0.0003115112367595,6.77198340781615e-06,1.62220912898192e-05,16571.1242603764,977.33789957907,684
"879",97056,-22.6642189025879,-42.9841346740723,0.0011226667629671,2.44057991949376e-05,1.97730241779936e-05,16261.9790501378,195.325937602339,707
"880",97057,-22.6571464538574,-42.9476470947266,0.0006770268228137,1.47179744089954e-05,1.6182370018214e-05,16854.6184143444,69.3991138388653,850
"881",97058,-22.650074005127,-42.9110717773438,0.0005264503124635,1.14445720100775e-05,1.55641882884083e-05,17655.5244484027,9.18685738155391,782
"882",97059,-22.6430034637451,-42.8744087219238,0.0028139643254689,6.11731375101954e-05,2.18084296648158e-05,15292.6445726172,7.46313062894131,987
"883",97060,-22.6359329223633,-42.8376579284668,0.0009278990073653,2.01717175514204e-05,1.62996166181983e-05,13640.2430148119,9.33713467411194,623
"884",97061,-22.6288623809814,-42.8008117675781,6.20056655407097e-05,1.34794925088499e-06,1.56752648763359e-05,12980.558608805,28.0179517407739,579
"885",97062,-22.6217918395996,-42.7638740539551,0.00035636724715,7.74711406847928e-06,1.49850120578776e-05,13468.7474606915,88.0692297117325,971
"886",97063,-22.6147212982178,-42.7268371582031,0.0002610737637951,5.67551660424215e-06,1.63199147209525e-05,15000.6302286502,525.332974130979,623
"887",97064,-22.6076488494873,-42.6897048950195,0.0016532147346879,3.59394507540856e-05,1.96464716282208e-05,17308.0005397004,42.2949662830219,734
"888",97065,-22.6005764007568,-42.6524696350098,3.29758777297684e-05,7.16866907168878e-07,1.59249102580361e-05,20131.9101222569,3.84070297676674,1140
"889",97066,-22.5935020446777,-42.6151313781738,0.0007464616974175,1.62274282047292e-05,1.57902049977565e-05,23290.6491888617,1.71223296980324,587
"890",97067,-22.58642578125,-42.5776863098145,0.0006009641692799,1.30644384626066e-05,1.51232061398332e-05,26670.4673092766,1.56724678623962,600
"891",97069,-22.5722675323486,-42.5024719238281,0.0001647512635827,3.58154920832021e-06,1.42775488711777e-05,23206.9741519339,14.6205885348073,766
"892",97345,-23.618860244751,-47.4751625061035,0.0058670775906648,0.0001275451650144,4.8480669647688e-05,10509.5733227619,49.6048965838183,802
"893",97346,-23.6087665557861,-47.4352836608887,0.0061938802246004,0.0001346495701,5.23365051776636e-05,9376.85373315674,28.1614344414436,663
"894",97347,-23.5987300872803,-47.3955612182617,0.0052620715723605,0.0001143928602687,4.89480407850351e-05,10101.961155414,31.958210949884,942
"895",97348,-23.5887508392334,-47.3559875488281,0.0028545064851641,6.20544888079166e-05,3.00579977192683e-05,12344.8886868051,12.7684045813632,875
"896",97349,-23.5788288116455,-47.3165664672852,0.0012658811756409,2.7519155992195e-05,2.19239063881105e-05,15444.467212519,14.0193895663705,601
"897",97350,-23.568962097168,-47.277286529541,0.0026579935511108,5.77824685024098e-05,2.8743343136739e-05,18975.4217538981,78.9839080138349,610
"898",97351,-23.5591506958008,-47.2381553649902,0.0016770069632912,3.64566731150262e-05,2.38192333199549e-05,18148.7398517097,128.684422177358,913
"899",97352,-23.5493927001953,-47.1991577148438,0.0013858179518138,3.01264772133436e-05,2.17342203541193e-05,15521.4530435,602.030556838209,1036
"900",97353,-23.5396881103516,-47.1603012084961,0.0019109187778667,4.15417125623208e-05,2.414513619442e-05,13701.2601212615,1344.45627645622,704
"901",97354,-23.5300350189209,-47.12158203125,0.000461053019535,1.00228917290224e-05,2.11427031899802e-05,13015.7026429791,642.090495922611,1060
"902",97355,-23.5204334259033,-47.0829887390137,0.0029712554678553,6.4592510170769e-05,3.44901200151071e-05,12787.9585153998,159.66234766855,958
"903",97356,-23.5108833312988,-47.0445289611816,0.0020262909965822,4.40498042735271e-05,2.97910846711602e-05,9036.04959682237,126.887089165122,668
"904",97357,-23.5013828277588,-47.0061950683594,0.0014713132040924,3.19850696541835e-05,2.46580038947286e-05,5826.24493727423,522.694962840864,888
"905",97358,-23.4919300079346,-46.9679870605469,0.001908569895022,4.14906498917844e-05,2.61246605077758e-05,4480.18483209985,617.380915184857,935
"906",97359,-23.4825267791748,-46.9299011230469,0.0018594383145682,4.04225720558316e-05,2.39963628700934e-05,4096.24636954249,1150.96719860819,642
"907",97360,-23.4731712341309,-46.8919334411621,0.0024591501423856,5.34597857040353e-05,2.62975954683498e-05,3808.11804109655,3653.51767224138,599
"908",97361,-23.4638633728027,-46.8540840148926,0.002845028284355,6.18484409642406e-05,2.91776068479521e-05,241.11685115232,1776.83852833468,926
"909",97362,-23.4546012878418,-46.816349029541,0.0026700870512286,5.8045370678883e-05,3.03023571177619e-05,4183.36652838943,3093.58143359435,625
"910",97363,-23.445384979248,-46.7787246704102,0.0054665518982801,0.0001188380847452,4.76658315164968e-05,5816.1740111765,3413.72273581892,789
"911",97364,-23.4362125396729,-46.7412109375,0.0088811093010008,0.0001930675935,7.64514770708047e-05,5584.45206105856,7893.97077906902,610
"912",97365,-23.4270858764648,-46.7038040161133,0.0064715397311374,0.000140685646329,6.04182969254907e-05,7794.40707726405,6426.7550223723,645
"913",97366,-23.4180030822754,-46.66650390625,0.0034403937752358,7.47911690268666e-05,4.16611801483668e-05,6927.24002824018,3629.33956227735,725
"914",97367,-23.4089622497559,-46.6293067932129,0.0039192636468214,8.52013836265542e-05,4.63606702396646e-05,7206.80862771367,2073.14155769439,668
"915",97368,-23.3999633789062,-46.5922088623047,0.0043872054229723,9.53740309341811e-05,4.76407731184736e-05,9279.6243447466,744.447322867145,1132
"916",97369,-23.3910064697266,-46.5552101135254,0.0018017444235738,3.91683570342138e-05,2.92820932372706e-05,8241.31599844143,675.042697811725,626
"917",97370,-23.3820896148682,-46.518310546875,0.0042963835148839,9.33996416279115e-05,5.03111841680948e-05,8237.0251737302,1791.91308674491,1053
"918",97371,-23.3732147216797,-46.481502532959,0.0007914546185929,1.72055351868039e-05,2.43347803916549e-05,6727.39007855988,1812.22519777957,933
"919",97372,-23.3643779754639,-46.4447860717773,0.0031281101692002,6.80023949826136e-05,3.38382342306431e-05,7327.18997968846,1282.4090126136,571
"920",97373,-23.3555812835693,-46.4081611633301,0.0017675636263447,3.84252962248866e-05,2.68370586127276e-05,9638.09546466711,254.743736353726,627
"921",97374,-23.3468246459961,-46.3716201782227,0.0004025461566925,8.75100340635981e-06,2.49246531893732e-05,12753.2233017921,50.8857857960422,1031
"922",97375,-23.3381042480469,-46.3351669311523,0.0029275671840878,6.36427648714744e-05,3.75399758922867e-05,14782.5430886946,65.4651337720179,767
"923",97376,-23.3294200897217,-46.2987976074219,0.0013472671380441,2.92884160444373e-05,2.56684597843559e-05,12798.2559759092,63.1824381791954,1092
"924",97377,-23.3207740783691,-46.2625122070312,0.0018318856309633,3.98236006731167e-05,2.68600560957566e-05,11805.7828768916,416.707641869562,907
"925",97378,-23.3121643066406,-46.2263031005859,0.0015880814316915,3.45235093845986e-05,2.38224420172628e-05,12043.6946049187,1751.8129040747,920
"926",97379,-23.3035907745361,-46.1901741027832,0.0010705069544201,2.3271890313481e-05,2.3821185095585e-05,13439.2465290052,136.219499212564,649
"927",97380,-23.295051574707,-46.1541175842285,0.0010734223906183,2.33352693612687e-05,2.38465254369657e-05,15680.3116972084,56.4406524487877,633
"928",97381,-23.2865467071533,-46.1181373596191,0.0011320866433379,2.46105792029994e-05,2.60775232163724e-05,14256.7434533671,42.6706796790498,864
"929",97382,-23.278076171875,-46.0822257995605,0.0018922210947494,4.11352411902044e-05,2.43462181970244e-05,10666.2063811303,60.364048202883,879
"930",97383,-23.2696399688721,-46.04638671875,0.0014449992231675,3.14130265905987e-05,2.27656710194424e-05,7341.0913594544,108.138074183945,983
"931",97384,-23.2612361907959,-46.0106163024902,0.0004409625071275,9.5861414592946e-06,1.95834254554939e-05,4841.04209619909,121.95946094378,964
"932",97385,-23.2528629302979,-45.9749069213867,0.0006782018917874,1.47435193866841e-05,2.07061912078643e-05,2213.66180053525,627.443418173083,659
"933",97386,-23.2445240020752,-45.939266204834,0.0006276936310314,1.36455137180747e-05,1.96985329239396e-05,3865.28998514285,1423.1946294716,639
"934",97387,-23.2362155914307,-45.9036865234375,0.0013218248677731,2.87353232124588e-05,2.12000832107151e-05,6677.11655365533,7138.79291775746,998
"935",97388,-23.2279376983643,-45.8681640625,0.0018336680441279,3.98623487853911e-05,1.9923319996451e-05,5907.48677435057,3281.83273310114,649
"936",97389,-23.219690322876,-45.8327026367188,0.003152158940793,6.85251943650655e-05,2.45062146859709e-05,4518.09989946875,1034.5726931982,720
"937",97390,-23.2114734649658,-45.7972984313965,0.0047118988150032,0.0001024325829348,3.07894988509361e-05,4057.37524912887,1074.33549785585,584
"938",97391,-23.2032852172852,-45.7619476318359,0.0045766599941998,9.94926085695624e-05,3.18702768709045e-05,6411.55267496927,684.363259249103,688
"939",97392,-23.195125579834,-45.7266502380371,0.0046059567685006,0.0001001294949674,3.20666440529749e-05,7594.97937670256,161.389752644162,700
"940",97393,-23.1869964599609,-45.6914024353027,0.0006521214854728,1.41765540320193e-05,1.99144742509816e-05,8896.10738107593,44.2525637683721,783
"941",97394,-23.1788940429688,-45.6562042236328,0.0017294036515522,3.75957315554842e-05,2.39328328461852e-05,8249.16881136453,18.4820361892943,629
"942",97395,-23.1708183288574,-45.6210556030273,0.0001915840621222,4.16487091570161e-06,1.9014676581719e-05,9116.29336099736,8.25056807178843,963
"943",97396,-23.1627712249756,-45.5859489440918,0.0006049630101188,1.31513697851915e-05,1.89300953934435e-05,11239.4001116527,5.64094162277568,582
"944",97397,-23.154748916626,-45.5508880615234,0.0013607025939563,2.95804911729647e-05,2.03070194402244e-05,14056.0926080127,7.6122463212827,646
"945",97398,-23.1467533111572,-45.515869140625,0.000931966209464,2.0260134988348e-05,1.99483438336756e-05,14164.2677754932,7.61339553312623,962
"946",97400,-23.1308403015137,-45.4459533691406,0.0007961035189509,1.73065982380649e-05,1.91867839021143e-05,15890.9239169551,15.2137276274454,1022
"947",97402,-23.1150245666504,-45.3761863708496,0.0008895516875782,1.93380801647436e-05,1.8998995074071e-05,20385.3412456537,12.029904644034,792
"948",97403,-23.1071529388428,-45.3413505554199,0.000426556522143,9.27296787267551e-06,1.86112356459489e-05,23206.7259970571,9.75259088826357,1100
"949",97404,-23.0993061065674,-45.3065490722656,0.0004334955665399,9.42381666391157e-06,1.97891149582574e-05,26250.0001429893,7.53564857180071,939
"950",97408,-23.0681419372559,-45.1676292419434,0.0003439734846324,7.47768444853136e-06,1.63242111739237e-05,25614.787020163,29.0357363006708,889
"951",97409,-23.0604057312012,-45.1329650878906,0.0008620425978733,1.8740056475508e-05,1.79420221684268e-05,25811.074345861,7.99363182205565,692
"952",97410,-23.0526924133301,-45.0983200073242,0.0003241822305426,7.04743979440536e-06,1.63443055498647e-05,26527.6325079869,7.46557530853739,594
"953",97413,-23.0296688079834,-44.9944953918457,0.000199941811843,4.34656112702214e-06,1.58030798047548e-05,31305.7179823823,48.9576918055247,898
"954",97415,-23.0144195556641,-44.9253616333008,0.0012163700521341,2.64428272203077e-05,1.92067182069877e-05,34306.720402776,9.12597919093131,882
"955",97417,-22.9992446899414,-44.856273651123,0.0013662983437825,2.97021379083162e-05,1.74927281477721e-05,37310.5930595255,6.27806744640231,750
"956",97418,-22.9916839599609,-44.8217468261719,0.000202907242965,4.41102702097851e-06,1.86737070180243e-05,39247.407623915,8.0299688301807,666
"957",97419,-22.9841423034668,-44.787223815918,0.0007501728687202,1.63081058417447e-05,1.95003613043809e-05,41422.1148525528,6.15296246711607,727
"958",97425,-22.9392395019531,-44.5801429748535,0.0010790590567921,2.34578055824386e-05,1.922821138578e-05,29057.1855803932,4.12362580608086,816
"959",97427,-22.9243965148926,-44.511100769043,0.0008214310728362,1.78571972355712e-05,1.89915499504423e-05,22760.6479851187,1.21118564522243,599
"960",97428,-22.9169979095459,-44.4765663146973,0.0005448012525448,1.18435054901056e-05,1.92390525626251e-05,19882.8839094619,10.5663126510957,713
"961",97429,-22.9096126556396,-44.442024230957,0.0006832601229689,1.48534809341072e-05,1.88845206139376e-05,17308.3804783302,69.8529915860479,775
"962",97431,-22.8948841094971,-44.3729095458984,0.0010273330954078,2.23333281610394e-05,1.92670067917788e-05,13748.167268582,97.0097328959834,627
"963",97432,-22.8875389099121,-44.3383293151855,0.0006140927525848,1.33498424474965e-05,1.72216368810041e-05,13199.3894518213,45.5982226704968,705
"964",97433,-22.8802070617676,-44.3037338256836,0.0017890325761982,3.88920125260483e-05,1.97244717128342e-05,13655.2951515022,18.4189203576705,597
"965",97434,-22.8728885650635,-44.2691192626953,0.0013172684266464,2.86362701444887e-05,2.00798240257427e-05,15025.7039658328,23.712522374489,1247
"966",97435,-22.8655815124512,-44.234489440918,0.0011413831889512,2.48126780206803e-05,1.97860554180807e-05,17093.0907474367,12.6449453517544,792
"967",97436,-22.8582878112793,-44.199836730957,0.0008871185455063,1.92851857718779e-05,1.86144206963945e-05,19639.5506256871,75.8313516425209,607
"968",97437,-22.8510036468506,-44.1651611328125,0.0011733918217942,2.55085178650916e-05,1.9911996787414e-05,22504.3260556862,53.119669578804,663
"969",97438,-22.8437328338623,-44.1304626464844,0.0001253289588021,2.72454258265498e-06,2.05369724426419e-05,25581.3031460234,3.3232164644733,642
"970",97439,-22.8364715576172,-44.0957412719727,0.0008330106502398,1.81089271791279e-05,1.99751757463673e-05,28803.5911961264,7.22264508541725,954
"971",97440,-22.8292198181152,-44.0609893798828,0.0010944393361569,2.37921594816726e-05,1.87330133485375e-05,32128.8484614458,8.7600737846088,1054
"972",97442,-22.8147506713867,-43.9913940429688,0.0002990505354318,6.5010985963454e-06,1.8801403712132e-05,29122.448857221,1.23315339943815,662
"973",97443,-22.8075294494629,-43.9565505981445,0.0003624631135608,7.8796329034958e-06,1.94963522517355e-05,26124.4406089883,0.681979735193206,617
"974",97444,-22.8003196716309,-43.9216728210449,0.0001935810350914,4.20828337155399e-06,1.79906110133743e-05,23325.9953983725,2.35627282849434,870
"975",97445,-22.7931175231934,-43.8867607116699,0.0004674381871154,1.01616997199017e-05,1.8253344023833e-05,20809.7621435768,5.91953765836834,867
"976",97446,-22.785924911499,-43.851806640625,0.0003053445616387,6.63792525301687e-06,1.91951749002328e-05,18691.3418225262,10.3261041893757,900
"977",97447,-22.7787399291992,-43.8168182373047,0.0022737296385457,4.94289051857777e-05,2.35283132496988e-05,17122.275913143,13.5527862015878,894
"978",97448,-22.7715625762939,-43.7817878723145,0.001473515156249,3.20329381793272e-05,2.00661597773433e-05,16184.449299269,28.809960023284,713
"979",97449,-22.7643947601318,-43.746711730957,0.0013859586069884,3.0129534934531e-05,2.23832539631985e-05,12537.1448785382,135.119849523895,676
"980",97450,-22.7572326660156,-43.7115936279297,0.0013016246593906,2.82961882476229e-05,1.73097560036695e-05,8950.5922765391,517.019959280577,816
"981",97451,-22.7500801086426,-43.6764297485352,0.0007132791251933,1.55060679389862e-05,1.56395908561535e-05,5552.2879921898,425.365452650638,583
"982",97452,-22.7429332733154,-43.6412162780762,0.0017242160611203,3.74829578504432e-05,1.91238086699741e-05,2852.20015848911,240.333019062076,694
"983",97453,-22.7357921600342,-43.6059532165527,0.0011245981149841,2.44477851083502e-05,1.76334669959033e-05,3456.19254850651,435.485778479911,896
"984",97454,-22.7286586761475,-43.5706367492676,0.0021086339329485,4.58398681075778e-05,2.09089284908259e-05,6622.19638272568,3635.67129355598,605
"985",97455,-22.7215309143066,-43.535270690918,0.0020332656858954,4.42014279542491e-05,2.29854413191788e-05,8748.13029466662,3891.83971279294,604
"986",97456,-22.7144107818604,-43.4998474121094,0.0040754452784312,8.85966364876367e-05,3.33948773914017e-05,5043.583171778,4060.46311250474,819
"987",97457,-22.7072944641113,-43.4643669128418,0.0040807491750456,8.87119385879487e-05,3.33919961121865e-05,1611.33951774551,4421.55426964582,647
"988",97458,-22.7001819610596,-43.4288291931152,0.0029194344533607,6.34659663774073e-05,2.45004866883392e-05,2852.17732132678,4619.61234125991,680
"989",97459,-22.6930770874023,-43.3932304382324,0.0030109264189377,6.54549221508205e-05,2.45924929913599e-05,6495.18762444731,1605.71186640044,1009
"990",97460,-22.6859741210938,-43.3575706481934,0.0037588812701869,8.1714810221456e-05,2.62788380496204e-05,10241.661960319,1109.83168199206,811
"991",97461,-22.6788768768311,-43.3218421936035,0.003668788660434,7.97562752268277e-05,2.60334800259443e-05,7442.66876699669,1519.06402056551,1145
"992",97462,-22.6717834472656,-43.2860527038574,0.0032629570632707,7.09338492015377e-05,2.44831608142704e-05,5159.81723608911,3583.61659146271,1067
"993",97463,-22.6646938323975,-43.2501907348633,0.0020976700252504,4.56015222880524e-05,1.98539946723031e-05,5011.29792610287,4716.03509493292,622
"994",97464,-22.6576080322266,-43.2142601013184,0.0021608743190881,4.697552867583e-05,1.97171411855379e-05,6640.10220221923,2517.6663237415,578
"995",97465,-22.6505260467529,-43.1782608032227,0.0003666980392154,7.97169650468277e-06,1.71225256053731e-05,9601.57968279059,1103.75975850677,876
"996",97466,-22.6434459686279,-43.1421813964844,0.0004759617986564,1.03469956229674e-05,1.65360015671467e-05,13022.959699994,532.446055412656,823
"997",97467,-22.6363677978516,-43.106029510498,0.0005304859278112,1.15323027785053e-05,1.76356679730816e-05,16421.6446141336,276.382169260042,956
"998",97468,-22.6292915344238,-43.0698013305664,0.0006068029488233,1.31913684526808e-05,1.70221792359371e-05,17613.745792845,485.990373897232,728
"999",97469,-22.6222190856934,-43.0334930419922,0.000829731401609,1.80376391654136e-05,1.75481218320783e-05,19507.6816076865,969.680680232118,696
"1000",97470,-22.6151466369629,-42.9971008300781,0.0018737976934062,4.07347324653529e-05,2.0287536244723e-05,21867.4295994811,270.86702284017,645
"1001",97471,-22.6080760955811,-42.9606246948242,0.0015787101656314,3.43197862093803e-05,1.8835255104932e-05,22275.3628249892,39.7959691196127,678
"1002",97472,-22.6010074615479,-42.9240646362305,0.0015127187070902,3.28851892845705e-05,1.89270795090124e-05,22230.5837200676,12.9302741842505,902
"1003",97473,-22.5939388275146,-42.8874130249023,0.0005058671304141,1.09971115307417e-05,1.66243007697631e-05,20363.792957441,18.0277041486984,635
"1004",97474,-22.5868701934814,-42.8506736755371,0.0010187502848566,2.21467453229707e-05,1.75405948539265e-05,19109.4161997299,18.4490087893545,636
"1005",97475,-22.5798015594482,-42.8138427734375,0.0003750883170141,8.15409384813393e-06,1.61003626999445e-05,18597.3329709699,19.278806187915,731
"1006",97476,-22.5727348327637,-42.7769165039062,9.66334728218499e-05,2.10072767004021e-06,1.59921419253806e-05,18893.5562138766,55.3755138608756,688
"1007",97477,-22.5656661987305,-42.7398948669434,0.001467667214456,3.19058090099134e-05,1.85949411388719e-05,19968.2216981534,133.012378774864,617
"1008",97478,-22.5585956573486,-42.7027740478516,0.0004035781857965,8.77343882166315e-06,1.56104088091524e-05,21711.419877393,237.29108814971,753
"1009",97480,-22.544454574585,-42.6282272338867,0.0004398628698254,9.5622363005532e-06,1.67522612173343e-05,26651.9449981997,7.89497490370836,1048
"1010",97483,-22.5232276916504,-42.5156097412109,0.0002333669744984,5.07319509779336e-06,1.50168762047542e-05,26547.5649106429,2.36760250732416,1113
"1011",97760,-23.5696887969971,-47.486442565918,0.0044637968094321,9.70390610746108e-05,3.39651633112226e-05,5856.65009102691,1066.79393746135,930
"1012",97761,-23.5595951080322,-47.4465789794922,0.0049377881805412,0.0001073432213161,4.01429424528033e-05,3788.09148714547,2102.26437595816,667
"1013",97762,-23.549560546875,-47.4068717956543,0.0046286148863146,0.0001006220627459,3.88010521419346e-05,5567.08049727152,1399.24891065119,593
"1014",97763,-23.5395812988281,-47.367317199707,0.003219667734811,6.99927768437192e-05,3.03727829304989e-05,9153.66169915689,211.221839670863,875
"1015",97764,-23.5296592712402,-47.3279075622559,0.0012200311030028,2.65224152826704e-05,2.11528913496295e-05,13127.5037533402,83.950480411501,978
"1016",97765,-23.5197925567627,-47.288646697998,0.0034132420551031,7.42009142413735e-05,3.36923367285635e-05,17141.5051284562,428.022839747308,860
"1017",97766,-23.5099792480469,-47.2495269775391,0.0041171401244355,8.95030461833812e-05,3.90393361158203e-05,14435.4091295884,219.095513101903,927
"1018",97767,-23.5002212524414,-47.2105484008789,0.0038217301189433,8.30810895422474e-05,4.0246952266898e-05,11056.6928789803,70.1081990278308,832
"1019",97768,-23.4905166625977,-47.1717071533203,0.0032143755524884,6.98777294019237e-05,3.42243038176093e-05,8445.49512690848,268.242013226799,702
"1020",97769,-23.480863571167,-47.132999420166,0.0011171811274834,2.42865462496411e-05,2.29372144531226e-05,7431.325449778,54.9630939869725,597
"1021",97770,-23.4712619781494,-47.094425201416,0.0021102003011037,4.58739195892122e-05,2.70502605417278e-05,8577.56059231488,211.387071108201,1060
"1022",97771,-23.4617118835449,-47.055980682373,0.0015187016979325,3.30152543028817e-05,2.28775788855273e-05,11225.639687456,414.763701490077,686
"1023",97772,-23.4522113800049,-47.0176620483398,0.0031642551184631,6.87881547491997e-05,3.82405742129777e-05,10641.9200992123,64.6407091051529,705
"1024",97773,-23.4427585601807,-46.9794654846191,0.0013199368586356,2.86942795355571e-05,2.3546452212031e-05,7388.10717363887,164.439058232102,904
"1025",97774,-23.4333553314209,-46.9413948059082,0.0018966219868161,4.12309127568733e-05,2.32009952014778e-05,3516.47854727658,620.712939169039,816
"1026",97775,-23.423999786377,-46.9034423828125,0.0029871393780922,6.49378125672229e-05,3.11058429360855e-05,1869.57174126115,1033.73996616788,666
"1027",97776,-23.4146919250488,-46.865608215332,0.0022075177839724,4.7989517042879e-05,2.53251419053413e-05,5258.355482516,1066.19489104345,639
"1028",97777,-23.4054298400879,-46.8278846740723,0.0032602075516479,7.08740772097372e-05,3.36580851580948e-05,6962.12257489858,754.312742015874,679
"1029",97778,-23.3962135314941,-46.7902793884277,0.0058232179435435,0.0001265916944248,5.72881035623141e-05,9359.85528517432,1262.75958183065,743
"1030",97779,-23.3870429992676,-46.7527770996094,0.0069133900979068,0.0001502910890849,6.24802123638801e-05,11080.1715707065,2268.15498092446,720
"1031",97780,-23.3779144287109,-46.715389251709,0.0048345943068852,0.0001050998762366,4.58040376543067e-05,12413.8116365662,2332.70910949164,639
"1032",97781,-23.3688316345215,-46.6781005859375,0.0041807145898928,9.08850997802801e-05,4.62545758637134e-05,12421.3578722198,230.426357634807,594
"1033",97782,-23.359790802002,-46.6409187316895,0.0035238119162386,7.66046068747528e-05,4.13635534641799e-05,12646.7214910111,307.017402175881,860
"1034",97783,-23.3507919311523,-46.6038360595703,0.0037207559362286,8.08859986136667e-05,4.12094886996783e-05,14041.6481059521,272.742249617254,746
"1035",97784,-23.3418369293213,-46.5668525695801,0.0010242494754493,2.22662929445505e-05,2.41544857999543e-05,13775.4924624765,563.524634151535,665
"1036",97785,-23.3329200744629,-46.5299644470215,0.0004277854768588,9.29968427954009e-06,2.39534838328836e-05,13109.6108683725,353.725949413346,634
"1037",97786,-23.3240451812744,-46.4931716918945,0.0011163651433889,2.42688074649777e-05,2.73892710538348e-05,12281.2529244086,51.9776784155515,854
"1038",97787,-23.3152103424072,-46.456470489502,0.0020478434526012,4.45183359261137e-05,3.16344267048407e-05,12679.2877564037,46.6962784712601,885
"1039",97788,-23.3064136505127,-46.4198570251465,0.0011211277560505,2.43723425228382e-05,2.75754664471606e-05,14192.7112137469,20.5508628314717,1039
"1040",97789,-23.2976551055908,-46.3833312988281,0.000837454383145,1.82055300683714e-05,2.74396625172812e-05,16510.6941487274,15.8526554735239,957
"1041",97790,-23.2889347076416,-46.3468933105469,0.0008711779883014,1.89386519195978e-05,2.5903662390192e-05,19340.1799125973,24.7521284535978,994
"1042",97791,-23.280252456665,-46.3105392456055,0.0015888691341388,3.45406333508436e-05,2.81845168501604e-05,18023.0874957522,20.8475207839156,949
"1043",97792,-23.2716083526611,-46.2742652893066,0.001170466595795,2.54449259955436e-05,2.39961791521637e-05,17370.9177884714,50.5629051009418,660
"1044",97793,-23.2629985809326,-46.2380714416504,0.0015207875112537,3.30605980707332e-05,2.42902606260031e-05,17570.5452119494,78.4257671368095,1005
"1045",97794,-23.2544250488281,-46.2019538879395,0.000749408845877,1.62914966495009e-05,2.19545454456238e-05,18588.7683982888,61.9636834966194,618
"1046",97795,-23.245885848999,-46.1659164428711,0.002522138725908,5.48291027371306e-05,3.1667725124862e-05,19941.4086342394,47.5784973252132,715
"1047",97796,-23.2373809814453,-46.1299476623535,0.0013006210792809,2.82743712887168e-05,2.39780219999375e-05,16721.7000272888,72.3970671093064,710
"1048",97797,-23.2289123535156,-46.094051361084,0.002382486629358,5.17931875947397e-05,2.89851177512901e-05,13831.8760531202,31.6286208106339,929
"1049",97799,-23.2120723724365,-46.0224647521973,0.001617316956981,3.51590642821975e-05,2.32653710554587e-05,8832.53743517197,44.8063225080606,781
"1050",97800,-23.2037010192871,-45.9867744445801,0.0004908333012281,1.06702891571331e-05,2.23673232540023e-05,7746.15878370982,136.210655288286,683
"1051",97801,-23.1953601837158,-45.9511451721191,0.001093577415304,2.37734220718266e-05,1.91193030332215e-05,7952.29859010942,626.78672094436,593
"1052",97802,-23.1870536804199,-45.9155769348145,0.0018196769960923,3.95581955672242e-05,2.22526941797696e-05,4153.50809924434,3236.11490881234,663
"1053",97803,-23.1787757873535,-45.880069732666,0.002312547287147,5.02727671118919e-05,2.20319216168718e-05,451.216702425406,4281.17401606506,719
"1054",97804,-23.1705303192139,-45.8446235656738,0.0018225163730676,3.96199211536441e-05,2.05626238312107e-05,2906.13220809838,1858.17265299981,601
"1055",97805,-23.1623134613037,-45.8092308044434,0.0023361107523669,5.07850163558032e-05,2.19313878915273e-05,2320.77489269452,1066.0365771389,611
"1056",97806,-23.154125213623,-45.7738914489746,0.0033095109974965,7.19458912499249e-05,2.57654774031835e-05,3321.20408343042,1026.92086213844,907
"1057",97807,-23.1459674835205,-45.7386093139648,0.0023189832863863,5.04126801388338e-05,2.0764706277987e-05,2209.22667237272,355.398430825427,860
"1058",97808,-23.1378383636475,-45.7033767700195,0.0023146203820942,5.03178343933541e-05,2.18599016079679e-05,4416.01637039859,432.825969770782,1058
"1059",97809,-23.1297359466553,-45.6681900024414,0.0015521921886829,3.37433084496297e-05,1.99501319002593e-05,2655.86661977892,673.20758041069,1170
"1060",97810,-23.1216621398926,-45.6330528259277,0.0008664667511766,1.88362337212311e-05,1.8395641745883e-05,4779.13500823309,85.4387549604634,646
"1061",97811,-23.1136131286621,-45.5979614257812,0.0012745310923492,2.77071976597654e-05,1.88760350283701e-05,8169.26603408029,29.7960282844485,1126
"1062",97812,-23.1055927276611,-45.562915802002,0.0011119793962279,2.41734651353909e-05,1.83759293577168e-05,9414.40734454696,34.6273951767573,661
"1063",97813,-23.097599029541,-45.5279121398926,0.0016718093320378,3.63436811312567e-05,2.10740836337209e-05,8560.63374049799,45.6545995213988,932
"1064",97814,-23.0896301269531,-45.4929466247559,0.0015162011986831,3.29608956235461e-05,2.15584786928957e-05,9267.46086237629,73.695994007128,814
"1065",97815,-23.0816860198975,-45.4580192565918,0.0023222989329951,5.04847594129387e-05,2.31323065236211e-05,11239.8594119044,13.2022490129278,908
"1066",97816,-23.0737686157227,-45.4231300354004,0.0018744573753792,4.07490733778104e-05,2.15380678127985e-05,13947.4753100517,10.6419762748464,967
"1067",97818,-23.0580024719238,-45.353458404541,2.89164258902019e-05,6.28617954134825e-07,1.99351306946483e-05,20341.8196390246,6.33124130368898,784
"1068",97820,-23.0423336029053,-45.2839126586914,0.0012111949290556,2.63303245446878e-05,2.03765484911855e-05,23108.6447138557,6.2992255184524,614
"1069",97821,-23.0345325469971,-45.2491836547852,0.0006388022939063,1.38870063892682e-05,1.878231887531e-05,21492.5571280628,6.29965578464063,588
"1070",97823,-23.0189971923828,-45.179801940918,0.0011855001321237,2.57717420026893e-05,1.85827339009847e-05,20009.5707406258,7.59831576826322,726
"1071",97825,-23.003547668457,-45.1105155944824,0.0001368811122119,2.97567635243468e-06,1.56819787662243e-05,21178.3453718752,8.18610846137616,727
"1072",97826,-22.9958534240723,-45.0759048461914,0.0014001303898112,3.04376171698095e-05,2.12345257750712e-05,22661.9602547458,8.47100986754181,971
"1073",97827,-22.9881801605225,-45.0413131713867,0.0001371728922094,2.98201939585852e-06,1.60207964654546e-05,24614.095895613,9.11153178466199,649
"1074",97829,-22.9728946685791,-44.9721717834473,0.0019580836960813,4.25670368713327e-05,1.85774442797992e-05,27876.7902605401,4.96927482498709,717
"1075",97830,-22.9652805328369,-44.9376258850098,0.0008554441046726,1.85966109711444e-05,1.61990774358856e-05,29051.1951520683,5.33554608300574,611
"1076",97831,-22.9576854705811,-44.9030914306641,0.0006821945407864,1.48303161040531e-05,1.5998923117877e-05,30626.712587657,6.68378078644828,822
"1077",97832,-22.9501075744629,-44.8685646057129,0.000303366038679,6.59491388432798e-06,1.64910270541441e-05,32544.7320163777,7.44011497337487,671
"1078",97833,-22.9425487518311,-44.8340492248535,0.0011057797746616,2.40386907535139e-05,1.71703031810466e-05,34748.0161502941,32.2152817881654,749
"1079",97834,-22.9350070953369,-44.7995376586914,0.0009809137918637,2.13242128666025e-05,1.72771124198334e-05,37185.9535333102,43.717280284636,1107
"1080",97835,-22.9274826049805,-44.7650337219238,0.001697133120615,3.68941982742399e-05,1.93217110791011e-05,39814.8910702705,9.80924445197451,622
"1081",97840,-22.8901119232178,-44.5925369262695,0.0020675557607319,4.49468643637374e-05,2.11904116440564e-05,32025.2858462684,1.01185392367661,676
"1082",97841,-22.8826847076416,-44.5580291748047,0.0001463098724343,3.18064940074692e-06,1.74400065588998e-05,29135.256106749,0.973925882677765,711
"1083",97842,-22.8752708435059,-44.5235176086426,0.000734446599381,1.59662304213271e-05,1.79169564944459e-05,26439.3663406109,0.7024446897743,968
"1084",97846,-22.8457641601562,-44.3853797912598,0.0008554577434551,1.85969074664172e-05,1.91980070667341e-05,19208.0976957553,6.1727078712076,723
"1085",97848,-22.831090927124,-44.3162307739258,0.0002625887354952,5.7084507716354e-06,2.12707800528733e-05,19121.5869049962,1.6461999100827,891
"1086",97849,-22.8237724304199,-44.2816314697266,0.0005237181212578,1.13851765490836e-05,2.02073952095816e-05,20112.1686373294,1.64135680783034,768
"1087",97851,-22.809175491333,-44.2123718261719,0.0014368193005793,3.12352021865081e-05,2.08618821488926e-05,23736.6706575333,54.9274590913077,757
"1088",97852,-22.8018932342529,-44.1777114868164,0.0008839077418087,1.92153856914956e-05,1.92135357792722e-05,26145.573094214,86.8589774418001,832
"1089",97853,-22.7946224212646,-44.1430244445801,0.0008783165940258,1.90938390005613e-05,1.79897870111745e-05,28826.3013209183,5.5953227985237,667
"1090",97854,-22.7873630523682,-44.1083145141602,0.0015975818896549,3.4730041079456e-05,2.01011698663933e-05,29543.6693669762,5.58518117261191,1121
"1091",97856,-22.7728748321533,-44.0388069152832,0.0011204423863091,2.43574431806337e-05,1.95633874682244e-05,28511.50136146,1.7998657569197,621
"1092",97857,-22.765645980835,-44.0040054321289,0.0006675325148535,1.45115764098591e-05,1.89213515113806e-05,28706.6084430387,1.21484009016299,922
"1093",97858,-22.7584285736084,-43.9691772460938,0.0002303136025147,5.00681744597387e-06,1.82530548045179e-05,29372.2875718237,0.625655704429568,731
"1094",97860,-22.7440185546875,-43.8994102478027,0.0002036639025391,4.42747614215477e-06,2.02256414922886e-05,25467.0982795829,3.90301265355859,1056
"1095",97861,-22.7368278503418,-43.8644714355469,0.0015647199543309,3.40156511811074e-05,2.02240680664545e-05,23633.8145669509,25.660086930373,971
"1096",97862,-22.7296447753906,-43.8294944763184,0.0017253717596759,3.7508081732085e-05,2.05004016606836e-05,19948.2186461303,20.3480857153359,841
"1097",97864,-22.7153034210205,-43.7594146728516,0.0026067697981488,5.66689086554106e-05,2.56477505899966e-05,12616.1989242419,40.2359577039988,605
"1098",97865,-22.7081432342529,-43.724308013916,0.000630426868156,1.37049319164362e-05,1.76616886164993e-05,9011.41652390665,336.002998725737,705
"1099",97866,-22.7009906768799,-43.6891555786133,0.0010344588990847,2.24882369366242e-05,1.65736255439697e-05,5566.24550899337,388.487766376466,643
"1100",97868,-22.6867084503174,-43.6187057495117,0.0007655059562239,1.66414338309551e-05,1.7236254279851e-05,3763.19718271591,2232.209802287,903
"1101",97869,-22.6795768737793,-43.5834045410156,0.0020856319169979,4.53398242825642e-05,2.15985801332863e-05,6747.34323753744,2287.26855687605,679
"1102",97870,-22.6724510192871,-43.5480499267578,0.0023691283204243,5.15027895744424e-05,2.32643833442125e-05,9898.22252933845,1625.60252284639,699
"1103",97871,-22.6653308868408,-43.5126419067383,0.0022167981805978,4.81912647956051e-05,2.37553631450282e-05,6766.8316398025,750.717220518934,1278
"1104",97872,-22.6582164764404,-43.4771728515625,0.0023672322786296,5.14615712745581e-05,2.40999197558267e-05,4669.98788303283,663.769244853413,1143
"1105",97873,-22.6511058807373,-43.4416465759277,0.0022855294446344,4.96854227094445e-05,2.21426653297385e-05,5115.5472066579,371.989762839475,623
"1106",97874,-22.6440029144287,-43.406063079834,0.0019537147672963,4.24720601586159e-05,2.05279611691367e-05,7680.79073892292,179.458720158562,661
"1107",97875,-22.6369018554688,-43.3704147338867,0.0033904276351677,7.37049485906027e-05,2.56585535680642e-05,10974.3188022978,95.4155538651549,697
"1108",97876,-22.6298065185547,-43.3347015380859,0.0030762352689635,6.68746797600761e-05,2.37949989241315e-05,11947.632468103,396.042007328182,987
"1109",97877,-22.6227169036865,-43.2989234924316,0.003547964777681,7.71296690800227e-05,2.66734568867832e-05,10614.616515778,778.186949833153,755
"1110",97878,-22.615629196167,-43.2630767822266,0.0014537501338054,3.16032637783792e-05,1.91579110833118e-05,10553.4952772014,1708.77917284969,911
"1111",97879,-22.6085453033447,-43.2271575927734,0.0024125138734234,5.2445953770075e-05,2.35489842452807e-05,11395.8064270186,1149.81073890994,723
"1112",97880,-22.6014633178711,-43.1911697387695,0.0036311402654973,7.89378318586387e-05,2.83922854578122e-05,11388.8496349248,4195.92005680566,836
"1113",97881,-22.5943851470947,-43.1551055908203,0.0017715332651278,3.85115927201696e-05,2.1033083612565e-05,10485.0448603084,742.070695752951,880
"1114",97882,-22.5873107910156,-43.118968963623,0.0019140078366035,4.16088660131209e-05,2.28974950005068e-05,10930.9143466545,328.069502807334,1028
"1115",97884,-22.5731658935547,-43.0464553833008,0.0005599798369075,1.21734747153823e-05,1.74345022969646e-05,15074.930380814,322.312523450993,964
"1116",97885,-22.5660953521729,-43.0100746154785,0.0010348181931476,2.2496047677123e-05,1.88021040230524e-05,18051.6006511994,247.271729438064,665
"1117",97886,-22.5590286254883,-42.9736137390137,0.00058598765645,1.27388620967395e-05,1.6585603589192e-05,21319.774250044,658.256853720647,1095
"1118",97887,-22.5519599914551,-42.9370651245117,0.0003968052751588,8.62620163388783e-06,1.59308128786506e-05,24768.7011579842,74.1599927630718,637
"1119",97889,-22.5378284454346,-42.8637046813965,0.0005748988241975,1.24978005260346e-05,1.66894678841345e-05,24643.7114027823,15.2718583540325,923
"1120",97890,-22.5307636260986,-42.8268852233887,0.0005039705029048,1.09558804979315e-05,1.65504716278519e-05,24212.1788296319,24.9218703080307,700
"1121",97891,-22.5236968994141,-42.7899742126465,0.0012855868735641,2.79475407296559e-05,1.77150977833662e-05,24403.5823143044,46.2577956762196,1102
"1122",97892,-22.5166301727295,-42.7529640197754,4.1821164245448e-05,9.09155744466261e-07,1.65312976605492e-05,25207.9352243909,42.3275271551854,910
"1123",97893,-22.5095634460449,-42.7158546447754,5.6118862630683e-05,1.21997527458007e-06,1.65234614541987e-05,26574.0876011459,31.4869525993808,638
"1124",97894,-22.5024948120117,-42.6786460876465,0.0009016177427838,1.96003857126925e-05,1.64961802511243e-05,28425.5203142569,228.767683517714,745
"1125",97895,-22.4954261779785,-42.6413345336914,0.0003666436095954,7.97051325207576e-06,1.59514420374762e-05,30678.374373745,511.394057957414,692
"1126",97896,-22.4883556365967,-42.6039199829102,0.0010970163129968,2.3848180717323e-05,1.90977898455458e-05,33255.0688648392,11.5206951696331,734
"1127",97897,-22.4812831878662,-42.5663948059082,0.0004063183678226,8.83300799614517e-06,1.60294293891639e-05,33416.2650923021,5.82867730504446,675
"1128",97898,-22.4742069244385,-42.5287590026855,0.000884741966729,1.9233521015849e-05,1.59768023877405e-05,30562.8140446731,2.47032403863132,875
"1129",98175,-23.5204811096191,-47.497745513916,0.0057573133381083,0.000125158985611,3.92649089917541e-05,4542.88035562011,3711.4835531129,693
"1130",98176,-23.5103874206543,-47.4578971862793,0.0057757924660109,0.0001255607057828,4.19609204982407e-05,1805.24239760921,4262.15395058033,1099
"1131",98177,-23.5003509521484,-47.4182052612305,0.0051148553902749,0.0001111925084842,3.88221997127403e-05,3548.34018826574,2038.75853256807,1043
"1132",98178,-23.4903736114502,-47.3786659240723,0.0031140212231548,6.76961135468446e-05,2.83823028439656e-05,7515.47182273299,447.895753733061,689
"1133",98179,-23.4804515838623,-47.3392715454102,0.0029169463377911,6.34118769085035e-05,3.04846944345627e-05,11666.9391210794,115.092175107114,1159
"1134",98180,-23.4705848693848,-47.3000259399414,0.004047170994454,8.79819781403057e-05,3.81227146135643e-05,15845.3263166344,71.7012093660847,634
"1135",98181,-23.4607715606689,-47.2609214782715,0.0055524929630337,0.0001207063687616,4.9958165618591e-05,12243.5822226377,58.2190567480155,781
"1136",98182,-23.4510135650635,-47.2219581604004,0.0044746864150511,9.72757916315459e-05,4.20364340243395e-05,8130.10509785096,73.2203072769227,1092
"1137",98183,-23.4413089752197,-47.1831321716309,0.0029568237951025,6.4278778154403e-05,3.16381119773723e-05,4176.32380105555,84.2772994164125,925
"1138",98184,-23.4316558837891,-47.1444396972656,0.002441449847538,5.30749966856092e-05,2.96839989459841e-05,1884.62314482894,69.4491422455977,929
"1139",98185,-23.4220542907715,-47.1058807373047,0.0019582582390285,4.25708312832285e-05,2.53144771704683e-05,4904.95366531862,79.9777542091262,920
"1140",98186,-23.412504196167,-47.0674514770508,0.0008342088549397,1.81349751073867e-05,2.21025511564221e-05,8865.6597912271,402.33933302653,1014
"1141",98187,-23.403003692627,-47.0291481018066,0.0026390016719233,5.73696015635505e-05,3.16671867039986e-05,12916.2058831958,550.44381654899,706
"1142",98188,-23.3935508728027,-46.990966796875,0.0035119978856528,7.63477801228873e-05,3.74385454051662e-05,10020.9925198222,431.161590265788,660
"1143",98189,-23.3841495513916,-46.9529113769531,0.0032699642179068,7.10861786501482e-05,3.77405594917946e-05,7760.08318786699,123.737872073476,616
"1144",98190,-23.3747940063477,-46.9149742126465,0.0041082566749537,8.93099277163856e-05,4.68118450953625e-05,5522.28897597681,806.308202376765,848
"1145",98191,-23.3654861450195,-46.8771514892578,0.0027098622595076,5.89100491197314e-05,2.82094697467983e-05,1762.42636159786,785.718131040725,749
"1146",98192,-23.3562240600586,-46.8394470214844,0.0040540305490139,8.81310988916084e-05,3.89978631574195e-05,2929.19788929066,740.895329501695,613
"1147",98193,-23.3470077514648,-46.8018531799316,0.0057740319753065,0.0001255224342457,6.14161544945091e-05,6827.0986036283,953.588705250247,778
"1148",98194,-23.3378372192383,-46.7643699645996,0.0070449596678372,0.0001531512971268,6.39041827525944e-05,10811.7328875515,2113.00898071547,712
"1149",98195,-23.3287105560303,-46.7269897460938,0.0054645025666104,0.0001187935340567,5.18875785928685e-05,14496.2694844347,4371.29979706442,843
"1150",98196,-23.3196258544922,-46.6897201538086,0.0034418627474224,7.48231032048352e-05,3.62172759196255e-05,15208.0457187199,1576.90206790516,716
"1151",98197,-23.3105869293213,-46.6525497436523,0.0017347224420518,3.771135743591e-05,2.73932455456816e-05,16859.2991926513,379.033163657514,638
"1152",98198,-23.3015880584717,-46.6154823303223,0.0009402687974215,2.04406260309042e-05,2.32492893701419e-05,19201.5815987713,754.044291894518,943
"1153",98199,-23.2926330566406,-46.5785140991211,0.0010398482263553,2.26053962251171e-05,2.31886333494913e-05,19349.63990742,1048.62227799426,693
"1154",98200,-23.2837162017822,-46.5416412353516,0.0020032392785651,4.35486799688078e-05,2.98432387353387e-05,18403.3109501275,473.983009187314,733
"1155",98201,-23.2748413085938,-46.5048599243164,0.0018922672825283,4.11362452723552e-05,3.01454292639391e-05,17866.1792123601,66.6916959888732,1158
"1156",98202,-23.2660064697266,-46.4681739807129,0.002675618205103,5.8165613154415e-05,3.39586913469248e-05,18183.6166192033,37.4253775476768,618
"1157",98203,-23.2572116851807,-46.4315757751465,0.000505197156599,1.09825468825875e-05,2.52425779763144e-05,19307.1119788396,32.0006590307952,763
"1158",98204,-23.2484531402588,-46.3950653076172,0.0017984046789933,3.90957538911607e-05,2.80486183328321e-05,21103.220959421,42.2669762321079,1115
"1159",98205,-23.2397346496582,-46.358642578125,0.0012380817388475,2.69148204097291e-05,2.52456138696289e-05,23412.3850361282,43.8863503183199,980
"1160",98206,-23.2310523986816,-46.3222999572754,0.0018950619778479,4.11969995184336e-05,2.92291333607864e-05,23425.2315166709,24.8127557406292,787
"1161",98207,-23.2224082946777,-46.2860412597656,0.0025607080315239,5.56675659026951e-05,3.33936113747768e-05,22956.5283851144,19.6948481067136,966
"1162",98209,-23.2052249908447,-46.2137565612793,0.0013931432331446,3.02857224596664e-05,2.30142268264899e-05,23944.6214544103,36.6752850018329,696
"1163",98210,-23.1966876983643,-46.1777305603027,0.00145082356903,3.15396428050008e-05,2.42618516494986e-05,23143.9176263855,61.9244446208915,923
"1164",98211,-23.1881847381592,-46.1417770385742,0.0002776955489025,6.03685975875123e-06,2.18009772652294e-05,20465.4215320196,173.442512817207,703
"1165",98212,-23.1797142028809,-46.1058959960938,0.0017146926766145,3.72759277524892e-05,2.61050099652493e-05,17792.8326865978,36.0784990662512,1061
"1166",98215,-23.154504776001,-45.9986572265625,0.0015617085446137,3.39501857524738e-05,2.41682319028769e-05,12783.4641415963,94.795649127251,758
"1167",98216,-23.1461658477783,-45.9630432128906,1.11298191995957e-05,2.41952591295558e-07,2.12781906157034e-05,9454.01127284695,286.204047666585,781
"1168",98217,-23.1378593444824,-45.927490234375,0.0014189765934133,3.08473172481172e-05,2.1858486434212e-05,6662.76138337769,601.888843706369,893
"1169",98218,-23.1295833587646,-45.8919944763184,0.0007574825867777,1.64670127560385e-05,2.06128024728969e-05,5319.77752465056,1602.44976719703,641
"1170",98219,-23.121337890625,-45.856559753418,0.0005720944645872,1.243683618668e-05,1.91032468137564e-05,4621.2602928461,197.783432636403,815
"1171",98220,-23.1131210327148,-45.8211822509766,0.0019398616132093,4.21709046349861e-05,2.1493440726772e-05,2004.52630500022,111.460214749052,708
"1172",98221,-23.1049346923828,-45.7858581542969,0.0006868021482659,1.49304814840434e-05,1.7566948372405e-05,3905.37325126553,49.3354452545628,787
"1173",98222,-23.0967769622803,-45.7505874633789,0.0019472349231364,4.23311939812265e-05,2.19969133468112e-05,3856.57819162304,741.009001309946,948
"1174",98223,-23.0886478424072,-45.7153663635254,0.0007996243330126,1.73831376741873e-05,1.93135056179017e-05,4532.72191815131,1239.90507136104,643
"1175",98226,-23.0644283294678,-45.6099967956543,0.0021093131945235,4.58546346635558e-05,2.1263016606099e-05,8134.33840407838,668.869519676208,963
"1176",98227,-23.0564079284668,-45.5749626159668,0.0008664048327773,1.88348876690725e-05,1.68043661687989e-05,4841.10636773941,2043.43278452118,728
"1177",98228,-23.0484142303467,-45.5399703979492,0.0013177010187064,2.8645674319705e-05,1.85645931196632e-05,2953.61332619408,2488.88386984046,804
"1178",98229,-23.0404472351074,-45.5050201416016,0.0003792548814089,8.24467133497819e-06,1.89008678717073e-05,4681.81534466659,522.353101594641,632
"1179",98230,-23.0325031280518,-45.4701042175293,1.06282644765088e-05,2.31049227750191e-07,1.73585576703772e-05,7932.46592500752,12.9256258849087,740
"1180",98231,-23.024585723877,-45.435230255127,0.0010004875366576,2.17497290577739e-05,1.92576389963506e-05,11472.9623323059,9.22582677083444,1132
"1181",98232,-23.0166931152344,-45.400390625,0.0004221183535264,9.17648594622733e-06,1.81756277015666e-05,15097.9445849852,25.6472595711524,1049
"1182",98233,-23.0088233947754,-45.3655815124512,0.0016610726815997,3.61102756869514e-05,2.1623676730087e-05,18756.4632471887,51.4780954882747,868
"1183",98234,-23.0009784698486,-45.3308067321777,0.0014137824764475,3.07344016619027e-05,1.97481786017306e-05,20956.6055758676,3.99536933684177,862
"1184",98238,-22.9698219299316,-45.1919937133789,0.0003681389389385,8.00302041170653e-06,1.93186933756806e-05,14400.9932288046,6.80021052945388,975
"1185",98239,-22.9620876312256,-45.1573524475098,0.0002799112235152,6.08502659815713e-06,1.81182476808317e-05,14767.1033821105,8.19587000142581,631
"1186",98240,-22.9543762207031,-45.1227340698242,0.0004234607695252,9.20566890272312e-06,1.79862036020495e-05,16002.0967313906,11.1220822828161,729
"1187",98242,-22.9390106201172,-45.0535545349121,0.0003481096546238,7.56760118747479e-06,1.56416354002431e-05,20341.7492269764,16.3954579028951,714
"1188",98243,-22.931360244751,-45.0189895629883,0.0012570916915137,2.73280802502995e-05,1.75519453478046e-05,21609.6956371477,6.37757229064467,719
"1189",98246,-22.908519744873,-44.9153823852539,8.07060000624915e-05,1.75447826222808e-06,1.69117065524915e-05,25841.6649710969,6.33739199928743,803
"1190",98247,-22.9009437561035,-44.8808708190918,0.0007623164055985,1.65720957738813e-05,1.61946136358893e-05,28088.4299186227,7.46744996414052,908
"1191",98248,-22.8933868408203,-44.8463668823242,7.7780478591194e-06,1.69087996937378e-07,1.56993155542295e-05,30613.8271644857,7.84040800816774,703
"1192",98249,-22.8858470916748,-44.8118705749512,0.001055860742781,2.29534944082843e-05,1.7023274267558e-05,33354.1185371952,7.6820377025704,705
"1193",98250,-22.878324508667,-44.7773780822754,0.0007831242510292,1.70244402397657e-05,1.69401664606994e-05,36260.6150486948,10.102899683506,999
"1194",98254,-22.8484001159668,-44.6394348144531,0.0002434675598124,5.29277303940034e-06,1.94688964256784e-05,38390.0738641863,0.868915336568426,672
"1195",98261,-22.7966194152832,-44.3978652954102,0.0003608319402701,7.84417261456838e-06,1.747224087012e-05,24738.4458824747,1.5847600053522,850
"1196",98262,-22.7892780303955,-44.3633117675781,0.0015430838247994,3.35453005391173e-05,2.51228630077094e-05,24422.6969408336,1.09428768881818,714
"1197",98263,-22.7819499969482,-44.328742980957,0.0004505235028773,9.79398919298546e-06,1.72785694303457e-05,24655.5315508945,1.39020381044006,694
"1198",98266,-22.7600383758545,-44.2249221801758,0.0006201939741004,1.34824776978348e-05,1.84980017365888e-05,28358.947254637,2.72055786158365,1159
"1199",98267,-22.752758026123,-44.1902732849121,0.00028167583514,6.12338772043586e-06,1.75419318111381e-05,27493.0464313067,4.55294522112631,749
"1200",98268,-22.7454891204834,-44.1556015014648,0.0010046879469882,2.1841042325832e-05,1.7915766875376e-05,25634.2362410575,169.315872708609,1052
"1201",98269,-22.7382316589355,-44.1209030151367,0.0020370937490952,4.42846467194613e-05,2.01704860955942e-05,24198.889931914,132.146851820037,722
"1202",98270,-22.7309837341309,-44.0861740112305,0.0010029972399934,2.18042878259439e-05,1.73237440321827e-05,23266.4734726917,31.983028471045,647
"1203",98271,-22.723747253418,-44.0514221191406,0.0004940915478073,1.07411206045072e-05,1.68997539731208e-05,22899.9395343423,4.98158773538626,1188
"1204",98272,-22.7165203094482,-44.0166358947754,0.0011400753719499,2.47842472163029e-05,1.85129865712952e-05,23127.4085545638,20.3514782930639,1156
"1205",98273,-22.7093029022217,-43.9818153381348,0.0007900000382505,1.71739138750127e-05,1.75895274878712e-05,23933.4532391481,24.2592301773283,793
"1206",98274,-22.7020969390869,-43.946964263916,0.0004780250201292,1.039184826368e-05,1.8518863726058e-05,25264.1071443587,17.1603542547101,853
"1207",98275,-22.6948986053467,-43.9120750427246,0.0008008223703654,1.74091819644673e-05,1.8831955458154e-05,27043.4492018037,24.4296104437021,953
"1208",98277,-22.6805267333984,-43.8421859741211,0.0019761253788601,4.29592473665252e-05,2.23101887968369e-05,21556.0793441001,27.8496896631526,915
"1209",98278,-22.6733531951904,-43.8071784973145,0.0007065084319037,1.53588789544301e-05,1.91197050298797e-05,18184.7244701404,28.5640437992108,995
"1210",98279,-22.6661891937256,-43.7721290588379,0.0011167128068336,2.42763653659495e-05,1.91944855032489e-05,14973.9644270476,33.5171679753934,645
"1211",98280,-22.6590309143066,-43.7370376586914,0.0023553467908641,5.1203191105742e-05,2.23839451791719e-05,12056.7823480535,269.307944795374,879
"1212",98281,-22.6518821716309,-43.7018966674805,0.000882787269802,1.91910276043927e-05,1.80388815351762e-05,9705.61165900044,498.515279559852,938
"1213",98284,-22.6304721832275,-43.5961875915527,0.0010159630364796,2.20861529669492e-05,1.92348998098169e-05,10388.7442482981,104.279416972462,716
"1214",98285,-22.623348236084,-43.5608444213867,0.0016119001011247,3.50413065461908e-05,2.17766992136603e-05,12967.6514272927,51.6597799011481,874
"1215",98286,-22.6162300109863,-43.525447845459,0.0024175679209292,5.2555824368028e-05,2.61970690189628e-05,11367.6981197831,32.9372733435519,720
"1216",98287,-22.6091175079346,-43.4899940490723,0.0014530243497574,3.15874858642928e-05,2.8428772566258e-05,10203.0814141965,9.70247186000442,796
"1217",98288,-22.6020107269287,-43.4544830322266,0.0027236359237576,5.92094766034279e-05,2.33600803767331e-05,10357.2994142585,47.9952369269531,651
"1218",98289,-22.5949096679688,-43.4189071655273,0.0021977694850647,4.77775975014083e-05,2.2032192646293e-05,11784.3604783957,59.5011473698913,756
"1219",98290,-22.5878105163574,-43.3832740783691,0.0030265683453762,6.57949640299194e-05,2.78776933555491e-05,14108.1373811705,37.8427302787948,806
"1220",98291,-22.5807189941406,-43.3475723266602,0.0013071604989818,2.84165325865615e-05,2.0344141375972e-05,16968.2039322244,157.958240753915,643
"1221",98292,-22.5736293792725,-43.3118057250977,0.0028749285120284,6.24984459136613e-05,2.80016574834008e-05,16181.2996594093,809.64237391086,782
"1222",98293,-22.5665435791016,-43.2759742736816,0.001558945979923,3.38901299983263e-05,2.07626671908656e-05,13231.067476785,180.855538792083,700
"1223",98294,-22.5594615936279,-43.2400703430176,6.43656717329577e-05,1.39925373332517e-06,1.8336124412599e-05,9788.08551442344,430.304527834564,744
"1224",98295,-22.5523834228516,-43.2040939331055,0.0003452989985817,7.50649996916763e-06,1.90389218914788e-05,6744.45045700614,768.310375873804,816
"1225",98296,-22.5453071594238,-43.1680450439453,0.0021015191741753,4.56851994385943e-05,2.27033779083285e-05,4926.29786953336,661.668102375507,1030
"1226",98297,-22.5382347106934,-43.1319160461426,0.0007006824962445,1.52322281792294e-05,2.02096307475585e-05,5685.47705126553,475.672915649201,666
"1227",98298,-22.5311622619629,-43.0957145690918,0.000378681006623,8.23219579615397e-06,1.90097889571916e-05,8356.21041037908,142.818677788239,718
"1228",98299,-22.5240936279297,-43.0594329833984,0.0014409112700377,3.13241580442991e-05,2.07814118766692e-05,11703.1146974913,24.1197816586537,1193
"1229",98300,-22.5170269012451,-43.0230674743652,0.0022202532272785,4.82663745060563e-05,2.194952503487e-05,15294.8198722773,91.0075469501521,1170
"1230",98301,-22.5099601745605,-42.9866180419922,0.0020878614814137,4.53882930742111e-05,2.13853018067311e-05,18998.0988367354,721.309923906864,899
"1231",98302,-22.5028953552246,-42.950080871582,0.0012348383861535,2.68443127424689e-05,1.88597496162402e-05,22763.2873421847,45.7771036894909,989
"1232",98303,-22.4958324432373,-42.913459777832,0.0005456504550238,1.18619664135622e-05,1.79692015080946e-05,21269.9695690227,28.2994926124118,946
"1233",98305,-22.4817047119141,-42.8399429321289,0.0009541444596834,2.07422708626837e-05,1.73210555658443e-05,19249.9811599796,6.33949449995458,852
"1234",98308,-22.4605140686035,-42.7289543151855,0.000277240741525,6.02697264184826e-06,1.61811767611653e-05,21845.4888068865,8.14950526878296,650
"1235",98309,-22.4534492492676,-42.6917572021484,0.0012782985759258,2.77890994766494e-05,1.83699739864096e-05,23977.1924955518,12.4665488695916,745
"1236",98310,-22.446382522583,-42.6544609069824,0.0009016253570734,1.96005512407282e-05,1.60162853717338e-05,26533.7740568721,226.314580020201,877
"1237",98312,-22.432243347168,-42.5795440673828,0.0004753581779368,1.03338734334102e-05,1.53522960317787e-05,32523.8500036483,9.071037638926,970
"1238",98591,-23.4612255096436,-47.4691734313965,0.0045492679637391,9.88971296465024e-05,3.30042967107147e-05,2778.80838063235,5702.89449749192,680
"1239",98592,-23.4511890411377,-47.4294967651367,0.0035965285496786,7.81854032538831e-05,2.89271592919249e-05,5019.11320518354,1737.28381139165,772
"1240",98593,-23.4412097930908,-47.3899726867676,0.0020385397947393,4.43160824943334e-05,2.1411160560092e-05,8460.02474836061,517.671744234943,1014
"1241",98594,-23.4312877655029,-47.3505973815918,0.0027427856111899,5.96257741563022e-05,2.58657655649586e-05,12394.6812703438,485.341644408399,763
"1242",98595,-23.4214210510254,-47.3113632202148,0.0054208795481827,0.0001178452075691,4.4885393435834e-05,16457.9072615733,151.669639894752,685
"1243",98596,-23.4116077423096,-47.2722778320312,0.0049298760131932,0.0001071712176781,4.37046110164374e-05,12406.9172520174,56.0460561382787,799
"1244",98597,-23.4018497467041,-47.2333297729492,0.0036004588619107,7.82708448241465e-05,3.5468034184305e-05,8513.38215564637,38.0697621968468,820
"1245",98598,-23.3921451568604,-47.1945152282715,0.0039872781635494,8.66799600771628e-05,4.22757620981429e-05,5110.11863850626,23.4071424147889,662
"1246",98599,-23.3824920654297,-47.1558418273926,0.0054355850006686,0.0001181648913188,5.26657895534299e-05,3803.6273562028,38.5975374160557,780
"1247",98600,-23.3728904724121,-47.1172943115234,0.002259538108774,4.91203936689999e-05,3.12736083287746e-05,6096.13338252022,40.7270130164544,705
"1248",98601,-23.3633403778076,-47.0788803100586,0.0026084687051479,5.67058414162602e-05,3.34449650836177e-05,9686.94909538313,43.2184919035568,781
"1249",98602,-23.3538398742676,-47.0405921936035,0.0032825627713464,7.13600602466613e-05,4.14752103097271e-05,13569.9583044909,30.7511998001794,794
"1250",98603,-23.3443870544434,-47.0024299621582,0.0025793884778977,5.60736625629943e-05,3.42961320711765e-05,14036.8544284303,15.0054659029303,813
"1251",98604,-23.3349857330322,-46.9643859863281,0.0043451738747535,9.44603016250767e-05,5.05995994899422e-05,10247.769553288,32.3192227531488,695
"1252",98605,-23.3256301879883,-46.9264640808105,0.0027595882565947,5.99910490564071e-05,3.31183073285501e-05,6816.16240579561,46.9372566626009,808
"1253",98606,-23.3163223266602,-46.8886566162109,0.0044823294883826,9.74419453996234e-05,4.68407306470908e-05,4585.55469174816,93.7420275374727,1154
"1254",98607,-23.3070602416992,-46.8509674072266,0.0066617684497032,0.0001448210532544,6.03150474489667e-05,5329.82451037218,232.201272087213,1135
"1255",98608,-23.2978439331055,-46.8133850097656,0.0060129124904051,0.0001307154889218,6.07380316068884e-05,8263.97715530904,218.893012556979,790
"1256",98609,-23.2886734008789,-46.7759170532227,0.0041894989699358,9.1076064563822e-05,4.14129281125497e-05,9432.04886721779,1423.21147261584,858
"1257",98610,-23.2795467376709,-46.7385559082031,0.0051792183949146,0.0001125917042372,4.91814025735948e-05,8934.36506724707,4746.18580325415,1033
"1258",98611,-23.2704639434814,-46.7012977600098,0.0034994304587598,7.60745751904324e-05,3.65120977221522e-05,10134.4315629882,2044.29607667955,918
"1259",98613,-23.2524261474609,-46.6270904541016,0.0014870920203975,3.23280873999465e-05,2.44397779169958e-05,15602.3984790986,183.45350050609,881
"1260",98614,-23.2434711456299,-46.5901336669922,0.0019397580254008,4.21686527261045e-05,2.61035056610126e-05,18993.6291096543,447.141903020526,1013
"1261",98615,-23.2345561981201,-46.5532760620117,0.0028015475108986,6.09032067586668e-05,3.7734742363682e-05,22561.6890960132,108.022482316771,996
"1262",98616,-23.2256813049316,-46.5165100097656,0.003263525039074,7.09461965016089e-05,4.04702732339501e-05,23453.0235100104,30.2267425968884,636
"1263",98617,-23.2168464660645,-46.4798355102539,0.0008856139284034,1.92524767044233e-05,2.52304143941728e-05,23728.0973804806,42.2482333476358,743
"1264",98618,-23.2080516815186,-46.4432525634766,0.0006095254339015,1.32505529109039e-05,2.33595892495941e-05,24629.9046520763,64.1976099550085,810
"1265",98619,-23.1992931365967,-46.4067573547363,0.0022366569173755,4.8622976464685e-05,2.86867762042675e-05,26089.3952146103,195.238674203977,953
"1266",98621,-23.1818943023682,-46.3340187072754,0.0013576716046372,2.95146001008106e-05,2.51176679739729e-05,28897.637349548,24.387341201983,645
"1267",98622,-23.1732482910156,-46.2977752685547,0.0011893526279891,2.58554919128073e-05,2.46117961069103e-05,28543.316962936,23.692827622175,797
"1268",98623,-23.1646404266357,-46.2616081237793,0.0010820760726346,2.35233928833622e-05,2.50189805228729e-05,28710.7944064191,22.43450765807,767
"1269",98624,-23.1560668945312,-46.2255210876465,0.0017651295638643,3.83723818231374e-05,2.62387547991239e-05,29388.1328941042,19.866637735068,770
"1270",98625,-23.1475296020508,-46.1895065307617,2.715738411041e-06,5.90377915443696e-08,2.1768444639747e-05,27040.3749806468,12.8904107188034,756
"1271",98626,-23.1390266418457,-46.153564453125,0.0018850223277695,4.09787462558597e-05,2.85449987131869e-05,24445.8452081577,7.85995501342176,656
"1272",98627,-23.130558013916,-46.1176986694336,0.0003300826774648,7.17571037966991e-06,2.26170632231515e-05,22220.2783635568,10.5761459468624,791
"1273",98628,-23.1221237182617,-46.0818977355957,0.0006189478244778,1.34553874886478e-05,2.15305663004983e-05,20478.7443740233,21.173275374357,689
"1274",98629,-23.1137199401855,-46.0461692810059,0.0007741246627119,1.68287970154779e-05,2.13885341509013e-05,18796.3928352855,25.2849374357487,735
"1275",98630,-23.1053504943848,-46.0105018615723,0.0018576351503725,4.03833728341851e-05,2.5321178327431e-05,15847.6088612546,42.6810058720267,736
"1276",98631,-23.0970134735107,-45.9748992919922,0.0006167164610815,1.34068795887288e-05,2.12936683965381e-05,13348.1761261698,100.185035745109,681
"1277",98632,-23.0887069702148,-45.9393615722656,0.0018052453233394,3.92444635508582e-05,2.56739767792169e-05,11585.3638850842,259.71526113767,838
"1278",98633,-23.0804309844971,-45.903881072998,0.0009287448629038,2.01901057153009e-05,2.03553972824011e-05,8649.27738651993,71.232470592588,1247
"1279",98634,-23.0721855163574,-45.8684577941895,0.0006941104438737,1.50893574755173e-05,2.16293192352168e-05,5450.90428259009,50.4526782348005,686
"1280",98635,-23.0639705657959,-45.8330955505371,0.0007515062898164,1.63370932568796e-05,1.96607979887631e-05,3645.96691215663,26.738117127521,873
"1281",98636,-23.0557842254639,-45.7977828979492,0.0014212369496817,3.08964554278646e-05,1.99931018869393e-05,5040.04204827178,14.4039574814793,858
"1282",98637,-23.04762840271,-45.7625274658203,0.0025721068741404,5.59153668291401e-05,2.38311058637919e-05,8117.68255393628,136.262809303141,728
"1283",98638,-23.0394992828369,-45.7273178100586,0.000474205449791,1.03088141258922e-05,1.82763706106925e-05,9183.75654700585,272.582656240994,1107
"1284",98639,-23.0313987731934,-45.6921615600586,0.0006665404816885,1.44900104714907e-05,1.84070413524751e-05,8570.32104080453,37.7733410862294,942
"1285",98640,-23.0233268737793,-45.6570510864258,0.0006509354971058,1.41507716762135e-05,1.74736323970137e-05,9523.87757856183,110.711203288374,900
"1286",98641,-23.0152816772461,-45.6219863891602,0.0015818151223356,3.4387285268167e-05,1.88513713510474e-05,7942.98888226863,1091.28851248573,1021
"1287",98642,-23.0072612762451,-45.5869674682617,0.0017383627418894,3.77904943889007e-05,1.93303858395666e-05,4590.11249514861,3311.33089285183,669
"1288",98643,-22.9992694854736,-45.5519866943359,0.0013005558139411,2.8272952476982e-05,1.81805498868925e-05,2649.47141887619,3988.83395613693,789
"1289",98644,-22.9913024902344,-45.5170516967773,0.0014024578522366,3.04882141790586e-05,1.7062679035007e-05,4564.85180853189,1545.91387176992,741
"1290",98645,-22.9833602905273,-45.4821510314941,0.0015029361020424,3.26725239574444e-05,1.72914751601638e-05,7900.72331495164,375.183321881029,816
"1291",98646,-22.9754428863525,-45.4472885131836,0.0001619719118934,3.52112851942366e-06,1.70534003700595e-05,11474.76875048,288.54113434776,657
"1292",98647,-22.96755027771,-45.4124603271484,0.0019156321068294,4.16441762354225e-05,2.06246586458292e-05,15116.0532764123,632.992012923419,813
"1293",98648,-22.9596824645996,-45.3776664733887,0.0012098300467187,2.63006531895371e-05,1.71094161487417e-05,18783.0765326986,243.373021589459,923
"1294",98649,-22.9518375396729,-45.3429069519043,0.0020534142677206,4.46394406026229e-05,1.98105753952404e-05,17537.0517542869,113.793337100048,833
"1295",98650,-22.9440155029297,-45.3081741333008,0.0013907051543355,3.02327207464259e-05,1.81094092113199e-05,14448.1674658614,2.67690489321775,713
"1296",98651,-22.9362182617188,-45.2734718322754,0.0014852261010673,3.22875239362475e-05,1.93563446373446e-05,11726.8674150834,16.7784524318977,922
"1297",98652,-22.9284400939941,-45.2387924194336,0.0007445393821399,1.61856387421722e-05,1.67960606631823e-05,9682.97592925565,24.4000474800616,799
"1298",98656,-22.8975505828857,-45.1003227233887,0.0011953555331274,2.59859898505965e-05,1.88241174328141e-05,13862.9011179808,14.0310076307188,745
"1299",98659,-22.8745975494385,-44.9966697692871,0.0011540123668965,2.50872253673151e-05,1.83473657671129e-05,17307.987119909,4.45725074039378,714
"1300",98660,-22.8669853210449,-44.9621467590332,0.0004006853414466,8.71055090101436e-06,1.63251716003288e-05,19147.6509095774,4.54643626019244,690
"1301",98662,-22.8518180847168,-44.893138885498,9.24649839362246e-05,2.01010834643967e-06,1.64322573255049e-05,24124.4231637685,5.6464620480397,703
"1302",98664,-22.8367233276367,-44.824161529541,0.0014445985943893,3.14043172693346e-05,2.00153845071327e-05,30091.4079647066,14.0874170977918,694
"1303",98665,-22.8292007446289,-44.7896842956543,0.0009387015088577,2.04065545403864e-05,1.86372344614938e-05,33282.5652943868,7.85442909384289,862
"1304",98666,-22.8216972351074,-44.7552108764648,0.0001229777330991,2.67342898041534e-06,1.81383129529422e-05,36564.3595170713,3.90014869831515,827
"1305",98667,-22.814208984375,-44.7207374572754,0.000376461106498,8.1839370977832e-06,1.88557369256159e-05,39914.5174301779,2.04337663989583,768
"1306",98668,-22.8067378997803,-44.6862640380859,0.0007468827425327,1.62365813594079e-05,1.756193159963e-05,43317.1121375336,0.89646892156281,1210
"1307",98671,-22.7844181060791,-44.582836151123,0.0018243938393425,3.96607356378809e-05,2.05061151064001e-05,37416.8238666011,0.824523460083172,986
"1308",98672,-22.7770080566406,-44.5483474731445,0.0005693317743862,1.23767777040484e-05,1.9210032405681e-05,35353.3761165637,1.01332583511256,892
"1309",98674,-22.7622318267822,-44.4793510437012,0.0002429285141261,5.28105465491535e-06,1.72858217410976e-05,32094.9966085574,1.50974108417727,690
"1310",98676,-22.7475109100342,-44.4103088378906,0.0011227190589124,2.44069360633148e-05,1.83047995960806e-05,30293.9452035859,2.10113652480848,886
"1311",98678,-22.7328453063965,-44.3412132263184,0.0013368203326535,2.90613115794258e-05,2.00369540834799e-05,30214.2763068168,5.43361700869418,747
"1312",98679,-22.7255306243896,-44.3066368103027,0.0005211789230088,1.13299765871488e-05,1.58473958435934e-05,30836.5944720244,41.1546274862186,751
"1313",98682,-22.7036590576172,-44.2027969360352,0.0004661781476897,1.01343075584737e-05,1.80401893885573e-05,23082.9865626488,11.5478014215975,838
"1314",98683,-22.6963920593262,-44.1681365966797,0.0001415569240634,3.0773244361626e-06,1.68984133779304e-05,20822.2647232255,20.3317473129601,683
"1315",98685,-22.6818885803223,-44.0987358093262,0.0011167222619405,2.42765709117521e-05,1.88226913451217e-05,17794.6852781076,14.6878118722014,804
"1316",98686,-22.674654006958,-44.0639953613281,0.0017517113446956,3.80806814064272e-05,2.03809522645315e-05,17294.7515559738,15.3788662527167,658
"1317",98687,-22.6674289703369,-44.0292205810547,0.0010597774162306,2.30386394832749e-05,1.83323936653323e-05,17576.0840006801,27.6757645590332,969
"1318",98688,-22.660213470459,-43.9944152832031,0.0011435407104727,2.48595806624508e-05,1.79845901584486e-05,18604.9836809958,21.4158790337457,878
"1319",98691,-22.6386222839355,-43.8897857666016,0.0005652353702316,1.2287725439819e-05,1.8259370335727e-05,24961.7408376847,313.943192961641,761
"1320",98692,-22.6314430236816,-43.8548355102539,0.0006592065401491,1.43305769597646e-05,2.21468453673879e-05,24376.0246240552,52.851116477287,871
"1321",98694,-22.6171092987061,-43.7848052978516,0.0010266579338349,2.23186507355422e-05,1.96411328943213e-05,18765.1288930261,25.4012392037352,761
"1322",98695,-22.6099529266357,-43.7497253417969,0.00083173621897,1.80812221515225e-05,1.84922173502855e-05,16504.6344739465,339.846516559502,787
"1323",98696,-22.60280418396,-43.714599609375,0.0016126456321217,3.50575137417763e-05,2.02136725420132e-05,14843.5475442884,765.0178331869,680
"1324",98697,-22.5956630706787,-43.6794242858887,0.0007656092093384,1.6643678463879e-05,1.79183607542654e-05,14000.3664841695,684.294878040902,676
"1325",98698,-22.588529586792,-43.6441993713379,0.0006650140676356,1.44568275572965e-05,1.96434484678321e-05,14126.203722517,46.8956285921153,792
"1326",98699,-22.5814018249512,-43.6089248657227,0.0001782105246093,3.87414183933288e-06,1.855267873907e-05,15200.7925082608,25.1301921717536,1178
"1327",98700,-22.5742797851562,-43.5735969543457,0.000924540519918,2.00987069547409e-05,2.11478691198863e-05,17049.0131059601,25.6727717157431,801
"1328",98701,-22.5671634674072,-43.5382118225098,0.0009363510362163,2.03554573090514e-05,1.93845025933115e-05,16599.9231691179,14.4084454738274,953
"1329",98702,-22.5600528717041,-43.5027732849121,0.0004382747047202,9.52771097217919e-06,1.7037747966242e-05,15790.0303721975,2.7218999145529,1126
"1330",98703,-22.5529479980469,-43.4672737121582,0.0001176458581539,2.55751865552156e-06,1.91064664250007e-05,15853.6290168249,2.98828619984577,1008
"1331",98704,-22.5458469390869,-43.431713104248,0.0008459684977424,1.83906195161399e-05,2.23506958718644e-05,16785.0785301067,7.24461807930754,1029
"1332",98705,-22.5387516021729,-43.3960914611816,8.6934379169179e-05,1.88987780802563e-06,2.32060374401044e-05,18456.9703057732,11.0945917205949,894
"1333",98706,-22.5316600799561,-43.3604011535645,0.0011663781406241,2.53560465353075e-05,2.11989572562743e-05,20094.8741132764,6.1715191564641,713
"1334",98707,-22.5245723724365,-43.324649810791,0.0007075197099766,1.53808632603614e-05,2.06508975679753e-05,16306.8780014114,78.1590585047106,792
"1335",98708,-22.5174903869629,-43.2888298034668,0.0007439237961079,1.61722564371303e-05,2.11614278669003e-05,12514.0669165586,2.77536203403699,763
"1336",98709,-22.5104103088379,-43.2529373168945,0.0003046846495635,6.62357933833846e-06,1.90874379768502e-05,8718.64912426192,583.782515697053,760
"1337",98710,-22.5033340454102,-43.2169761657715,0.0031296283414121,6.80353987263516e-05,2.97457081614994e-05,4931.95402586353,1254.52111406298,844
"1338",98711,-22.4962596893311,-43.1809387207031,0.0012194761802675,2.65103517449461e-05,1.79645430762321e-05,1298.32202635083,2019.08216075673,627
"1339",98712,-22.4891891479492,-43.1448249816895,0.00027060838147,5.88279090152355e-06,1.38249761221232e-05,2876.6695823913,1777.25735881354,831
"1340",98717,-22.4538612365723,-42.9630546569824,0.0001463193798372,3.18085608341789e-06,1.97768804355292e-05,18982.8561518971,1134.32292795118,1023
"1341",98724,-22.4044303894043,-42.7048225402832,0.0010542683521634,2.29188772209454e-05,1.92527586477809e-05,19600.4864167766,3.91735575865914,672
"1342",98726,-22.3903007507324,-42.6301498413086,0.0018475247125024,4.01635807065759e-05,2.0492718249443e-05,25887.6618340232,9.61646896411179,876
"1343",98728,-22.376163482666,-42.5550422668457,0.0007351263629971,1.59810078912415e-05,1.46868924275623e-05,29484.7291764374,50.0076731635419,780
"1344",98729,-22.3690910339355,-42.5173225402832,0.0010378260049037,2.25614348892123e-05,1.57828071678523e-05,26975.2631115486,103.961344239344,859
"1345",99006,-23.4120349884033,-47.4804420471191,0.0027064743189839,5.88363982387818e-05,2.29154829867184e-05,8278.62577593408,2125.57689700982,817
"1346",99007,-23.4019985198975,-47.4407844543457,0.0032391663407906,7.04166595824063e-05,2.82201817753958e-05,9888.14131949396,566.516912544985,691
"1347",99008,-23.3920192718506,-47.4012756347656,0.0034085047955159,7.40979303373024e-05,2.81348711723695e-05,12214.2370722097,478.545546865269,717
"1348",99009,-23.3820953369141,-47.3619117736816,0.0045413039188133,9.87239982350729e-05,3.43219908245374e-05,15287.3646199584,1115.51715286193,752
"1349",99010,-23.3722286224365,-47.322696685791,0.0047366959624923,0.0001029716513585,3.86960527976044e-05,18301.7286687921,185.029654961725,762
"1350",99011,-23.3624172210693,-47.2836227416992,0.0044387834495864,9.64952923823148e-05,3.97407820855733e-05,14847.2786140507,52.5362268417923,878
"1351",99012,-23.3526592254639,-47.2446899414062,0.0038474255852634,8.36396866361611e-05,3.93224108847789e-05,11889.6606147344,13.8923836673499,1142
"1352",99013,-23.3429527282715,-47.2058944702148,0.003429258838878,7.45491051930003e-05,3.71973037545104e-05,9865.39320683227,10.9051129547583,811
"1353",99014,-23.3332996368408,-47.1672325134277,0.0037770427734358,8.21096255094744e-05,3.77105789084453e-05,9377.70629372618,12.1091879885409,977
"1354",99015,-23.3236980438232,-47.1287040710449,0.0053938004566589,0.0001172565316664,4.85165292047895e-05,10622.7619574421,215.80758931866,1184
"1355",99016,-23.3141479492188,-47.0903053283691,0.0038127522857394,8.28859192552045e-05,4.1394800064154e-05,13102.1907887847,61.1169826773363,1015
"1356",99017,-23.3046474456787,-47.0520324707031,0.0048632832767907,0.0001057235494954,5.07770164404064e-05,16250.2274525501,50.4417405677048,994
"1357",99018,-23.2951965332031,-47.0138816833496,0.0046012191742193,0.0001000265037873,5.0964423280675e-05,16476.327862109,8.7261267924261,908
"1358",99019,-23.2857933044434,-46.9758567810059,0.0050650847115321,0.0001101105372072,5.57581115572248e-05,13473.921209244,8.33402906937318,740
"1359",99020,-23.2764377593994,-46.9379463195801,0.0053178198868408,0.0001156047801487,5.64601359656081e-05,11180.9019315128,23.0316261465675,801
"1360",99021,-23.2671298980713,-46.9001579284668,0.004953838099027,0.0001076921325875,5.14629064127803e-05,9828.0374476995,53.2071164490468,801
"1361",99022,-23.257869720459,-46.8624801635742,0.005223032188951,0.0001135441780206,4.5849952584831e-05,7809.30334282434,1541.29916344264,820
"1362",99023,-23.2486534118652,-46.8249130249023,0.0053019952174508,0.0001152607655967,4.98846529808361e-05,5102.60545751467,908.620698040654,862
"1363",99024,-23.2394828796387,-46.7874603271484,0.0046319949615281,0.0001006955426419,4.49097933596931e-05,4406.02620855158,1860.10126221568,658
"1364",99025,-23.2303562164307,-46.7501106262207,0.0031061642803251,6.75253104418516e-05,3.3912936487468e-05,3474.89385962649,1221.08210837227,858
"1365",99026,-23.2212734222412,-46.7128677368164,0.0024333469045814,5.28988457517698e-05,3.14856915792916e-05,6058.92576420638,103.31472167268,789
"1366",99027,-23.2122325897217,-46.6757278442383,0.0013690198247786,2.97613005386665e-05,2.57021165452898e-05,9645.77523371548,38.0526064234486,1007
"1367",99028,-23.2032356262207,-46.6386909484863,0.0016256834715022,3.53409450326581e-05,2.40200079133501e-05,13445.8517029101,98.2055485490174,695
"1368",99029,-23.1942806243896,-46.601749420166,0.002919049889897,6.34576063021086e-05,2.95750360237435e-05,17312.2116802892,129.607459902631,973
"1369",99030,-23.1853656768799,-46.5649032592773,0.0001650126282584,3.58723104909586e-06,1.99222868104698e-05,21202.6359003717,150.898288860819,831
"1370",99031,-23.1764907836914,-46.5281524658203,0.0009403064505022,2.04414445761358e-05,2.58899035543436e-05,25100.8935774548,44.2016253255666,746
"1371",99032,-23.1676578521729,-46.4914932250977,0.0015433217922691,3.3550473744981e-05,2.428054176562e-05,28999.8327636242,501.466131287582,721
"1372",99033,-23.1588611602783,-46.4549255371094,0.0024079898139461,5.23476046510041e-05,2.66570314124692e-05,30055.5110754463,164.217267599207,692
"1373",99034,-23.1501045227051,-46.4184417724609,0.0023751225235173,5.16330983373336e-05,2.86755948764039e-05,31285.9130519162,126.633427521948,730
"1374",99035,-23.1413860321045,-46.3820457458496,0.0017917066143127,3.89501437894069e-05,2.75632810371462e-05,32930.4284906788,95.6888992232629,817
"1375",99036,-23.1327056884766,-46.3457336425781,0.0025742460711626,5.59618711122312e-05,3.38584068231285e-05,34413.0597226767,17.4855349077501,814
"1376",99037,-23.1240615844727,-46.3095016479492,0.0020944034113199,4.55305089417379e-05,2.97966689686291e-05,34136.1944397102,11.8862362583831,699
"1377",99038,-23.1154537200928,-46.2733497619629,0.0004326546477386,9.40553582040593e-06,2.24669893214013e-05,34295.9892612921,16.0773783934497,1055
"1378",99040,-23.0983448028564,-46.2012748718262,0.0009156502092082,1.99054393306142e-05,2.48382639256306e-05,31122.3881425669,6.49013134304728,724
"1379",99041,-23.0898418426514,-46.1653480529785,0.00081536842481,1.77254005393479e-05,2.2387939679902e-05,28919.0749485443,3.37400795618676,1266
"1380",99042,-23.0813732147217,-46.1294937133789,0.0004437982024683,9.64778701018076e-06,2.04062471311772e-05,27086.6610593162,2.80664275521494,1226
"1381",99045,-23.0561676025391,-46.0223388671875,0.0010027019561675,2.17978686123388e-05,2.35581501328852e-05,20040.9071364322,9.05216335353252,947
"1382",99046,-23.047830581665,-45.9867515563965,0.0012556873989524,2.72975521511398e-05,2.456330730638e-05,17880.257264885,21.8806644044804,926
"1383",99049,-23.0230045318604,-45.8803520202637,0.00013141299587,2.85680425804458e-06,1.86537454283098e-05,10041.8345302267,18.6700177556325,710
"1384",99050,-23.0147895812988,-45.8450012207031,0.0010119784201378,2.19995308725629e-05,2.05908127099974e-05,9238.59222627934,12.170338681637,820
"1385",99052,-22.9984493255615,-45.7744598388672,0.001200125007017,2.6089674065588e-05,2.18213262996869e-05,11819.179207634,11.083337050653,839
"1386",99053,-22.9903202056885,-45.7392654418945,0.0009305476924055,2.02292976609897e-05,1.96533201233251e-05,14465.7695023504,16.9027476385329,918
"1387",99054,-22.9822216033936,-45.7041206359863,0.0013705395031138,2.97943370242137e-05,1.88729936780874e-05,14172.9134737699,22.4673837321576,820
"1388",99055,-22.9741497039795,-45.6690254211426,0.0002477239268046,5.38530275662197e-06,1.76717130671022e-05,13862.371438536,67.3975580467669,706
"1389",99056,-22.9661045074463,-45.6339721679688,0.0012644624912354,2.74883150268579e-05,1.74141823663376e-05,11081.8171070476,90.2899813429112,764
"1390",99057,-22.9580860137939,-45.5989646911621,0.0004548468295979,9.88797455647727e-06,1.67711204994703e-05,9027.92037675177,52.407582108793,997
"1391",99058,-22.9500942230225,-45.5639991760254,0.0013503892478183,2.93562879960518e-05,1.82718940777704e-05,8254.36448972509,614.8446380455,678
"1392",99059,-22.9421272277832,-45.5290756225586,0.0010761702287709,2.33950049732812e-05,1.73000589711592e-05,9088.09441020905,600.791041175017,1018
"1393",99060,-22.9341869354248,-45.4941902160645,0.0003229889207432,7.02149827702669e-06,1.57855993165867e-05,11170.0915100617,1589.57661920777,796
"1394",99061,-22.9262714385986,-45.4593391418457,0.0005423417533165,1.17900381155778e-05,1.55423913383856e-05,13949.0850234307,1503.9036718673,765
"1395",99062,-22.9183788299561,-45.4245262145996,0.0022077796820667,4.79952104797121e-05,2.11390561162261e-05,17085.5109750101,794.172263227956,718
"1396",99063,-22.9105110168457,-45.3897438049316,0.0036469411716098,7.92813298176043e-05,2.97057813440915e-05,19093.0598520164,739.849551499076,822
"1397",99064,-22.9026679992676,-45.3549957275391,0.003425409187912,7.4465417128522e-05,2.74139438261045e-05,15448.0423509654,850.467071256797,706
"1398",99065,-22.894847869873,-45.3202781677246,0.0025286212476203,5.49700271221809e-05,2.37948752328521e-05,11846.5822045697,508.074526363211,741
"1399",99066,-22.8870487213135,-45.285587310791,0.0006162828231026,1.33974526761449e-05,1.73958305822453e-05,8339.92394392578,418.195120555086,745
"1400",99067,-22.8792743682861,-45.2509231567383,0.0021524428739212,4.67922363895923e-05,2.18510394915938e-05,5119.76115353187,433.561298522513,869
"1401",99068,-22.8715190887451,-45.2162857055664,0.0007251799252117,1.57647809828632e-05,1.78170412254985e-05,3199.42084553072,375.59695738374,690
"1402",99069,-22.8637886047363,-45.1816711425781,0.0004805818734894,1.04474320323789e-05,1.63943768711761e-05,4643.57530332372,15.3075529324413,838
"1403",99070,-22.8560771942139,-45.1470794677734,0.0004730946839117,1.02846670415602e-05,1.69246559380554e-05,7753.98206416943,7.01671719449951,856
"1404",99071,-22.8483867645264,-45.1125068664551,0.0005031378259445,1.09377788248821e-05,1.80428887688322e-05,9349.45406447564,5.35914380285258,1202
"1405",99072,-22.8407173156738,-45.0779495239258,0.0017154398810816,3.72921713278629e-05,2.06878194148885e-05,10103.4791097883,4.70371869116206,903
"1406",99073,-22.8330669403076,-45.0434112548828,0.0004981664478691,1.08297053884598e-05,2.03884628717788e-05,10726.7678971712,4.76335950187076,989
"1407",99074,-22.8254375457764,-45.0088920593262,6.82485306242597e-05,1.48366370922304e-06,1.55184770846972e-05,12456.6649688829,4.68676223408722,869
"1408",99075,-22.8178272247314,-44.9743804931641,0.0001317435167038,2.86398949356226e-06,1.70086568687111e-05,14912.0267942379,4.68819389384614,962
"1409",99076,-22.8102340698242,-44.939884185791,0.0009883965467452,2.14868814509828e-05,1.77863366843667e-05,17793.4519179122,6.45453519056974,776
"1410",99077,-22.8026599884033,-44.9053993225098,0.0003743759625649,8.13860788184684e-06,1.56303940457292e-05,20925.0652135416,4.94196501316425,784
"1411",99078,-22.7951049804688,-44.8709182739258,0.0018806236112141,4.08831219829153e-05,2.20603960769949e-05,24210.0019060238,8.6773541936202,691
"1412",99079,-22.7875671386719,-44.8364486694336,0.000911296257982,1.98107882170007e-05,1.77223319042241e-05,27592.3970197106,4.20924825563098,738
"1413",99080,-22.7800464630127,-44.8019828796387,0.0004169418079982,9.06395234778756e-06,1.63871500262758e-05,31040.6302314146,2.50750143158027,765
"1414",99081,-22.7725448608398,-44.767520904541,0.0007992325736267,1.73746211657999e-05,1.84337459359085e-05,34534.7383770104,5.10820202091608,634
"1415",99082,-22.7650566101074,-44.7330589294434,0.001173516997369,2.55112390732393e-05,1.82268522621598e-05,38062.2101593838,1.29977781174778,1025
"1416",99084,-22.7501335144043,-44.6641387939453,0.0004834717892663,1.05102562883985e-05,1.94656076928368e-05,45185.1962021547,1.3482724183376,812
"1417",99087,-22.7278633117676,-44.5607376098633,5.26545543380053e-05,1.14466422473924e-06,1.71788997249678e-05,40244.78399772,1.81387931313356,788
"1418",99088,-22.7204685211182,-44.5262565612793,0.0004838067343371,1.05175377029809e-05,1.60462423082208e-05,38680.3584114074,2.42467694377887,763
"1419",99089,-22.7130889892578,-44.4917640686035,0.0002225062153229,4.83709163745516e-06,1.55855159391649e-05,37409.6803979799,3.38929915973637,971
"1420",99090,-22.7057228088379,-44.4572639465332,0.0005008717798773,1.08885169538553e-05,1.68704355019145e-05,36464.0670386912,44.8797365343792,716
"1421",99091,-22.698371887207,-44.4227485656738,0.0017315620934823,3.76426542061381e-05,2.09278132388135e-05,34694.2733035414,34.0142192933909,799
"1422",99092,-22.691032409668,-44.3882217407227,0.0004086436129,8.88355680217501e-06,1.59647042892175e-05,32564.5974993721,4.63611449248503,679
"1423",99094,-22.6763935089111,-44.3191146850586,0.0014665612179669,3.18817656079773e-05,1.87757595995208e-05,28883.5047131142,295.546317617851,779
"1424",99095,-22.6690940856934,-44.2845344543457,0.0007391083017864,1.60675717779668e-05,1.74846099980641e-05,25560.2651174298,134.780699821634,975
"1425",99096,-22.6618041992188,-44.2499351501465,0.0004214802593196,9.16261433303589e-06,1.73065782291815e-05,22347.7237403223,7.83879123304657,729
"1426",99097,-22.6545276641846,-44.2153091430664,0.0001913470150611,4.15971771872137e-06,1.57242684508674e-05,19302.0183950839,9.48958244084448,1168
"1427",99098,-22.6472606658936,-44.1806640625,0.0015804878930794,3.4358432458248e-05,1.91349627129966e-05,16517.3643457314,9.88002447157305,955
"1428",99099,-22.640007019043,-44.1459884643555,0.0018621953568072,4.04825077566784e-05,2.0370645870571e-05,14150.0237764931,16.8907539792294,1177
"1429",99100,-22.6327629089355,-44.1112899780273,0.0035330243699718,7.68048776080832e-05,2.79208561551059e-05,12442.6998746953,31.2535450420336,907
"1430",99101,-22.6255283355713,-44.0765609741211,0.0015622013816027,3.39608996000607e-05,1.90365881280741e-05,11690.397126454,126.791279617468,880
"1431",99102,-22.6183052062988,-44.0417976379395,0.0003808486526395,8.27931853564223e-06,1.65397414093604e-05,12075.9781720256,157.469286691466,981
"1432",99103,-22.6110916137695,-44.007007598877,8.8421409145667e-05,1.92220454664493e-06,1.59386199811706e-05,13504.2439751099,123.995820754388,712
"1433",99104,-22.6038875579834,-43.9721794128418,0.0017380375866196,3.77834257960785e-05,1.9942273866036e-05,15695.7531764417,31.299585197198,941
"1434",99106,-22.589506149292,-43.902416229248,0.001160529864137,2.52289100899361e-05,2.14521678572055e-05,21377.5333894977,109.743546358276,767
"1435",99107,-22.5823268890381,-43.8674774169922,0.0015631232963642,3.39809412253089e-05,2.2875445210957e-05,24572.6654693572,51.0922970501383,748
"1436",99108,-22.5751571655273,-43.8324966430664,0.0020015694899484,4.35123802162707e-05,3.30441253026947e-05,25518.6521371372,78.509823186052,796
"1437",99110,-22.5608425140381,-43.7624053955078,0.0005470970863825,1.18934149213601e-05,1.93426130863372e-05,21505.9131685956,72.018993959592,727
"1438",99111,-22.5536956787109,-43.727294921875,0.0013413435553957,2.91596425086027e-05,2.07816774491221e-05,20237.0823028925,124.195839514349,829
"1439",99112,-22.5465564727783,-43.6921310424805,0.0004665283631766,1.01419209386222e-05,1.90355167433154e-05,19602.9357342342,231.687770113937,805
"1440",99113,-22.5394229888916,-43.6569213867188,0.0011372775807103,2.47234256676165e-05,2.12531249417225e-05,19668.2416177682,126.489885240263,634
"1441",99114,-22.5322971343994,-43.6216583251953,0.0002918601148849,6.34478510619374e-06,2.14593401324237e-05,20428.619234986,25.5647858584634,1079
"1442",99115,-22.5251770019531,-43.5863418579102,0.0008139618730638,1.76948233274743e-05,1.97058925550664e-05,21814.3965464026,40.5709119672853,790
"1443",99116,-22.5180625915527,-43.5509719848633,0.0003946472097595,8.57928716868628e-06,1.71708106790902e-05,22022.8919360365,61.2258494144102,842
"1444",99117,-22.5109539031982,-43.5155410766602,0.0006998890203249,1.52149787027156e-05,1.79995458893245e-05,21393.1664580181,42.4567420077641,751
"1445",99119,-22.496753692627,-43.444507598877,0.0018036424735328,3.92096189898439e-05,2.17105643969262e-05,22085.0134414291,21.7029296543808,1063
"1446",99120,-22.4896583557129,-43.4088973999023,0.0012297207467781,2.67330597125692e-05,2.10053713090019e-05,23354.9087714668,25.5239924917725,788
"1447",99122,-22.4754848480225,-43.3374862670898,9.81208531811717e-05,2.13306202567765e-06,1.88515259651467e-05,17655.9080143396,9.41493448316371,837
"1448",99123,-22.4684028625488,-43.3016777038574,0.0002070560267384,4.50121797257452e-06,2.30740006372798e-05,14182.4427843931,14.2788969809506,808
"1449",99125,-22.4542503356934,-43.229850769043,0.0008126922948576,1.76672238012543e-05,1.85289281944279e-05,8135.67223904777,256.216450899977,835
"1450",99127,-22.4401111602783,-43.1577262878418,0.000628268593573,1.36580129037611e-05,1.54110293806298e-05,6876.10263355243,983.125668269381,1168
"1451",99130,-22.4189167022705,-43.0489540100098,0.0002370582942603,5.15344117957284e-06,1.16045957838651e-05,15478.911593482,122.081305315492,758
"1452",99131,-22.4118556976318,-43.0125312805176,0.0002746868167378,5.97145253777853e-06,1.45572867040755e-05,19060.6213009458,517.948674398222,1253
"1453",99132,-22.4047946929932,-42.9760208129883,0.0004789198246726,1.04113005363615e-05,2.06789536605356e-05,15654.5657929558,2062.99605266534,983
"1454",99133,-22.3977355957031,-42.9394264221191,0.0013669035542989,2.97152946586721e-05,1.6773021343397e-05,12475.8275755131,927.634448813999,945
"1455",99134,-22.3906764984131,-42.9027366638184,0.0001803660588848,3.92100128010497e-06,1.30523749248823e-05,9808.28455012517,101.511610329948,835
"1456",99140,-22.3483180999756,-42.6806106567383,0.0001495300684837,3.25065366268973e-06,1.45661551869125e-05,19535.8841890753,21.3104589819557,962
"1457",99141,-22.3412551879883,-42.6432342529297,0.0003086003607677,6.7087034949509e-06,1.26255281429621e-05,23204.9456119189,29.8107356022953,761
"1458",99144,-22.3200511932373,-42.5304489135742,7.7241362305358e-05,1.67916005011648e-06,9.23128663998796e-06,22841.339861125,1565.47271084907,727
"1459",99421,-23.3628387451172,-47.4917335510254,0.0020281503893784,4.40902258560527e-05,2.07506636797916e-05,13852.0446111582,75.1307672724255,866
"1460",99422,-23.3528022766113,-47.452091217041,0.0029092212644172,6.32439405308105e-05,2.4532615498174e-05,14955.6185391321,30.4862344501855,830
"1461",99423,-23.3428230285645,-47.41259765625,0.002592664619442,5.63622743356973e-05,2.54522747127339e-05,17009.6294089174,12.7715693313558,780
"1462",99424,-23.3329010009766,-47.3732490539551,0.0046269899467006,0.0001005867379717,3.52160932379775e-05,19397.8698533585,9.54368237147212,660
"1463",99425,-23.3230323791504,-47.3340492248535,0.0043737058731494,9.50805624597706e-05,3.21636907756329e-05,16212.9645333445,97.3388507854762,1020
"1464",99426,-23.3132209777832,-47.294994354248,0.0046845272008795,0.0001018375478452,3.53359973814804e-05,13604.3344434836,185.252136478609,757
"1465",99427,-23.3034629821777,-47.2560768127441,0.0043645931582432,9.48824599618092e-05,3.79474076908082e-05,11943.2460177541,511.771093372733,810
"1466",99428,-23.2937564849854,-47.2172927856445,0.0027286228651064,5.93178883718792e-05,2.94852452498162e-05,11626.0398671804,18.473817923914,662
"1467",99429,-23.2841033935547,-47.1786499023438,0.0037107154494151,8.06677271611989e-05,3.51139533449896e-05,12738.4770048802,16.6765678581841,886
"1468",99430,-23.2745018005371,-47.1401329040527,0.0040702260594116,8.84831752046011e-05,3.62997052434366e-05,14953.175861355,70.8431176158591,779
"1469",99431,-23.2649517059326,-47.101749420166,0.0048744831437943,0.000105967024865,3.85215280402917e-05,17665.6339053081,158.480570616939,796
"1470",99432,-23.2554512023926,-47.0634918212891,0.0066470352176111,0.0001445007656002,5.06653159391135e-05,20163.4697435274,1128.32768874768,760
"1471",99433,-23.246000289917,-47.0253562927246,0.0045396886853268,9.86888844636269e-05,4.66649580630474e-05,17190.13008652,74.4987462685661,675
"1472",99434,-23.2365970611572,-46.9873428344727,0.0048082244320539,0.0001045266180881,4.95569511258509e-05,13185.220214888,13.3093042487271,756
"1473",99435,-23.2272415161133,-46.9494514465332,0.0068004502682015,0.0001478358753956,6.6130502091255e-05,9259.35310294694,71.5742851869667,1046
"1474",99436,-23.2179336547852,-46.9116744995117,0.0073696175822988,0.000160209077876,6.30849826848134e-05,5551.53192737034,1293.31340323106,894
"1475",99437,-23.2086734771729,-46.8740119934082,0.0096711044025141,0.0002102414000546,8.08270197012462e-05,2964.73432278274,3199.55927699039,985
"1476",99438,-23.1994571685791,-46.8364601135254,0.0073172319389414,0.0001590702595422,6.23977539362386e-05,2338.83194335371,3506.99849912867,858
"1477",99439,-23.1902866363525,-46.7990226745605,0.0042427752341609,9.22342442208901e-05,3.91233625123277e-05,2190.91180666702,2148.50919353571,949
"1478",99440,-23.1811599731445,-46.7616882324219,0.0039852519257692,8.66359114297666e-05,4.01562501792796e-05,2640.04909713666,978.316200414095,784
"1479",99441,-23.1720771789551,-46.7244606018066,0.0013363248181121,2.9050539524178e-05,2.36325122386916e-05,5774.76945624652,169.801024010046,969
"1480",99442,-23.1630382537842,-46.6873359680176,0.000215642456169,4.68787948193494e-06,2.10760790650966e-05,9558.71952530487,102.938002658892,785
"1481",99443,-23.1540412902832,-46.6503105163574,0.0010202907978964,2.21802347368794e-05,2.08625806408236e-05,13445.0396479104,77.071699967015,760
"1482",99444,-23.1450862884521,-46.6133804321289,0.003925328303012,8.53332239785232e-05,3.06764632114209e-05,17357.8657116849,850.159345964414,836
"1483",99445,-23.1361713409424,-46.5765533447266,0.0016840618118294,3.66100393875968e-05,2.30006753554335e-05,21275.9207983526,1542.84040106801,656
"1484",99446,-23.1272964477539,-46.5398139953613,0.0011826593326986,2.57099854934495e-05,2.18335044337437e-05,25192.8691882201,1063.46126413954,772
"1485",99447,-23.1184635162354,-46.5031700134277,0.0018718188148341,4.0691713365959e-05,2.47442058025626e-05,29104.3124670675,272.640687074433,782
"1486",99448,-23.1096687316895,-46.4666137695312,0.0027104956679977,5.89238188695163e-05,2.74610410997411e-05,33009.2587752738,248.22277948785,710
"1487",99449,-23.1009120941162,-46.4301452636719,0.0006275436880969,1.36422540890635e-05,1.94997992366552e-05,36601.6839157594,112.35501799602,1088
"1488",99452,-23.0748691558838,-46.3212471008301,0.0008839467336656,1.92162333405577e-05,2.09872596315108e-05,39732.1958716276,176.039283629814,797
"1489",99454,-23.057689666748,-46.2490463256836,0.0015091764726094,3.28081841871608e-05,2.72976685664617e-05,37811.5685505183,2.74225331958643,834
"1490",99455,-23.0491542816162,-46.213062286377,0.0015589851391268,3.38909812853672e-05,2.82356377283577e-05,35621.5362898541,3.11615183952352,790
"1491",99456,-23.0406513214111,-46.1771507263184,0.0006636052567046,1.4426201232709e-05,2.40571007452672e-05,33664.5437348989,3.38329002174679,793
"1492",99458,-23.0237483978271,-46.1055374145508,0.0001213932077916,2.63898277808039e-06,2.21896279981593e-05,29052.3391598544,1.26508351665628,697
"1493",99459,-23.0153484344482,-46.0698318481445,0.0005885677710466,1.27949515444925e-05,2.1715914044762e-05,26737.0048864924,8.02713093030783,918
"1494",99461,-22.9986419677734,-45.9986190795898,0.0005564518687606,1.20967797556659e-05,1.97750614461256e-05,21227.7452639598,22.9236788598357,788
"1495",99463,-22.982063293457,-45.9276542663574,2.76772603911013e-05,6.01679573719593e-07,2.02027404156979e-05,16671.4779900359,18.512638532465,996
"1496",99464,-22.9738178253174,-45.892261505127,0.0007019426193437,1.52596221596468e-05,1.9982187950518e-05,15323.0513056621,17.6340724663498,1234
"1497",99465,-22.9656047821045,-45.8569221496582,0.0008376175464945,1.82090770977084e-05,1.84762666322058e-05,14840.1749119842,40.5391091100678,942
"1498",99466,-22.9574203491211,-45.8216400146484,0.0013045272098679,2.83592871710425e-05,1.97978679352673e-05,15300.7905655302,26.1650343603342,1137
"1499",99467,-22.9492645263672,-45.7864074707031,0.000778800673288,1.69304494193057e-05,2.16817898035515e-05,16622.4016306943,11.1016446554548,881
"1500",99469,-22.9330387115479,-45.7160987854004,0.0003065753571718,6.66468167764833e-06,2.11972510442138e-05,19777.4779509469,3.29775942861461,1224
"1501",99471,-22.9169235229492,-45.6459770202637,0.0012685245055763,2.75766196864424e-05,1.90380869753426e-05,15665.3209276129,16.9000127504796,959
"1502",99475,-22.885009765625,-45.5062446594238,0.0003529548739606,7.67293204262387e-06,1.80678271135548e-05,15810.3672377617,33.178467459187,1048
"1503",99476,-22.8770942687988,-45.4714088439941,0.0009564725078234,2.07928806048585e-05,1.64604680321645e-05,17897.5479362376,79.3166556610355,825
"1504",99477,-22.8692035675049,-45.4366073608398,0.0010298342640453,2.23877013922902e-05,1.72782911249669e-05,20449.1905943398,122.536694125863,774
"1505",99478,-22.8613376617432,-45.4018402099609,0.0009301393656642,2.02204209927004e-05,2.53829512075754e-05,18922.1076683733,117.424906323521,782
"1506",99479,-22.853494644165,-45.3671035766602,0.0006920675132278,1.5044945939735e-05,1.87329533218872e-05,15253.1577027927,3.83616248546645,1125
"1507",99480,-22.8456745147705,-45.3323974609375,0.0002885150151996,6.27206554781878e-06,1.69815357367042e-05,11611.9311545558,9.92236342972291,704
"1508",99481,-22.8378772735596,-45.297721862793,0.00133518158691,2.90256866719574e-05,1.90738701348891e-05,8031.11953088402,139.319070084054,777
"1509",99482,-22.8301029205322,-45.263069152832,0.0007268821791512,1.58017865032889e-05,2.04395855689654e-05,4642.85276957613,699.800565685477,810
"1510",99483,-22.8223495483398,-45.2284469604492,0.0011295966869511,2.45564497163286e-05,1.7475909771747e-05,2438.52942339952,1246.2411125767,675
"1511",99484,-22.8146190643311,-45.1938438415527,0.0028771987417712,6.25477987341583e-05,2.38693191931816e-05,4194.62286952667,2486.53855871759,867
"1512",99485,-22.8069076538086,-45.1592636108398,0.0026057926588691,5.6647666497156e-05,2.33532791753532e-05,3368.26807746533,1012.64746015378,779
"1513",99486,-22.7992191314697,-45.1247024536133,0.0014532551213051,3.15925026370678e-05,1.82109324669e-05,4398.85678563179,233.108615426039,847
"1514",99487,-22.7915515899658,-45.090160369873,0.0017836478509707,3.87749532819726e-05,1.92664720088942e-05,4494.67266477032,146.041763833749,646
"1515",99490,-22.7686634063721,-44.986629486084,0.0006473879075201,1.40736501634819e-05,1.66408171935473e-05,11873.3714834475,4.31704019813067,1048
"1516",99493,-22.7459449768066,-44.8832092285156,4.02121722800075e-05,8.74177658261033e-07,1.73117277881829e-05,22468.9424370524,12.5896835035492,776
"1517",99494,-22.7384090423584,-44.848747253418,0.0009468050375289,2.05827182071516e-05,1.72515537997242e-05,26078.0017576515,21.1364964541306,858
"1518",99495,-22.7308902740479,-44.8142967224121,0.0003291003504273,7.15435544407228e-06,1.53680339280982e-05,29701.1181335148,2.24616320848162,686
"1519",99496,-22.7233867645264,-44.7798461914062,0.0013457805107464,2.92560980597045e-05,1.7494710846222e-05,33334.3849140099,3.18726581933589,986
"1520",99500,-22.6935424804688,-44.6420555114746,0.0005024508245696,1.09228440123843e-05,1.66701829584781e-05,47919.5053154417,3.04695414525356,795
"1521",99501,-22.6861209869385,-44.6076011657715,0.0005204077460803,1.13132118713111e-05,1.65464498422807e-05,45304.6372427983,3.47787581410023,947
"1522",99502,-22.6787128448486,-44.5731391906738,0.0004931645707983,1.07209689304e-05,1.59358005475951e-05,42119.8542105876,24.6633434266348,1183
"1523",99503,-22.6713218688965,-44.5386695861816,0.0013916044772486,3.02522712445352e-05,1.78689533640863e-05,39020.9903575596,42.647582306886,950
"1524",99504,-22.6639423370361,-44.5041923522949,0.0004357205289124,9.47218541114125e-06,1.51083677337738e-05,36029.8398134762,7.74483473177685,1085
"1525",99507,-22.6418914794922,-44.4006881713867,0.0002011009619309,4.37176004197681e-06,1.50343958011945e-05,28045.7828821746,5.57278001605328,881
"1526",99509,-22.627254486084,-44.3316078186035,0.0019378196448087,4.21265140175819e-05,2.17392644117353e-05,24094.2431355499,5.49238678410869,1240
"1527",99510,-22.6199550628662,-44.2970390319824,0.0004843590631935,1.05295448520337e-05,1.59412193170283e-05,22761.8920018212,4.09732383198236,1066
"1528",99511,-22.6126670837402,-44.262451171875,0.0019002304907189,4.13093584938906e-05,2.05985652428353e-05,20066.2625408656,12.5689392817965,918
"1529",99512,-22.6053924560547,-44.227840423584,2.44577955044178e-06,5.31691206617779e-08,1.77096044353675e-05,16593.7777083146,4.0152950935894,768
"1530",99513,-22.5981273651123,-44.1932067871094,0.0018707402632571,4.06682665925473e-05,1.96784294530516e-05,13232.9924671948,185.458147433181,779
"1531",99514,-22.5908737182617,-44.1585464477539,0.0021829134202562,4.74546395707875e-05,2.10010548471473e-05,10098.2621040431,565.214720214273,1135
"1532",99515,-22.5836315155029,-44.1238594055176,0.0026580025878502,5.77826649532653e-05,2.35870538745075e-05,7483.01363069287,445.812427964162,844
"1533",99516,-22.5764007568359,-44.0891418457031,0.002616714729811,5.68851028219797e-05,2.34397339227144e-05,6101.47916339155,421.917482860371,825
"1534",99517,-22.5691776275635,-44.0543937683105,0.0008375690158572,1.82080220838543e-05,1.5926996638882e-05,6762.42400023786,351.562560362939,832
"1535",99518,-22.5619659423828,-44.0196113586426,0.0012035919353365,2.61650420725346e-05,1.92816623894032e-05,9031.99157209817,66.2827269970609,790
"1536",99520,-22.5475692749023,-43.9499473571777,0.0008954613804235,1.94665517483372e-05,1.91038961929735e-05,15348.2770736372,76.4895992907582,858
"1537",99521,-22.5403842926025,-43.9150619506836,0.000121493134884,2.64115510617557e-06,1.86424222192727e-05,18811.4292635858,15.200566023726,671
"1538",99522,-22.5332088470459,-43.8801345825195,0.0009754001257533,2.12043505598558e-05,1.93394826055737e-05,22357.0183539713,15.2588823209342,1009
"1539",99523,-22.5260410308838,-43.8451690673828,0.0009647388651501,2.0972584025003e-05,1.99231180886272e-05,25952.6035811515,130.220642118722,709
"1540",99524,-22.5188808441162,-43.8101577758789,0.0003502324098008,7.61374803914805e-06,1.81997038453119e-05,28234.0661039143,575.115478834709,784
"1541",99525,-22.5117282867432,-43.7751007080078,0.0012570551261887,2.73272853519302e-05,2.24157956836279e-05,26752.6708861455,292.503868484456,828
"1542",99526,-22.5045833587646,-43.7400016784668,0.0012549737475637,2.7282037990517e-05,2.01078146346845e-05,25726.1018203656,373.870498049189,743
"1543",99527,-22.4974460601807,-43.7048530578613,0.0008707863125891,1.89301372301998e-05,1.89489455806324e-05,25211.5704445905,101.515550902206,823
"1544",99528,-22.4903144836426,-43.6696548461914,0.0004950982238369,1.07630048660212e-05,1.72221207321854e-05,25242.7698992402,26.3197679245828,889
"1545",99529,-22.483190536499,-43.6344032287598,0.0011713116982718,2.54632977885194e-05,1.76556350197643e-05,25819.6393765611,53.247483054304,922
"1546",99530,-22.4760723114014,-43.5991020202637,0.0011861260936711,2.57853498624172e-05,1.93946143554058e-05,26909.4399551359,132.726384591424,1104
"1547",99531,-22.4689598083496,-43.5637435913086,0.0002811866379488,6.11275299888803e-06,1.7112306522904e-05,27523.6540029554,55.3242692297511,1059
"1548",99532,-22.4618530273438,-43.5283279418945,0.0003198178201273,6.95256130711641e-06,1.62941396411043e-05,27001.9741443299,96.9653752438479,1092
"1549",99533,-22.4547519683838,-43.4928550720215,0.0002945352825918,6.40294092590921e-06,1.7192229279317e-05,26996.7754902678,302.544087864456,784
"1550",99534,-22.4476547241211,-43.4573211669922,0.0016578392023802,3.60399826604407e-05,2.01445363927633e-05,27510.8879834044,340.394225887393,788
"1551",99538,-22.4193134307861,-43.3145408630371,0.0012809113650291,2.78458992397645e-05,1.80808910954511e-05,17572.8525940752,13.1780149020801,783
"1552",99539,-22.412239074707,-43.2786750793457,9.22947920116712e-05,2.00640852199285e-06,9.74868726189015e-06,15019.1670680359,19.0597061772708,1196
"1553",99543,-22.3839645385742,-43.1344757080078,0.0004562122976494,9.91765864455374e-06,1.77907095348928e-05,13504.4585488699,224.92237099819,869
"1554",99544,-22.3769016265869,-43.0982322692871,0.0005328215065674,1.15830762297264e-05,1.47467981150839e-05,15648.1054741802,363.104877446099,979
"1555",99545,-22.3698425292969,-43.0619049072266,0.0002509056121198,5.4544698286918e-06,1.16447399705066e-05,18358.7357329235,46.0936956608299,757
"1556",99546,-22.3627815246582,-43.0254974365234,0.0003094911908192,6.72806936563575e-06,1.51897584146354e-05,17711.6025130387,114.319296426489,797
"1557",99548,-22.3486671447754,-42.9524192810059,0.0005533245293918,1.20287941172137e-05,3.25182045344263e-05,10091.6580504384,158.861220358882,824
"1558",99549,-22.341609954834,-42.9157447814941,0.0004862680743826,1.05710450952756e-05,1.44221257869503e-05,6380.56692269489,103.529328887779,680
"1559",99550,-22.3345546722412,-42.878978729248,0.0002690577020985,5.84908048040234e-06,1.20139948194264e-05,3119.90861286443,80.358486177877,919
"1560",99551,-22.3274974822998,-42.8421211242676,0.0008208523031498,1.78446152858669e-05,1.34904730657581e-05,3020.4055102621,61.9150831784834,738
"1561",99552,-22.320442199707,-42.8051643371582,0.0001362656203127,2.96229609375587e-06,8.90551746124402e-06,6253.6620635723,16.0233529794377,787
"1562",99553,-22.3133850097656,-42.7681083679199,0.000117059149943,2.54476412919757e-06,1.0354282494518e-05,9996.27497150493,31.137994520676,812
"1563",99557,-22.2851428985596,-42.6188621520996,0.0002912038426075,6.33051831755438e-06,1.00637589639518e-05,25621.1983965298,79.143877647488,783
"1564",99559,-22.2710113525391,-42.543586730957,7.25857889847248e-05,1.57795193445054e-06,1.16066721602692e-05,19466.2264647195,1235.60621972589,1029
"1565",99837,-23.3036193847656,-47.4634170532227,0.0033477287070127,7.27767110220157e-05,2.30687619477976e-05,15038.4675933042,24.627787414827,925
"1566",99838,-23.2936401367188,-47.4239387512207,0.0018945995980175,4.11869477829896e-05,1.97463305084966e-05,17546.0464985539,18.9672730413688,955
"1567",99839,-23.2837181091309,-47.3846054077148,0.0051994118257425,0.0001130306918639,3.39455655193888e-05,16423.0729534133,16.5423693428297,1152
"1568",99840,-23.2738513946533,-47.3454208374023,0.0042833110346691,9.31154572754167e-05,3.14570716000162e-05,12594.1479315617,845.07383334062,1072
"1569",99841,-23.2640380859375,-47.3063812255859,0.0067782038240693,0.0001473522570449,4.48729151685257e-05,9121.5868077556,2537.5946448153,791
"1570",99842,-23.254280090332,-47.2674751281738,0.005810413218569,0.0001263133308384,4.20615906477906e-05,6563.96528037104,1846.59399158046,819
"1571",99843,-23.2445735931396,-47.2287101745605,0.0044395047152647,9.65109720709734e-05,3.54615258402191e-05,6154.24880642315,22.3228167993419,773
"1572",99844,-23.234920501709,-47.1900787353516,0.0040252502076327,8.75054392963648e-05,3.26002555084415e-05,8197.15070700834,14.9633978389136,1233
"1573",99845,-23.2253189086914,-47.1515808105469,0.005631944979541,0.0001224335865117,4.63935321022291e-05,11431.03295941,22.4974254680369,793
"1574",99846,-23.2157688140869,-47.113208770752,0.0047264576714951,0.0001027490798151,3.91630128433462e-05,15098.1982631068,81.5378300658933,742
"1575",99847,-23.2062683105469,-47.0749664306641,0.0047718164132675,0.0001037351394188,3.94701492041349e-05,18424.6095926719,313.628671158142,787
"1576",99848,-23.1968173980713,-47.0368461608887,0.0048669796378817,0.0001058039051713,3.91139365092386e-05,16144.7074570419,247.895654832076,772
"1577",99849,-23.1874141693115,-46.9988479614258,0.0073748314462136,0.0001603224227437,4.99187772220466e-05,12913.7535258992,738.700010748154,760
"1578",99850,-23.1780605316162,-46.9609718322754,0.0070809854660183,0.0001539344666525,4.97978217026684e-05,8981.17534674725,1242.82883826829,801
"1579",99851,-23.1687526702881,-46.923210144043,0.0077868418302387,0.0001692791702225,6.28052657702938e-05,5263.23458390599,1101.52851891371,640
"1580",99852,-23.1594905853271,-46.8855628967285,0.0062321170116774,0.0001354808046016,5.33800775883719e-05,2752.23516676657,2100.69744529699,786
"1581",99853,-23.150276184082,-46.8480262756348,0.0039204026106745,8.52261437103152e-05,3.67605389328673e-05,4469.01063086951,939.52249393704,857
"1582",99854,-23.1411056518555,-46.8106002807617,0.0025492891072644,5.54193284187932e-05,2.90377211058512e-05,6978.54887721221,146.50474392705,1005
"1583",99855,-23.1319789886475,-46.7732810974121,0.0017243700203835,3.74863047909457e-05,2.56877083302243e-05,8031.66016952683,62.5886952271863,692
"1584",99856,-23.122896194458,-46.7360649108887,0.002606437948998,5.66616945434362e-05,2.80530985037331e-05,9624.06819062519,309.942983036502,940
"1585",99857,-23.1138572692871,-46.6989555358887,0.0007648516293556,1.66272093338193e-05,2.02287901629461e-05,12342.1753547789,326.382749139577,937
"1586",99858,-23.1048603057861,-46.6619453430176,0.0007992603532329,1.73752250702819e-05,1.93402102013351e-05,15600.1343974585,163.366663989327,917
"1587",99859,-23.0959053039551,-46.6250305175781,0.0013707122052437,2.97980914183427e-05,2.29784145631129e-05,19117.3783556269,340.946917104335,1022
"1588",99860,-23.0869922637939,-46.5882148742676,0.0003358671738169,7.30146030036849e-06,1.90824412129587e-05,22768.1625868481,461.593172697357,1253
"1589",99861,-23.0781173706055,-46.5514907836914,0.0015763504052301,3.42684870702215e-05,2.24660179810598e-05,26493.2706816647,477.700832030527,1036
"1590",99862,-23.0692844390869,-46.5148620605469,0.0021350628812797,4.6414410462603e-05,2.56008497672155e-05,30260.7162487768,90.1713365178045,761
"1591",99863,-23.060489654541,-46.4783210754395,0.0015564240602543,3.38353056577034e-05,2.38553875533398e-05,34053.6345025991,56.7358701156692,893
"1592",99864,-23.0517330169678,-46.4418640136719,0.0024006747407838,5.21885813213885e-05,2.87765033135656e-05,37861.6632164366,51.4127973305139,911
"1593",99865,-23.0430164337158,-46.4054985046387,0.0004163515750406,9.05112119653495e-06,2.02651135623455e-05,41677.1882957256,133.654395497429,1176
"1594",99866,-23.0343360900879,-46.369213104248,0.0003948297435272,8.58325529407011e-06,1.84350901690777e-05,43201.8982418207,87.8253741324994,769
"1595",99870,-22.999979019165,-46.2248649597168,5.9321387880118e-05,1.28959538869822e-06,2.22642702283338e-05,31322.0084774964,8.02862316535321,798
"1596",99872,-22.9830093383789,-46.1531372070312,0.0011649861480691,2.53257858275902e-05,2.44161165028345e-05,26820.9726792933,6.62073929090153,810
"1597",99874,-22.9661750793457,-46.0816879272461,0.0009722573486214,2.11360293178586e-05,2.38107986660907e-05,24004.405643244,8.10164736787213,935
"1598",99875,-22.9578075408936,-46.0460624694824,0.0012048552380292,2.61925051745493e-05,2.29216439038282e-05,23422.962351563,14.7519494827797,1145
"1599",99876,-22.9494705200195,-46.0105018615723,0.0006646433939749,1.44487694342388e-05,2.02161500055809e-05,23455.3103127123,21.4331452250462,1037
"1600",99879,-22.9246482849121,-45.904182434082,0.0003199007405783,6.95436392561533e-06,2.11989990930306e-05,20772.9200705692,19.0620950525623,670
"1601",99884,-22.8838729858398,-45.728084564209,8.37056327327446e-05,1.81968766810314e-06,1.93988216778962e-05,24384.256105295,7.20617227252302,793
"1602",99885,-22.8758029937744,-45.6930160522461,3.76748985218001e-05,8.1901953308261e-07,2.61959285126068e-05,22330.6194959109,12.8054354893158,813
"1603",99889,-22.8437881469727,-45.5531730651855,0.0009809337898332,2.13246476050699e-05,2.38759093917906e-05,19864.3922584656,20.6356172655956,919
"1604",99890,-22.8358478546143,-45.518310546875,0.0003799809583142,8.26045561552746e-06,1.72133568412391e-05,20927.299679281,15.5894257836876,731
"1605",99893,-22.8121795654297,-45.413948059082,0.0001711353224891,3.7203330975899e-06,3.29512513417285e-05,20358.3014213749,6.76789339828318,1048
"1606",99896,-22.7887210845947,-45.3098678588867,0.0009659941351856,2.0999872504035e-05,2.06514105229871e-05,11060.6178708887,100.717368501485,760
"1607",99897,-22.780948638916,-45.2752304077148,0.0004351395837147,9.45955616771244e-06,2.01139537239214e-05,8932.53236369611,142.203059682828,992
"1608",99899,-22.7654666900635,-45.2060279846191,0.0005830466161569,1.26749264381942e-05,1.51423546412843e-05,4982.82195809186,801.519562229582,1016
"1609",99900,-22.7577571868896,-45.171459197998,0.0008602932357462,1.87020268640481e-05,1.77071342477575e-05,2433.97836490195,1100.06803215536,1026
"1610",99901,-22.7500686645508,-45.1369132995605,0.0012126983747293,2.63630081462907e-05,1.94223121070536e-05,3766.15184146281,1174.27205454499,1246
"1611",99903,-22.7347545623779,-45.06787109375,0.0007760541739116,1.68707429111237e-05,1.57764025061624e-05,3823.39657227288,133.49280625412,1048
"1612",99905,-22.719518661499,-44.998893737793,0.0002976440673592,6.4705232034612e-06,1.53195378516102e-05,11066.648516307,169.343874874941,813
"1613",99906,-22.7119274139404,-44.9644203186035,0.000242539453211,5.27259680893621e-06,1.54271547216922e-05,14726.7969375847,12.5313275809974,794
"1614",99907,-22.7043571472168,-44.9299583435059,0.0010344133806938,2.24872474063886e-05,1.7472317267675e-05,18390.8187555557,6.97140344072494,850
"1615",99909,-22.6892681121826,-44.8610610961914,0.0012527948892966,2.72346715064486e-05,1.75901132024592e-05,25722.0737096001,71.8098947700276,816
"1616",99910,-22.6817512512207,-44.8266220092773,0.0006642320968239,1.44398281918257e-05,1.66004392667674e-05,29387.8305647791,32.8866509150662,757
"1617",99911,-22.6742496490479,-44.7921829223633,0.0002470666295266,5.37101368536241e-06,1.69538452610141e-05,33053.8719957156,5.3134373315454,929
"1618",99912,-22.6667652130127,-44.7577514648438,0.001254149396118,2.72641173069132e-05,1.89885795407463e-05,36719.1779111877,3.90049607695564,838
"1619",99913,-22.6592979431152,-44.723316192627,0.0010141543498321,2.20468336920021e-05,1.90039772860473e-05,40384.7685228946,3.96063570912566,784
"1620",99914,-22.6518459320068,-44.6888809204102,0.0010947203118121,2.37982676480897e-05,1.73408534465125e-05,44050.2319638942,4.36569814863488,950
"1621",99915,-22.6444091796875,-44.6544418334961,0.0007536239827459,1.63831300596939e-05,1.48959416037542e-05,46351.5059527972,3.51496555551401,848
"1622",99916,-22.6369895935059,-44.620002746582,0.0008587272859585,1.86679844773607e-05,1.53450237121433e-05,42930.4976891491,13.4840199588894,858
"1623",99917,-22.6295833587646,-44.5855522155762,0.000154746892349,3.36406287715363e-06,1.55272518895799e-05,39553.4630999069,51.4126147072819,771
"1624",99918,-22.6221923828125,-44.551097869873,0.0020753907811013,4.51171908935066e-05,2.0046654753969e-05,36233.6967726965,46.4433758774817,948
"1625",99919,-22.6148166656494,-44.5166320800781,0.0008823868920444,1.91823237400968e-05,1.54702793224715e-05,32987.9076367445,7.16984827551046,958
"1626",99920,-22.6074523925781,-44.4821548461914,0.0004123241596971,8.96356868906878e-06,1.4962077329983e-05,29840.2297028468,3.68610261591376,751
"1627",99921,-22.6001033782959,-44.4476661682129,0.00123248071759,2.67930590780452e-05,1.84494856512174e-05,26825.9047310052,3.97263776281732,939
"1628",99923,-22.5854454040527,-44.3786468505859,0.0003325219067846,7.22873710401473e-06,1.55686921061715e-05,21421.8425231306,4.48929590412934,744
"1629",99924,-22.5781345367432,-44.344108581543,0.0010870535588765,2.3631599106011e-05,1.67943453561747e-05,19209.4101278733,3.36568181353189,897
"1630",99925,-22.570837020874,-44.3095550537109,0.0010484337144589,2.27920372708468e-05,1.78745522134705e-05,17496.9928654001,3.34241765397395,739
"1631",99926,-22.5635509490967,-44.2749786376953,0.0007427580567309,1.61469142767601e-05,1.66317549883388e-05,16442.2053471745,27.9346605710293,1053
"1632",99927,-22.5562763214111,-44.2403831481934,0.0005491910997079,1.19389369501732e-05,1.7072636183002e-05,15530.8044004698,93.0740949514489,1236
"1633",99928,-22.5490131378174,-44.2057609558105,0.0017393952730344,3.78129407181405e-05,1.96501023310702e-05,11851.4696524534,1446.61232601778,836
"1634",99929,-22.5417613983154,-44.1711120605469,0.0016003088094294,3.47893219441175e-05,1.93352007045178e-05,8171.5426271294,2457.11184069905,809
"1635",99930,-22.5345211029053,-44.1364364624023,0.0042560398287605,9.25226049730554e-05,3.38111858582124e-05,4495.53176732279,2511.50772475406,878
"1636",99931,-22.5272903442383,-44.1017303466797,0.0048488767060916,0.0001054103631759,3.61265338142402e-05,904.038337831186,3014.47271294591,800
"1637",99932,-22.5200710296631,-44.0669975280762,0.0007613116540596,1.65502533491235e-05,1.65933470270829e-05,2942.34966551077,1879.35445685452,1320
"1638",99933,-22.5128593444824,-44.0322303771973,0.0004367242345324,9.49400509853149e-06,1.61586194735719e-05,6617.79251632721,1403.29982417187,751
"1639",99934,-22.5056591033936,-43.997428894043,0.0016167883077287,3.51475719071459e-05,1.96827331819804e-05,10310.2875571364,450.785039484131,793
"1640",99935,-22.4984664916992,-43.962589263916,0.0019382229511393,4.2135281546507e-05,2.11115602724021e-05,14009.3581273002,140.485153993718,1220
"1641",99936,-22.491283416748,-43.9277153015137,0.0025731506175361,5.59380569029599e-05,2.51457931881305e-05,17712.76338397,119.245129263574,799
"1642",99937,-22.48410987854,-43.8928031921387,0.0023794502849341,5.17271801072638e-05,2.27570817514788e-05,21420.3292334793,51.0390264223092,749
"1643",99938,-22.4769439697266,-43.8578491210938,0.0010942457156488,2.37879503401928e-05,1.97480039787479e-05,25132.2542309331,549.676352710934,887
"1644",99939,-22.4697856903076,-43.8228492736816,0.0003422051704546,7.43924283597153e-06,1.75860604940681e-05,28848.8146641777,1608.75270985816,1069
"1645",99940,-22.4626350402832,-43.7878074645996,0.0008302393835037,1.80486822500825e-05,1.8860308045987e-05,32122.6625316971,225.050992114129,885
"1646",99941,-22.4554920196533,-43.7527198791504,0.0018132132172468,3.94176786358003e-05,2.07618104468565e-05,31258.1727631409,37.7266942626424,809
"1647",99943,-22.4412269592285,-43.6823997497559,0.0013078472074994,2.84314610325964e-05,1.8805420040735e-05,30829.9209122967,280.43509842532,972
"1648",99944,-22.4341049194336,-43.647159576416,0.0016918911423999,3.67802422260866e-05,2.1351999748731e-05,31287.3334736221,78.8253354204792,807
"1649",99947,-22.4127731323242,-43.5411224365234,0.0009974475105991,2.16836415347643e-05,1.94678141269833e-05,32611.1048445886,12.6527710609933,952
"1650",99948,-22.4056739807129,-43.5056610107422,0.0010151579299417,2.20686506509082e-05,1.66124282259261e-05,32588.9897398585,10.2573126859233,786
"1651",99949,-22.3985786437988,-43.4701385498047,0.0003564089165593,7.74801992520224e-06,1.79228372871876e-05,32997.9474081673,81.715868618547,958
"1652",99950,-22.3914890289307,-43.4345550537109,0.0018355659267399,3.99036071030423e-05,2.10852249438176e-05,30069.5052185745,223.902924672381,705
"1653",99951,-22.3844051361084,-43.3989067077637,0.0008373991586267,1.82043295353651e-05,1.58246784849325e-05,27097.2711080736,117.217404021135,1005
"1654",99952,-22.3773231506348,-43.3631935119629,0.0005772972835984,1.25499409477925e-05,1.54607550939545e-05,24344.7034470428,56.6352078517468,985
"1655",99955,-22.3561019897461,-43.2556343078613,0.0016597041176282,3.6080524296267e-05,1.94949352589902e-05,18415.9612227536,9.09657210402237,972
"1656",99956,-22.3490352630615,-43.2196388244629,0.0022137395790196,4.81247734569479e-05,2.48915821430273e-05,17671.1157600124,8.28912976338788,1311
"1657",99957,-22.3419704437256,-43.1835632324219,0.0001244141353708,2.70465511675866e-06,1.77466918103164e-05,17733.5354395681,55.7784786005427,1217
"1658",99959,-22.3278484344482,-43.1111831665039,0.0007464163463737,1.62264423124725e-05,1.57095037138788e-05,20171.4210076878,104.899340343589,1167
"1659",99960,-22.3207893371582,-43.0748672485352,3.67943550827476e-05,7.99877284407557e-07,1.05963781606988e-05,21866.5537228429,30.6796081449814,832
"1660",99961,-22.3137321472168,-43.0384712219238,0.0006343245058815,1.37896631713375e-05,1.5241881555994e-05,18062.7306285539,25.2505048209022,991
"1661",99962,-22.306676864624,-43.0019912719727,0.0004245965537847,9.23035986488685e-06,1.63452259585029e-05,14278.3527308018,46.0124406337795,782
"1662",99963,-22.2996215820312,-42.9654197692871,0.0002089793460982,4.54302926300443e-06,1.32894565467723e-05,10542.9652026268,52.655671061421,831
"1663",99967,-22.2714061737061,-42.8182182312012,0.0003353358679305,7.28991017240332e-06,1.22624369396362e-05,6430.25224165726,105.831824942454,793
"1664",99968,-22.2643508911133,-42.781177520752,0.0006282644098973,1.36579219542909e-05,1.42113785841502e-05,10013.6095852909,106.831608278643,768
"1665",99969,-22.2572956085205,-42.7440338134766,0.0002160708017981,4.69719134343904e-06,1.19858113976079e-05,13792.1530300475,109.677690687594,849
"1666",99971,-22.2431793212891,-42.6694412231445,0.0005132640362717,1.11579138319939e-05,1.78717964445241e-05,21545.0355418797,42.2290091402983,1013
"1667",99973,-22.2290573120117,-42.5944175720215,0.0003836211744783,8.33959074952872e-06,1.02979738585418e-05,21145.9857157977,91.3093674175077,1128
"1668",99974,-22.2219924926758,-42.5567359924316,0.0002638304922584,5.73544548387872e-06,8.67217295308365e-06,17301.282253716,516.357592819368,749
"1669",100252,-23.2544345855713,-47.4747276306152,0.0031537403701804,6.85595732647926e-05,2.24498562602093e-05,10787.2307491002,26.114293712065,837
"1670",100253,-23.2444553375244,-47.4352645874023,0.0029504649428417,6.41405422356911e-05,2.40117624343839e-05,14161.3144533447,19.2537930855803,862
"1671",100254,-23.2345314025879,-47.3959503173828,0.005197603473789,0.0001129913798649,3.40387050528079e-05,15017.2678023578,23.3515763274063,985
"1672",100255,-23.2246646881104,-47.3567810058594,0.0042375707416795,9.21211030799896e-05,2.99515450024046e-05,10810.4477436293,92.9942428734255,943
"1673",100256,-23.2148513793945,-47.3177528381348,0.0043112255225423,9.37222939683124e-05,3.10780123982113e-05,6621.83326815152,1031.31876514172,1046
"1674",100257,-23.2050933837891,-47.278865814209,0.0050999872764805,0.0001108692886191,3.87988256989047e-05,2464.32903183427,1508.68595889316,1143
"1675",100258,-23.1953868865967,-47.2401161193848,0.0057992424699477,0.0001260704884771,3.65963751391973e-05,1773.57338169157,452.381073449367,889
"1676",100259,-23.1857357025146,-47.2014999389648,0.0043542373896343,9.46573345572688e-05,3.00524134217994e-05,5889.78475913684,52.7954407702546,775
"1677",100260,-23.1761341094971,-47.163013458252,0.0058308067964389,0.0001267566694878,4.14126552641392e-05,8743.20106511305,44.2188284105454,748
"1678",100261,-23.1665840148926,-47.1246604919434,0.0062971688166726,0.0001368949742754,4.66864839836489e-05,12076.1489818765,160.324744008208,946
"1679",100262,-23.1570835113525,-47.0864295959473,0.0055481242015957,0.0001206113956868,4.07462284783833e-05,14916.6325542185,925.464731475839,986
"1680",100263,-23.147632598877,-47.0483245849609,0.0055083916668081,0.0001197476449306,4.07565457862802e-05,13266.8571057342,1705.12215003665,1095
"1681",100264,-23.1382293701172,-47.0103416442871,0.0055778872047085,0.0001212584174936,4.14403511967976e-05,9489.52499634018,1487.51932368405,1015
"1682",100265,-23.1288738250732,-46.9724769592285,0.0060933736094739,0.0001324646436842,4.71138300781604e-05,6120.68076755323,1523.92501303783,1287
"1683",100266,-23.1195678710938,-46.9347305297852,0.005065457560704,0.000110118642624,4.4014126615366e-05,4233.67759034667,946.942577088031,1094
"1684",100267,-23.1103057861328,-46.8970985412598,0.0042856719664996,9.31667818804272e-05,4.05564169341233e-05,5577.82967271887,315.645308357363,866
"1685",100268,-23.1010913848877,-46.8595771789551,0.00361641238851,7.86176606197841e-05,3.57549397449475e-05,8759.42576940215,190.105531150861,795
"1686",100269,-23.0919208526611,-46.8221626281738,0.0006301538414845,1.36989965540124e-05,2.14000174310058e-05,11388.3267210582,80.6738585090443,787
"1687",100270,-23.0827960968018,-46.7848587036133,0.0026350936168455,5.72846438444685e-05,2.91615306196036e-05,13589.8624760093,33.8828758934378,859
"1688",100272,-23.0646743774414,-46.710563659668,0.0006053582837921,1.31599626911338e-05,1.86833731277147e-05,16612.1164497506,109.428758080459,800
"1689",100273,-23.0556774139404,-46.6735649108887,0.0031682821572758,6.88756990712136e-05,2.58694399235537e-05,19200.4477560895,116.00341976215,913
"1690",100274,-23.0467224121094,-46.6366653442383,0.0009293448856624,2.02031496883137e-05,1.92057668755297e-05,22189.432055208,68.9683620180516,791
"1691",100275,-23.0378093719482,-46.5998649597168,0.0014484740167972,3.14885655825492e-05,2.04618900170317e-05,25433.0367033989,55.9043903103298,801
"1692",100276,-23.0289363861084,-46.5631561279297,1.54654027824108e-05,3.36204408313279e-07,1.79994531208649e-05,28841.6560204959,140.528606767949,755
"1693",100277,-23.0201034545898,-46.526538848877,0.0006148957672849,1.33672992888023e-05,1.87343921425054e-05,32359.4321350649,117.319997478458,822
"1694",100278,-23.0113086700439,-46.4900093078613,0.0015126931029954,3.2884632673813e-05,2.11299266084097e-05,35951.4086171118,65.332699084325,900
"1695",100279,-23.0025539398193,-46.4535713195801,0.0005884398342459,1.27921703096945e-05,1.98153084056685e-05,39594.0244672587,78.0940762358943,910
"1696",100280,-22.9938373565674,-46.4172172546387,0.0010142683131562,2.20493111555697e-05,2.14142000913853e-05,43272.4853520446,50.4248115349114,1107
"1697",100281,-22.9851570129395,-46.3809432983398,0.0008273248677141,1.79853232111782e-05,2.04071038751863e-05,40303.2359234173,30.7081271599172,1034
"1698",100282,-22.9765148162842,-46.3447532653809,0.0017077476077247,3.71249479940161e-05,2.29855359066278e-05,36860.4139556896,27.7480425973533,759
"1699",100283,-22.9679069519043,-46.3086433410645,0.0018370330581092,3.99355012632441e-05,2.3582877474837e-05,33520.6534369157,60.4851303740867,912
"1700",100287,-22.9338340759277,-46.1649513244629,0.0006018698095431,1.30841262944159e-05,2.1597510567517e-05,22028.8373425749,7.69574094733816,996
"1701",100288,-22.9254016876221,-46.129207611084,0.0008454518138023,1.8379387256573e-05,2.4357570509892e-05,20003.4803799783,4.59520176859726,883
"1702",100289,-22.9170017242432,-46.0935325622559,0.0002424400490781,5.2704358495248e-06,2.66468632617034e-05,18558.2881210339,3.9498570475525,709
"1703",100290,-22.908634185791,-46.057918548584,0.0001477338282711,3.21160496241646e-06,2.57013798545813e-05,17829.9819641163,7.42934168199454,966
"1704",100292,-22.8919944763184,-45.9868850708008,0.0010989904221787,2.38910961343208e-05,4.47455022367649e-05,18759.3810122828,27.812114439152,1024
"1705",100293,-22.8837203979492,-45.9514617919922,0.0013838440936524,3.0083567253314e-05,4.6944656787673e-05,20300.0080438243,36.5789314955724,768
"1706",100297,-22.8509292602539,-45.8103179931641,0.002984020698932,6.48700151941739e-05,4.68512916995678e-05,27162.4613004162,10.1511767616507,1148
"1707",100298,-22.8428039550781,-45.7751655578613,0.0005736898256145,1.24715179481427e-05,2.27329783228924e-05,28456.2396800995,18.7139694218882,1146
"1708",100301,-22.8185939788818,-45.6699905395508,0.0020965894655091,4.5578031858895e-05,2.91194173769327e-05,26057.33393345,94.9920246563618,789
"1709",100302,-22.8105792999268,-45.6350250244141,0.0006974050465942,1.51609792737872e-05,3.51625894836616e-05,25294.6506362553,104.18982102105,728
"1710",100303,-22.8025894165039,-45.60009765625,0.0004792752279172,1.04190266938531e-05,2.19291123357834e-05,25069.2055228993,168.43458216322,544
"1711",100305,-22.7866878509521,-45.5303649902344,2.04661973270959e-05,4.44917333197736e-07,2.96149682981195e-05,26244.2771571158,10.5194071191331,1081
"1712",100306,-22.7787742614746,-45.4955558776855,0.0003625247809395,7.88097349868622e-06,1.8655598978512e-05,27571.9977323909,8.06896469776201,846
"1713",100307,-22.7708854675293,-45.4607810974121,0.0009310985151387,2.02412720682332e-05,2.57905321632279e-05,26183.2007263766,4.76943780717981,1073
"1714",100308,-22.7630214691162,-45.4260368347168,0.0007575681847811,1.64688735821983e-05,3.05951980408281e-05,23100.5683335605,5.08509590975153,782
"1715",100309,-22.7551803588867,-45.3913269042969,0.0008250384889834,1.79356193257263e-05,2.19291287066881e-05,20231.1417586711,6.36093329615761,780
"1716",100310,-22.7473621368408,-45.3566474914551,0.0003926833087462,8.53659366839565e-06,1.84337004611734e-05,17676.1730599638,12.0208681246638,1297
"1717",100313,-22.7240447998047,-45.2527732849121,0.0012933704347233,2.81167485809419e-05,2.32959519053111e-05,11302.1758175332,19.7756952994974,753
"1718",100314,-22.7163143157959,-45.2181968688965,0.0010508905361348,2.28454464377137e-05,1.61891421157634e-05,9053.40260168004,25.7767565052935,826
"1719",100315,-22.7086067199707,-45.1836433410645,0.0008382028427149,1.82218009285862e-05,1.73412936419481e-05,7960.56638227145,12.2598580340529,865
"1720",100316,-22.7009201049805,-45.1491088867188,0.0007807652436895,1.69731574715115e-05,1.55863453983329e-05,7656.55299917773,228.642427597846,747
"1721",100317,-22.6932544708252,-45.1145935058594,0.0011547836693353,2.5103992811637e-05,1.52619322761893e-05,6719.71079301089,409.126418994513,1006
"1722",100318,-22.6856079101562,-45.0800933837891,0.0006179075535328,1.34327729028882e-05,1.5733534382889e-05,7664.2793974402,100.838849274586,1049
"1723",100319,-22.6779804229736,-45.0456085205078,0.001140662257967,2.47970056079794e-05,1.66521458595525e-05,9966.8450790462,346.864972111582,939
"1724",100320,-22.670373916626,-45.0111389160156,7.84819842465367e-05,1.70613009231602e-06,1.54244844452478e-05,12918.8378543549,527.969044651871,927
"1725",100322,-22.6552143096924,-44.9422302246094,0.0004416095544002,9.60020770435221e-06,1.49533525473089e-05,19564.9991095467,8.8416073627384,841
"1726",100323,-22.6476631164551,-44.9077911376953,0.0005470940741361,1.18933494377416e-05,1.54602421389427e-05,23044.5971330966,4.46087885201636,958
"1727",100326,-22.6251125335693,-44.8045082092285,0.0003285613674961,7.14263842382934e-06,1.64707471412839e-05,33718.3007579068,5.70944229047924,694
"1728",100327,-22.6176300048828,-44.7700843811035,8.74551369633991e-05,1.90119862963911e-06,1.53302626131335e-05,37316.925883922,5.51522674757965,1173
"1729",100328,-22.610164642334,-44.7356643676758,0.0009375543450005,2.03816161956638e-05,1.61014686455019e-05,40926.5244083614,5.95725955563872,1042
"1730",100329,-22.6027126312256,-44.7012405395508,0.0005530039761652,1.20218255688087e-05,1.41887885547476e-05,44545.1194485819,37.8099402677673,1216
"1731",100330,-22.5952796936035,-44.6668167114258,0.0019510291822371,4.24136778747197e-05,1.8609140170156e-05,44742.4911593376,37.4992924867824,829
"1732",100331,-22.5878601074219,-44.6323852539062,0.0018258489217259,3.96923678636085e-05,1.89286402019206e-05,41186.7081205636,3.94509927660425,775
"1733",100332,-22.5804557800293,-44.5979499816895,0.0007153600854508,1.55513062054524e-05,1.53241235238966e-05,37652.5151544511,3.8479692639028,1057
"1734",100333,-22.5730648040771,-44.5635070800781,0.0011693806809489,2.54213191510644e-05,1.64420798682841e-05,34146.1698251327,3.92849902607747,845
"1735",100335,-22.55832862854,-44.4945907592773,0.0009013702365336,1.95950051420368e-05,1.56220285134623e-05,27260.3882841678,3.48072923613492,854
"1736",100338,-22.5363254547119,-44.3911209106445,0.0013419036658888,2.917181882367e-05,1.83963420568034e-05,17626.2517051795,3.50434451333422,776
"1737",100339,-22.529016494751,-44.3565979003906,9.18278728931909e-05,1.99625810637372e-06,1.55389698193176e-05,14846.4953022643,3.48360844516701,762
"1738",100341,-22.5144367218018,-44.2874908447266,0.0014270788669819,3.10234536300413e-05,1.854642687249e-05,10994.8337177352,7.52458503045536,1291
"1739",100342,-22.5071640014648,-44.2529067993164,0.001037224978063,2.25483690883266e-05,1.68546430359129e-05,10568.5088225971,28.0433534902395,762
"1740",100343,-22.4999027252197,-44.2182960510254,0.0006583793856407,1.43125953400158e-05,1.60401614266448e-05,11384.6376697788,849.196242149581,824
"1741",100345,-22.4854125976562,-44.148998260498,0.000281034519503,6.10944607615238e-06,1.76625198946567e-05,6883.62114462962,923.062059784199,1079
"1742",100346,-22.4781837463379,-44.1143074035645,0.0012887934099126,2.80172480415786e-05,1.8664943127078e-05,5232.91525390402,2450.67140451872,1020
"1743",100347,-22.4709663391113,-44.0795860290527,0.0007990407102624,1.73704502230976e-05,1.67196176334983e-05,5879.78909310537,2432.66282872395,933
"1744",100348,-22.4637565612793,-44.0448303222656,0.0003684663533931,8.0101381172426e-06,1.66171339515131e-05,8307.93025832358,791.44297291883,1168
"1745",100349,-22.4565582275391,-44.0100402832031,0.0002921986579167,6.35214473732049e-06,1.60661893460201e-05,11436.7645255925,180.974892342683,769
"1746",100350,-22.4493675231934,-43.9752159118652,0.0008584017123212,1.86609067895915e-05,1.770060043782e-05,14831.837298307,19.9858037262949,1064
"1747",100351,-22.4421863555908,-43.9403533935547,0.0002961169839181,6.43732573735178e-06,1.73646803887095e-05,18348.1676439395,22.3818176605565,986
"1748",100352,-22.4350147247314,-43.9054527282715,0.0002066270535578,4.49189246864989e-06,1.69835311680799e-05,21929.3400506516,4.7318652356374,911
"1749",100354,-22.4206943511963,-43.8355255126953,0.0001893944727271,4.11727114624227e-06,1.69677696248982e-05,29197.3602433268,47.8952216911502,921
"1750",100355,-22.4135456085205,-43.8004951477051,8.3885264075434e-05,1.82359269729204e-06,1.86368906724965e-05,32863.9713390112,95.2036418991426,917
"1751",100356,-22.4064044952393,-43.7654228210449,0.0011513081226439,2.50284374487819e-05,1.84227264981018e-05,36545.1227035409,42.9679870321035,958
"1752",100357,-22.3992710113525,-43.730297088623,0.0007684043230256,1.67044418049045e-05,1.86048655450577e-05,36429.8957306864,82.6244607943734,812
"1753",100358,-22.3921432495117,-43.695125579834,0.0022544387102243,4.90095371787902e-05,2.27456184802577e-05,36424.3331293351,330.363839138744,1033
"1754",100359,-22.3850231170654,-43.6599006652832,0.0009665913130447,2.10128546314081e-05,1.71127448993502e-05,36798.3611794322,366.452440176459,1154
"1755",100360,-22.377908706665,-43.6246223449707,0.0014975873564253,3.25562468788121e-05,2.13393723242916e-05,37542.4117290812,47.0636335211493,1317
"1756",100361,-22.3708000183105,-43.5892906188965,0.0018384113282081,3.99654636566993e-05,2.48281485255575e-05,38619.7424677195,11.8041842470566,1001
"1757",100362,-22.363697052002,-43.5539016723633,0.0016229747925535,3.52820607076865e-05,2.42754704231629e-05,38220.7070669523,9.73036431830116,910
"1758",100363,-22.3565998077393,-43.5184516906738,0.0009599653749319,2.08688124985201e-05,1.75913246494019e-05,38186.8041447509,14.5050899947355,856
"1759",100364,-22.3495082855225,-43.4829444885254,0.0004267672120477,9.27754808799364e-06,1.54909157572547e-05,36616.3644198533,20.7916678980239,768
"1760",100365,-22.3424205780029,-43.4473724365234,0.0001425980944986,3.09995857605827e-06,1.45160156534985e-05,33786.5930552054,69.8657914285515,811
"1761",100367,-22.3282585144043,-43.376033782959,9.66566190072626e-05,2.10123084798397e-06,1.31479682750069e-05,28767.8905231178,47.6285541018871,775
"1762",100368,-22.3211822509766,-43.3402671813965,0.0014725642904522,3.20122671837453e-05,1.98104971786961e-05,26705.3548470575,15.7905519476493,814
"1763",100370,-22.3070430755615,-43.2685165405273,2.48380167704454e-05,5.3995688631403e-07,1.33151952468324e-05,23877.3863982863,21.6422056077321,1196
"1764",100372,-22.2929153442383,-43.1964683532715,0.0007816616380296,1.69926443049917e-05,1.49046454680501e-05,23293.6767041213,39.7359383895181,896
"1765",100376,-22.2646865844727,-43.0514297485352,0.0009950699277396,2.16319549508626e-05,1.76521007233532e-05,20045.138521266,166.161553808011,978
"1766",100377,-22.2576332092285,-43.0149612426758,0.0003404120889172,7.40026280254824e-06,1.1563419320737e-05,16668.0497622909,33.3971139703891,865
"1767",100379,-22.2435302734375,-42.9417572021484,7.84580797699164e-05,1.70561042978079e-06,9.55834912019782e-06,10907.2149554073,24.6705797363746,1110
"1768",100381,-22.2294273376465,-42.8681831359863,0.000452352940556,9.83375957730459e-06,1.25245514936978e-05,8962.87365145412,24.1558067372814,771
"1769",100384,-22.2082691192627,-42.7570991516113,8.17659970380191e-05,1.77752167473955e-06,1.0552825187915e-05,15865.7851990989,77.5928645584321,1121
"1770",100386,-22.1941604614258,-42.6825294494629,0.0003243477995056,7.05103911968763e-06,9.42714723350946e-06,22840.6508676018,47.621102333528,890
"1771",100387,-22.1871032714844,-42.6450843811035,0.000102221367797,2.22220364776149e-06,1.0619603926898e-05,24771.56705382,41.000475322587,986
"1772",100388,-22.1800422668457,-42.6075325012207,0.0005275442599668,1.14683534775395e-05,1.09706870716764e-05,20798.9165586232,26.1263073143529,1018
"1773",100668,-23.2052307128906,-47.4859809875488,0.0035034889588132,7.6162803452462e-05,2.68359071924351e-05,8317.57782085089,201.458455077964,794
"1774",100669,-23.1952514648438,-47.446533203125,0.0050178546953247,0.0001090837977244,3.60154081135988e-05,12485.6533485256,10.6566785983872,1102
"1775",100670,-23.1853275299072,-47.4072341918945,0.0030352667090483,6.59840588923544e-05,2.71619373961585e-05,15609.5171689027,13.196330297114,695
"1776",100671,-23.1754608154297,-47.3680801391602,0.004672415627283,0.000101574252767,3.64682273357175e-05,11495.3272596346,28.6626379209774,1239
"1777",100672,-23.1656475067139,-47.3290672302246,0.0058680073707364,0.0001275653776247,4.35085785284173e-05,7432.57186680879,1073.34718617123,1069
"1778",100673,-23.1558895111084,-47.2901954650879,0.0030190236720955,6.56309493933804e-05,2.66742827079725e-05,3682.77878055384,634.844594679856,1140
"1779",100674,-23.146183013916,-47.2514572143555,0.0041559321689419,9.03463514987379e-05,3.02458720398135e-05,1691.37207389854,504.005305146693,1032
"1780",100675,-23.1365299224854,-47.2128562927246,0.0039013270579744,8.48114577820525e-05,2.90936841338407e-05,2537.96075680483,1011.47593950692,763
"1781",100676,-23.1269283294678,-47.174388885498,0.0036726071848534,7.98392866272479e-05,2.97199530905345e-05,5743.00657767099,915.785358902984,771
"1782",100677,-23.1173782348633,-47.1360473632812,0.0053230210323818,0.00011571784853,4.41215852333698e-05,8281.15791717809,107.596458106683,865
"1783",100678,-23.1078777313232,-47.0978355407715,0.0048368089774157,0.0001051480212481,3.91819630749524e-05,11738.1450686118,52.3619610068283,884
"1784",100679,-23.0984268188477,-47.0597457885742,0.0044681946892524,9.71346671576612e-05,3.60472840839066e-05,12388.591789387,122.765351959935,403
"1785",100680,-23.0890235900879,-47.0217742919922,0.0065321668807882,0.0001420036278432,4.81136776215862e-05,8364.0727874136,366.533387741913,838
"1786",100681,-23.0796699523926,-46.9839248657227,0.0065477314929012,0.0001423419889761,5.10665886395145e-05,4408.72266348607,1168.79326481953,766
"1787",100682,-23.0703620910645,-46.9461936950684,0.0032231033692369,7.00674645486288e-05,3.12025877065025e-05,1381.97595860511,626.335124519917,1277
"1788",100683,-23.0611019134521,-46.9085731506348,0.0030471587233478,6.62425809423439e-05,3.23285894410219e-05,4130.55907992073,174.125251528772,819
"1789",100684,-23.051887512207,-46.8710670471191,0.0009684502037998,2.10532652999973e-05,1.97589943127241e-05,8036.54161385055,105.886258409627,1044
"1790",100685,-23.0427169799805,-46.8336715698242,0.0011731637277989,2.55035592999775e-05,1.89195925486274e-05,12007.7308757745,1158.52484019129,800
"1791",100686,-23.0335903167725,-46.7963790893555,0.002551097793912,5.54586476937402e-05,2.69430674961768e-05,15987.0951644938,582.229596516138,1030
"1792",100687,-23.0245094299316,-46.7591934204102,0.0018380416586296,3.99574273615144e-05,2.41367015405558e-05,19962.3513495444,43.4578281154338,980
"1793",100688,-23.0154705047607,-46.722110748291,0.0029648651543539,6.44535903120413e-05,2.76265291176969e-05,21503.6042177984,71.7477720939599,932
"1794",100689,-23.0064735412598,-46.685131072998,0.0016819539087009,3.65642154065426e-05,2.17730848817155e-05,23596.7152776594,57.8297486186409,948
"1795",100692,-22.9797325134277,-46.574764251709,0.0023710382520221,5.15443098265678e-05,2.42028581851628e-05,32012.9523158497,419.752846953894,810
"1796",100693,-22.9708995819092,-46.538158416748,0.0004441780802153,9.65604522207286e-06,1.54726330947597e-05,35237.0662563527,1128.40402310943,1101
"1797",100694,-22.9621067047119,-46.5016441345215,0.0009048915526364,1.96715554920956e-05,1.93780069821514e-05,38580.7729007633,1130.10092379847,761
"1798",100695,-22.9533519744873,-46.4652214050293,0.0005975258991384,1.29896934595308e-05,1.91401049960405e-05,41762.280945275,64.974044283306,1181
"1799",100696,-22.9446353912354,-46.4288787841797,0.0013430784420052,2.91973574348958e-05,2.10335238080006e-05,41707.5664209012,38.6360310484428,857
"1800",100697,-22.9359550476074,-46.3926200866699,0.0006812312076363,1.480937407905e-05,2.0418632630026e-05,38007.1322495974,48.2559903407906,1120
"1801",100698,-22.9273128509521,-46.3564453125,0.0001161774089268,2.52559584623668e-06,2.11572350963252e-05,34356.6334508002,52.9989215081686,1148
"1802",100700,-22.9101371765137,-46.2843284606934,0.0005544625728362,1.20535341920913e-05,1.96779838006478e-05,27267.3858132078,30.1761054997877,740
"1803",100701,-22.9016017913818,-46.2483825683594,0.0004346336099843,9.44855673878919e-06,2.12345530599123e-05,23882.5955287881,82.3479885172772,753
"1804",100702,-22.8931007385254,-46.2125129699707,0.0029148129979148,6.33654999546707e-05,2.91913584078429e-05,20668.506899814,13.5453842345308,775
"1805",100703,-22.8846340179443,-46.1767120361328,0.001393345388351,3.02901171380654e-05,2.3805927412468e-05,17712.2375541018,7.79236693541008,817
"1806",100704,-22.8762016296387,-46.1409797668457,0.0029003458475926,6.30509966867976e-05,3.13146701955702e-05,15159.3747487903,8.3438803142428,1160
"1807",100705,-22.8678016662598,-46.1053161621094,0.0032317434961441,7.02552933944389e-05,3.28842361341231e-05,13238.2630222523,7.84606401834994,859
"1808",100706,-22.8594360351562,-46.0697212219238,0.0002635506043588,5.72936096432386e-06,2.21758309635334e-05,12242.7568496358,11.7273681543166,1370
"1809",100710,-22.8262825012207,-45.9279479980469,0.0004739643864013,1.03035736174206e-05,2.61628556472715e-05,18355.7705465138,10.0182098733932,776
"1810",100711,-22.8180713653564,-45.8926467895508,0.0036860474938293,8.01314672571607e-05,6.49041830911301e-05,21332.5096114115,9.68357532021002,792
"1811",100712,-22.8098888397217,-45.8574028015137,0.0025790725267143,5.60667940590065e-05,2.98969644063618e-05,24524.8236565483,7.26848204168271,1327
"1812",100713,-22.8017349243164,-45.8222122192383,0.0005633000855596,1.22456540339044e-05,4.29336178058293e-05,27856.4418011652,8.98652266594407,1120
"1813",100714,-22.7936115264893,-45.7870712280273,0.0001353134784949,2.94159735858557e-06,3.52304668922443e-05,31281.0958318823,39.2581264118043,1098
"1814",100715,-22.785514831543,-45.7519798278809,0.0003971641926909,8.63400418893434e-06,3.4053697163472e-05,33919.4511611135,60.9345486563315,820
"1815",100717,-22.7694034576416,-45.6819381713867,0.0015513121106778,3.37241763190832e-05,2.40880508499686e-05,31463.9151352105,54.808584033485,776
"1816",100720,-22.7454376220703,-45.5771980285645,0.00081505565322,1.77186011569574e-05,2.01702277990989e-05,30951.5082666919,598.808797417745,899
"1817",100721,-22.7374992370605,-45.542366027832,6.9874160544714e-05,1.51900349010248e-06,1.83216143341269e-05,31663.8646574159,221.184258359023,941
"1818",100722,-22.7295875549316,-45.507568359375,1.11245896050605e-05,2.41838904457836e-07,2.30522909987485e-05,32337.5325822967,19.9007235083326,965
"1819",100723,-22.7216987609863,-45.4728050231934,0.0002675610548976,5.81654467168846e-06,2.24742143473122e-05,29441.4099834547,3.41434410605183,889
"1820",100724,-22.7138347625732,-45.4380760192871,0.000575198291699,1.25043106891098e-05,1.44497525980114e-05,26748.9640779419,3.58573571795913,1014
"1821",100725,-22.7059955596924,-45.4033813476562,0.0014590459977625,3.17183912557084e-05,3.2975927751977e-05,24326.0343467587,4.11193388795896,892
"1822",100726,-22.6981773376465,-45.3687133789062,0.0009251144365407,2.01111834030598e-05,2.62880803347798e-05,22258.5088262126,3.80755615695622,763
"1823",100727,-22.6903839111328,-45.3340759277344,0.001567424951645,3.40744554705452e-05,2.19762514461763e-05,20488.7295238639,3.17462583575879,1171
"1824",100729,-22.674861907959,-45.2648773193359,0.0014465906933764,3.14476237690542e-05,1.95815810002387e-05,15727.0054305991,7.00552226269662,1270
"1825",100730,-22.6671352386475,-45.2303123474121,0.0012566789300763,2.73191071755718e-05,1.71328883880051e-05,14211.0650408274,5.70530383014753,1017
"1826",100733,-22.6440753936768,-45.1267471313477,0.0011428939978941,2.48455216933507e-05,1.64513621712103e-05,12328.6249585983,10.8988434204098,756
"1827",100735,-22.6288051605225,-45.057788848877,0.0012642783258343,2.74843114311807e-05,1.67119869729504e-05,14375.3812360948,90.1158487427886,787
"1828",100736,-22.6211986541748,-45.0233306884766,0.0014665066628367,3.18805796268862e-05,1.67633479577489e-05,16564.8404896733,293.939012929949,1036
"1829",100737,-22.6136112213135,-44.988883972168,0.0013632937952934,2.96368216368137e-05,1.63758359121857e-05,19210.1333549159,667.347746313583,906
"1830",100739,-22.5984916687012,-44.9200210571289,0.0011456181564426,2.4904742531362e-05,1.68350688909413e-05,25275.5986093832,49.2481409503495,919
"1831",100740,-22.5909576416016,-44.8856010437012,0.0009896880474116,2.15149575524265e-05,1.54328536154935e-05,28530.7999187524,12.6677459980099,1321
"1832",100743,-22.5684623718262,-44.7823677062988,0.0008876369029167,1.92964544112328e-05,1.59474839165341e-05,38732.4462612559,142.551919561193,778
"1833",100744,-22.5609970092773,-44.7479591369629,0.001232840346347,2.68008770945016e-05,1.66208938026102e-05,42219.7801571807,92.0865845551803,811
"1834",100745,-22.5535488128662,-44.713550567627,0.000229545458751,4.99011866850196e-06,1.45043077282025e-05,45733.9317117353,37.1843292663947,1292
"1835",100746,-22.5461158752441,-44.6791381835938,0.0005326797218003,1.15799939521821e-05,1.58835864567664e-05,43791.1815039389,69.7009359131297,861
"1836",100747,-22.5386962890625,-44.644718170166,0.0004966330889146,1.07963714981452e-05,1.55602301674662e-05,40150.8490304299,8.93924168019227,851
"1837",100748,-22.5312938690186,-44.6102981567383,0.0006897765742905,1.49951429193607e-05,1.63272052304819e-05,36516.0558608819,97.8428977519219,917
"1838",100749,-22.523904800415,-44.5758666992188,0.0015513584658037,3.37251840392128e-05,1.76214471139247e-05,32887.235471813,166.995557253259,758
"1839",100750,-22.5165309906006,-44.5414276123047,0.0009707969948067,2.11042824957985e-05,1.67662237799959e-05,29267.3661919533,169.195924948637,1030
"1840",100751,-22.5091705322266,-44.5069770812988,0.0007146645075408,1.55361849465407e-05,1.54012122948188e-05,25659.956934962,791.35436229241,1089
"1841",100752,-22.5018253326416,-44.4725112915039,0.00173391080898,3.76937132386956e-05,1.83761349035194e-05,22071.2651898934,1286.78270491506,931
"1842",100753,-22.4944915771484,-44.4380340576172,0.0008603349888289,1.87029345397605e-05,1.64547691383632e-05,18513.0206406173,1091.31664039315,932
"1843",100754,-22.4871711730957,-44.4035415649414,0.000514851657499,1.11924273369368e-05,1.58609418576816e-05,15007.3147272981,135.178852066144,1068
"1844",100755,-22.4798641204834,-44.3690299987793,0.0016788036009529,3.64957304554991e-05,1.86394190677674e-05,11602.7122130198,110.305347853568,1215
"1845",100756,-22.4725704193115,-44.3344993591309,0.0005161409826541,1.12204561446561e-05,1.67597845575074e-05,8424.81536169928,36.5533798412157,754
"1846",100757,-22.4652862548828,-44.2999496459961,0.0004872518657066,1.05924318631878e-05,1.53341661643935e-05,5857.80535145711,256.14080597812,1162
"1847",100758,-22.4580154418945,-44.2653770446777,0.0001895491850518,4.12063445764943e-06,1.60739291459322e-05,4967.36309795715,61.2209793369316,1190
"1848",100759,-22.450756072998,-44.2307815551758,0.0005051057851233,1.09805605461588e-05,1.66732061188668e-05,6488.62091882534,7.52566217323118,781
"1849",100760,-22.4435081481934,-44.196159362793,0.0009140929614659,1.98715861188248e-05,1.69875729625346e-05,9308.50800501892,2.42203049811075,826
"1850",100761,-22.4362697601318,-44.161506652832,0.0008586526491853,1.86663619388128e-05,1.70158036780776e-05,11726.9624972581,1.9691155980365,910
"1851",100763,-22.4218254089355,-44.0921211242676,0.0003977548858529,8.64684534462867e-06,1.65837009262759e-05,11115.3636477629,9.81217970148162,927
"1852",100764,-22.4146175384521,-44.0573768615723,0.0001039971498357,2.26080760512559e-06,1.60806775966194e-05,12544.3649138467,10.0516834642527,977
"1853",100767,-22.3930511474609,-43.952938079834,0.0018329795784666,3.98473821405787e-05,2.16633961827029e-05,20562.9191915289,7.05467348317323,1365
"1854",100768,-22.3858814239502,-43.9180526733398,0.000183700866728,3.99349710278329e-06,1.90043701877585e-05,23796.2273475166,25.8558550370764,634
"1855",100770,-22.3715629577637,-43.8481483459473,9.5866312221915e-05,2.0840502656938e-06,1.65923484019004e-05,30596.3623301668,61.3347705911869,809
"1856",100771,-22.3644161224365,-43.8131332397461,0.0007035686467133,1.52949705807259e-05,1.84345972229494e-05,34099.1265361399,13.8310505939394,1282
"1857",100773,-22.3501453399658,-43.7429580688477,0.0005052512096881,1.09837219497422e-05,1.69424929481465e-05,41230.2177858818,16.1507154178095,1228
"1858",100774,-22.3430194854736,-43.7077980041504,0.0009942647375282,2.16144508158322e-05,1.76396970346104e-05,42026.9414546867,71.0858335500723,957
"1859",100776,-22.3287887573242,-43.637321472168,0.0002958999975817,6.43260864308104e-06,1.74489741766592e-05,42976.3877190414,5.87992593243666,764
"1860",100777,-22.3216819763184,-43.6020011901855,0.0004154863072471,9.03231102711288e-06,1.76253506651847e-05,43923.4363384538,8.46604557501613,915
"1861",100780,-22.3003940582275,-43.4956932067871,0.0011009096415364,2.393281829427e-05,2.08266192203155e-05,40522.7523988971,18.9257847451551,939
"1862",100781,-22.2933101654053,-43.4601364135742,0.0007452912723238,1.62019841809524e-05,1.81955856533023e-05,37970.8151308551,23.1238625834616,1034
"1863",100782,-22.2862281799316,-43.4245147705078,0.0005670839273079,1.23279114632169e-05,1.51000849655247e-05,35630.8500032819,23.685681860709,935
"1864",100783,-22.2791519165039,-43.3888244628906,0.0012774164060829,2.77699218713678e-05,1.97817898879293e-05,33548.87064359,14.6064944654676,1062
"1865",100784,-22.2720775604248,-43.3530693054199,0.0013223846435721,2.87474922515685e-05,1.97179379028967e-05,31778.6474348433,33.5573210332849,1026
"1866",100785,-22.2650089263916,-43.3172416687012,0.0017429349973099,3.78898912458681e-05,2.32052389037563e-05,30376.4189561941,27.8763541564854,1144
"1867",100786,-22.257942199707,-43.2813415527344,0.000889620885573,1.93395844689803e-05,1.96722994587617e-05,29398.0864776058,40.415560241364,1079
"1868",100789,-22.2367610931396,-43.1731986999512,0.0011679117087624,2.53893849730957e-05,1.9900444385712e-05,29368.1544072801,22.0188434897807,685
"1869",100790,-22.2297058105469,-43.1369934082031,0.0003923413769371,8.52916036819806e-06,1.39844951263512e-05,29653.037309055,124.694900088588,1108
"1870",100793,-22.2085475921631,-43.0278778076172,0.0003856915081996,8.38459800434066e-06,1.44541945701349e-05,20364.8536997651,93.4000382115677,782
"1871",100794,-22.2014980316162,-42.9913330078125,0.0004018423787783,8.73570388648659e-06,1.31409342429833e-05,17854.7576446577,130.287747131909,957
"1872",100795,-22.1944484710693,-42.9547004699707,0.0012214818343636,2.65539529209491e-05,1.72059480973985e-05,15895.2695202002,136.414278001578,778
"1873",100796,-22.1873989105225,-42.9179725646973,9.68946701505047e-05,2.10640587283706e-06,1.15069869934814e-05,14714.879218067,60.126319408739,758
"1874",100797,-22.1803493499756,-42.8811531066895,2.47855534780683e-05,5.38816379958007e-07,1.42036260513123e-05,14512.8958461694,32.8450741318177,918
"1875",100799,-22.1662502288818,-42.8072242736816,0.0003954627754865,8.59701685840264e-06,1.19454061859869e-05,17040.8995668826,42.3493457894154,839
"1876",100800,-22.1591987609863,-42.7701072692871,0.0003500610255287,7.61002229410224e-06,1.10818245957489e-05,19404.8396504939,118.32567548163,834
"1877",100802,-22.1450939178467,-42.6955642700195,0.0003184738980053,6.92334560881136e-06,9.3039498096914e-06,25350.1536214334,39.5174588243384,1053
"1878",100805,-22.1239223480225,-42.5829391479492,0.0001621591209186,3.52519828084041e-06,9.45781812333735e-06,18138.9788283943,23.9229873224274,1035
"1879",100806,-22.1168594360352,-42.5451736450195,0.0003072933386647,6.68028997097281e-06,9.27379369386472e-06,14443.5079474416,14.3302240180584,1002
"1880",100807,-22.1097946166992,-42.5072898864746,0.0001196341813738,2.60074307334435e-06,9.00658324098913e-06,10949.4799084979,10.6265270170454,865
"1881",101084,-23.1560153961182,-47.4972496032715,0.0040233036270365,8.74631223268807e-05,3.13909804390278e-05,9193.4462914596,282.633136774198,852
"1882",101085,-23.1460342407227,-47.4578170776367,0.0046388953487621,0.00010084555106,3.42021812684834e-05,13181.8072960246,2.87973710716355,780
"1883",101086,-23.1361122131348,-47.4185333251953,0.0045775442558806,9.95118316495791e-05,3.34317883243784e-05,17095.842534048,9.43235815649358,937
"1884",101087,-23.1262435913086,-47.37939453125,0.0043224314140388,9.39659003051929e-05,3.13058917527087e-05,13500.6961461665,23.0717846362353,972
"1885",101088,-23.1164321899414,-47.3403968811035,0.003754652745556,8.16228857729584e-05,2.78135703410953e-05,10383.8186769335,29.4508788437684,1036
"1886",101089,-23.1066722869873,-47.3015403747559,0.002614922777866,5.68461473449133e-05,2.29773340834072e-05,7569.57259571193,44.7269494089825,827
"1887",101090,-23.0969676971436,-47.2628211975098,0.0012416340141499,2.69920437858673e-05,1.73250355146592e-05,5355.11232171337,447.462647549386,1122
"1888",101091,-23.0873146057129,-47.2242317199707,0.0036499895650195,7.93475992395543e-05,2.65319122263463e-05,1625.53382798829,4194.48220743835,976
"1889",101092,-23.0777130126953,-47.1857795715332,0.0030459799309028,6.62169550196268e-05,2.51508481596829e-05,2552.47181366735,1703.64984460724,1155
"1890",101093,-23.0681629180908,-47.1474533081055,0.002145115584426,4.66329474875238e-05,2.36176456382964e-05,6655.8348224482,468.094889664213,719
"1891",101094,-23.0586624145508,-47.1092529296875,0.0044034732272848,9.57276788540184e-05,3.2831962016644e-05,6406.10135288608,332.207836769467,1286
"1892",101095,-23.0492115020752,-47.0711784362793,0.0060427819262258,0.0001313648244831,4.22955927206203e-05,6852.35875973323,133.38469860713,800
"1893",101096,-23.0398101806641,-47.0332260131836,0.0061925909831188,0.0001346215431112,4.74645967187826e-05,8485.71047015288,602.021084832265,912
"1894",101097,-23.0304546356201,-46.9953918457031,0.0074617688951548,0.0001622123672859,5.63921857974492e-05,8004.38504218958,1789.17366252231,820
"1895",101098,-23.0211486816406,-46.9576721191406,0.0043914623965974,9.54665738390759e-05,3.93267146137077e-05,6967.58051610108,1214.482568217,751
"1896",101099,-23.0118865966797,-46.9200668334961,0.0034541333006927,7.50898543628864e-05,3.45731241395697e-05,8102.9374251291,97.2507605751044,916
"1897",101100,-23.0026721954346,-46.8825759887695,0.0019907588721253,4.32773667853326e-05,2.53638281719759e-05,10727.8124650945,278.886328235727,955
"1898",101101,-22.9935035705566,-46.8451919555664,0.0024786835565464,5.38844251423143e-05,2.72750639851438e-05,14019.3672929081,1186.82594155462,931
"1899",101102,-22.9843769073486,-46.807918548584,0.0022097614055383,4.80382914247457e-05,2.55265731539112e-05,17599.3462226695,599.707088916426,860
"1900",101103,-22.9752960205078,-46.7707443237305,0.0023329090690822,5.0715414545266e-05,2.63303263636772e-05,21316.8083448453,92.6125417007582,902
"1901",101104,-22.9662570953369,-46.7336769104004,0.001350133708911,2.93507328024134e-05,2.12542690860573e-05,25104.9507503864,60.3859053513582,900
"1902",101105,-22.9572620391846,-46.6967086791992,0.0004780932977155,1.03933325590333e-05,1.88613375939894e-05,28197.3514635375,41.3001290098371,845
"1903",101106,-22.9483070373535,-46.659839630127,0.0017004713590722,3.69667686754838e-05,2.05228370759869e-05,28636.2467521879,54.146899379202,742
"1904",101107,-22.9393939971924,-46.6230659484863,0.0010244925470033,2.22715771087678e-05,1.84825876203831e-05,29599.5902105739,65.9634972856347,953
"1905",101109,-22.9216899871826,-46.5497970581055,0.0008462765836156,1.83973170351237e-05,1.75005716300802e-05,32875.6903056951,1915.32866086079,925
"1906",101110,-22.9128952026367,-46.5132942199707,2.86512043885523e-05,6.22852269316354e-07,1.74088145286078e-05,35055.9140132757,1159.98982596471,1006
"1907",101111,-22.9041423797607,-46.4768829345703,0.0002814916279021,6.11938321526395e-06,1.83851079782471e-05,37512.9273245834,65.7486528818627,1079
"1908",101113,-22.8867454528809,-46.4043121337891,0.0024569647575845,5.34122773387935e-05,2.37703261518618e-05,36435.4819914494,143.196970123399,1134
"1909",101114,-22.8781051635742,-46.3681488037109,0.0010428489258629,2.26706288231071e-05,1.90344453585567e-05,32632.1556587185,136.934807320055,862
"1910",101115,-22.869499206543,-46.3320655822754,0.0002279520222145,4.95547874379554e-06,1.90024329640437e-05,28856.3710314738,302.620864969178,747
"1911",101116,-22.8609294891357,-46.2960624694824,0.0005364633125282,1.16622459245264e-05,2.25798285100609e-05,25116.5029839736,868.67464433595,786
"1912",101117,-22.8523941040039,-46.2601280212402,0.0006407397122529,1.39291241794126e-05,2.17726901610149e-05,21425.3612100443,47.698816525356,758
"1913",101119,-22.835428237915,-46.1884841918945,0.0006509891318273,1.41519376484212e-05,2.00985996343661e-05,14316.4248953421,16.6471094069,928
"1914",101120,-22.826997756958,-46.1527671813965,0.0007141500827856,1.55250017996877e-05,3.09283605020028e-05,11057.3237342634,15.2278792429708,764
"1915",101121,-22.8185977935791,-46.1171188354492,0.0007400755675917,1.60885992954718e-05,2.71757617156254e-05,8299.45958016693,15.1593345764578,905
"1916",101123,-22.8018970489502,-46.046012878418,0.0014530703701893,3.15884863084648e-05,3.20467806886882e-05,7026.07218833928,8.98333645290685,976
"1917",101124,-22.7935943603516,-46.010555267334,0.001288290197408,2.80063086393056e-05,2.49618096859194e-05,9104.88110752553,8.71160286577218,881
"1918",101125,-22.7853240966797,-45.975154876709,0.0010560369591985,2.29573251999682e-05,2.53318085015053e-05,12045.243737151,8.06867590451772,1352
"1919",101126,-22.7770824432373,-45.939811706543,0.0012971307223779,2.81984939647373e-05,4.51421074103564e-05,15355.1163972392,4.74246407990198,939
"1920",101127,-22.768871307373,-45.9045295715332,0.0002644474798216,5.74885825699312e-06,1.83332158485427e-05,18836.4532928642,4.65345801813421,1289
"1921",101128,-22.7606887817383,-45.8692970275879,0.0005459071653604,1.18675470730523e-05,1.92603474715725e-05,22407.1424543446,8.10531098696447,1114
"1922",101129,-22.7525367736816,-45.8341217041016,0.001571340872033,3.41595841746312e-05,3.80170240532607e-05,26027.1497844061,15.1085458145884,768
"1923",101131,-22.7363166809082,-45.763916015625,0.0003313535526103,7.20333810022566e-06,2.34461549553089e-05,33344.6343345491,50.8699719608219,639
"1924",101132,-22.7282485961914,-45.7288818359375,0.0001900578363347,4.13169209423359e-06,2.23576826101635e-05,37023.7873644691,123.117417861663,844
"1925",101133,-22.7202091217041,-45.6938972473145,0.0011518978535605,2.50412576860981e-05,2.14654792216606e-05,36930.7182847596,37.8527297459832,949
"1926",101134,-22.712194442749,-45.6589584350586,0.00028676529746,6.23402820565389e-06,1.9509308913257e-05,36417.897858912,39.010777454061,1025
"1927",101135,-22.7042064666748,-45.6240577697754,0.0006734307862643,1.46397997013992e-05,1.67353991855634e-05,36281.7292545161,39.066725683411,1082
"1928",101136,-22.6962451934814,-45.5891990661621,4.99807201777003e-05,1.0865373951674e-06,1.87918922165409e-05,36525.0807407744,220.48169589716,928
"1929",101137,-22.6883087158203,-45.5543746948242,0.0008382609958061,1.82230651262216e-05,2.71677999990061e-05,37139.2023249075,50.2442947714965,912
"1930",101140,-22.6646461486816,-45.4501266479492,0.0006221710955287,1.35254585984512e-05,2.10690814128611e-05,30989.0723055786,2.17504383939217,1106
"1931",101142,-22.6489906311035,-45.3807907104492,0.0007415270520141,1.61201533046551e-05,1.81936120497994e-05,26983.6501487296,2.68683974421607,1053
"1932",101143,-22.6411972045898,-45.3461647033691,0.0005307903738867,1.15389211714501e-05,2.31986778089777e-05,24523.737652129,2.87679868584766,1072
"1933",101144,-22.6334266662598,-45.3115653991699,0.0001745653612488,3.79489915758313e-06,1.68306960404152e-05,22405.8617002873,4.63396773395488,1220
"1934",101146,-22.6179523468018,-45.2424392700195,0.0003305750960862,7.18641513230978e-06,1.74725937540643e-05,19618.3812605159,7.02265203309025,758
"1935",101147,-22.6102466583252,-45.2079124450684,0.0003132025294689,6.80875064063002e-06,1.50852647493593e-05,19157.3662374854,295.04075534668,1214
"1936",101148,-22.6025619506836,-45.1734046936035,0.0007241559287649,1.57425201905426e-05,1.55550151248462e-05,18293.1694051255,371.868718501076,683
"1937",101149,-22.5948963165283,-45.1389122009277,6.06350463385752e-05,1.31815318127337e-06,1.49780435094726e-05,17937.8349652322,39.3086063961565,777
"1938",101150,-22.5872535705566,-45.1044387817383,0.0019274879741715,4.19019124819897e-05,1.84176096809097e-05,18326.4636584061,31.3486746410433,929
"1939",101151,-22.5796279907227,-45.0699806213379,0.0014569116538041,3.16719924740028e-05,1.69500817719381e-05,19413.6932324012,34.0815197610638,952
"1940",101152,-22.5720233917236,-45.0355339050293,0.0010192985973844,2.21586651605321e-05,1.74405067809857e-05,21090.453207552,27.0802001852032,766
"1941",101153,-22.5644359588623,-45.0011024475098,0.0011269584611,2.44990969804348e-05,1.65905130415922e-05,23228.8349797696,803.199976490093,861
"1942",101154,-22.5568695068359,-44.9666786193848,0.0012432641415216,2.70274813374272e-05,1.75903896888485e-05,25713.1489678477,1509.93201422078,751
"1943",101155,-22.5493183135986,-44.9322662353516,0.0005500758634298,1.19581709441263e-05,1.5654017261113e-05,28452.6830654727,1097.47994085999,1065
"1944",101156,-22.5417881011963,-44.8978576660156,0.0006767712420696,1.47124183058622e-05,1.48034414451104e-05,31380.179359629,162.995287065203,934
"1945",101157,-22.534273147583,-44.863452911377,4.58246829566633e-05,9.96188759927463e-07,1.53812197822845e-05,34447.9039024209,23.8954618045824,1050
"1946",101158,-22.5267753601074,-44.8290557861328,0.0015036217228043,3.2687428756617e-05,1.80766564881196e-05,37620.9070088572,12.9323672766682,1085
"1947",101159,-22.5192966461182,-44.7946586608887,0.0010216919108643,2.22106937144417e-05,1.55371653818293e-05,40874.8330749755,149.760362569222,1356
"1948",101160,-22.5118312835693,-44.7602653503418,0.0010214477515546,2.22053859033622e-05,1.57319955178536e-05,44191.7594879125,204.358566354444,938
"1949",101161,-22.5043849945068,-44.7258682250977,0.0003138656211376,6.82316567690577e-06,1.59534356498625e-05,47211.129640935,31.7549919684814,959
"1950",101162,-22.4969520568848,-44.6914672851562,0.0003544432165654,7.70528731663944e-06,1.49784991663182e-05,43548.6420205597,99.0559932446308,926
"1951",101163,-22.4895362854004,-44.6570625305176,0.001003181321721,2.18082896026317e-05,1.67848320415942e-05,39886.2668693893,25.4836329662311,932
"1952",101164,-22.4821338653564,-44.6226501464844,0.0007563437065982,1.64422544912668e-05,1.64258108270587e-05,36223.5512319103,21.9457594221239,966
"1953",101165,-22.4747467041016,-44.5882339477539,0.0011809472052846,2.56727653322741e-05,1.76221019501099e-05,32560.9583976092,369.547419073839,1083
"1954",101166,-22.4673748016357,-44.5538063049316,0.0016394004051107,3.56391392415389e-05,1.88590965990443e-05,28897.7615320897,713.219502082526,1124
"1955",101167,-22.4600162506104,-44.5193672180176,0.0011523553803272,2.50512039201567e-05,1.63937056640862e-05,25233.995127337,555.214521020839,876
"1956",101168,-22.4526710510254,-44.4849166870117,0.0018612707644933,4.04624079237692e-05,1.84125237865373e-05,21569.7901180937,1082.20482533406,882
"1957",101169,-22.4453392028809,-44.4504547119141,0.0007802735781297,1.69624690897763e-05,1.54972676682519e-05,17905.3851842393,1086.7440870455,1178
"1958",101170,-22.4380207061768,-44.4159736633301,0.0017100782497436,3.71756141248625e-05,1.89488764590351e-05,14240.4860410364,519.838935712299,1016
"1959",101171,-22.4307155609131,-44.3814735412598,0.0019976212715846,4.3426549382275e-05,1.9819250155706e-05,10576.244305762,177.001225757486,1090
"1960",101172,-22.4234218597412,-44.3469581604004,0.003121868125163,6.78666983731091e-05,2.487470919732e-05,6916.62140496127,143.795918335475,999
"1961",101173,-22.4161396026611,-44.3124198913574,0.0037005374033469,8.04464652901515e-05,2.71225962933386e-05,3280.57851906701,496.152479415781,699
"1962",101174,-22.4088706970215,-44.2778587341309,0.000410956223277,8.93383094080491e-06,1.59912615345092e-05,817.998588253484,596.309371356462,771
"1963",101175,-22.401611328125,-44.2432746887207,0.0001037325009747,2.25505436901585e-06,1.54215704242233e-05,4195.90802756759,240.66176182339,965
"1964",101176,-22.3943653106689,-44.2086639404297,0.0008559740090277,1.86081306310371e-05,1.7398899217369e-05,7849.94628789676,14.1939568227782,789
"1965",101177,-22.3871288299561,-44.1740264892578,0.0009901638986775,2.15253021451645e-05,1.6797330317786e-05,11522.6888722117,2.45452925829399,828
"1966",101178,-22.379903793335,-44.1393585205078,0.0006437910342356,1.39954572659917e-05,1.59184401127277e-05,15202.7065233327,2.5852198240204,756
"1967",101179,-22.372688293457,-44.104663848877,0.000495578007758,1.07734349512612e-05,1.59708615683485e-05,16599.6699310656,29.1952533534102,864
"1968",101180,-22.3654823303223,-44.0699348449707,0.0012092091892554,2.62871562881628e-05,1.78117697942071e-05,17570.1992867698,3.18271611895773,884
"1969",101181,-22.3582859039307,-44.0351715087891,0.001645696000196,3.57760000042617e-05,1.97478075278923e-05,19212.5718225325,12.6471183164427,910
"1970",101182,-22.3510990142822,-44.0003700256348,0.0017684465492493,3.84444902010728e-05,2.48441901931074e-05,21374.3270009833,12.3931504946494,874
"1971",101183,-22.343921661377,-43.9655342102051,0.0009649634448578,2.09774661925621e-05,1.77134988916805e-05,23916.4944659664,6.05738570726531,957
"1972",101185,-22.3295917510986,-43.8957405090332,0.0021779748421977,4.73472791782115e-05,2.31656449614093e-05,29746.5104737253,24.4152924395652,1336
"1973",101186,-22.3224391937256,-43.8607788085938,0.0016945727111306,3.68385371984914e-05,1.97330809896812e-05,32905.4412527836,20.3629793947012,1038
"1974",101187,-22.3152942657471,-43.8257751464844,0.0003477030013527,7.55876089897356e-06,1.87071709660813e-05,36172.6151225994,11.7933293617554,898
"1975",101189,-22.301025390625,-43.7556266784668,0.0003411206989767,7.41566736905952e-06,1.50084524648264e-05,42937.7914752907,161.646613306983,973
"1976",101190,-22.2939014434814,-43.7204818725586,0.0004173663255642,9.07318099052645e-06,1.49166307892301e-05,46404.3691716747,208.019627458217,986
"1977",101191,-22.2867851257324,-43.6852798461914,2.98610083291351e-05,6.49152354981197e-07,1.66227255249396e-05,47898.2711949891,155.02661425574,1130
"1978",101192,-22.2796745300293,-43.6500282287598,0.0002076196306006,4.51347023044946e-06,1.43392589961877e-05,48451.1770302535,27.8406335841642,959
"1979",101193,-22.2725696563721,-43.6147232055664,5.74517659970297e-05,1.24895143471804e-06,1.80021252162987e-05,49282.3327649129,9.96284611119824,826
"1980",101195,-22.2583770751953,-43.5439338684082,0.0013718058180529,2.9821865609847e-05,2.12282193388091e-05,47284.5978775673,3.73102863335996,1123
"1981",101196,-22.2512893676758,-43.5084533691406,0.0006018287258484,1.30832331706188e-05,2.00727099581854e-05,44794.3718177407,3.62416562355234,1360
"1982",101197,-22.2442054748535,-43.4729042053223,0.0001498544602327,3.2577056572336e-06,2.23587721848162e-05,42486.4893105616,11.6174364211107,980
"1983",101198,-22.2371253967285,-43.4372978210449,2.01189182575945e-05,4.37367788208576e-07,1.71765877894359e-05,40394.9607352141,40.3640765989626,821
"1984",101199,-22.2300510406494,-43.4016189575195,0.0021585960566881,4.69260012323502e-05,3.31481569446623e-05,38555.5383524936,20.2444539326253,851
"1985",101200,-22.2229804992676,-43.3658752441406,0.001134151538281,2.46554682235001e-05,2.03154631890357e-05,37008.6632006981,9.43978903629333,753
"1986",101201,-22.2159118652344,-43.3300628662109,0.0009554669195495,2.07710199902067e-05,1.83777083293535e-05,35794.3517625466,83.5799523985864,769
"1987",101202,-22.2088489532471,-43.2941780090332,0.0003648070596682,7.93058825365733e-06,1.81238956429297e-05,34949.0050405329,194.88424727043,832
"1988",101203,-22.2017879486084,-43.2582168579102,0.0007081599796947,1.53947821672773e-05,1.47213677337277e-05,34502.449396478,75.6145758813045,1006
"1989",101205,-22.1876735687256,-43.1860694885254,0.0003476957845123,7.5586040111375e-06,1.53746204887284e-05,34863.2890720907,15.5006562932648,798
"1990",101206,-22.1806201934814,-43.1498756408691,0.0013781884335912,2.99606181215495e-05,1.84182899829466e-05,32920.848721702,46.8883896913523,779
"1991",101207,-22.1735687255859,-43.1136016845703,0.0008366761358047,1.81886116479291e-05,2.02508672373369e-05,29970.1269937796,62.8654048596887,889
"1992",101208,-22.1665191650391,-43.0772438049316,0.000923854564462,2.00837948796107e-05,2.11258065974107e-05,27235.8648864584,42.5777241760445,781
"1993",101211,-22.1453742980957,-42.9676513671875,0.0003220734279238,7.00159625921515e-06,1.28714609672897e-05,21200.212591623,93.4801797618429,1096
"1994",101212,-22.1383285522461,-42.9309349060059,0.0005367282647057,1.16680057544727e-05,1.41145828820299e-05,20288.5384763332,236.066721440014,1113
"1995",101213,-22.1312808990479,-42.8941307067871,0.0002692930756893,5.85419729759451e-06,1.2444573258108e-05,20099.6230822266,77.404918112207,1337
"1996",101215,-22.1171875,-42.8202247619629,0.0005221750980126,1.13516325654928e-05,1.29786576508195e-05,21912.3842823587,23.3268944631501,923
"1997",101216,-22.1101379394531,-42.7831230163574,0.0005182979602977,1.12673469629954e-05,1.08017793536419e-05,23757.7723682285,40.128793564309,1303
"1998",101217,-22.1030883789062,-42.7459182739258,0.0006140955138107,1.33499024741468e-05,1.14354807010386e-05,26073.530933856,31.0990306914138,859
"1999",101218,-22.0960388183594,-42.7086067199707,9.95182322185428e-05,2.16343983083789e-06,1.02747271739645e-05,28750.7323636645,65.974739029259,1029
"2000",101219,-22.0889854431152,-42.6711883544922,0.0002406709609203,5.23197741131298e-06,1.19926335173659e-05,27877.8514895259,23.5962906089845,868
"2001",101221,-22.0748748779297,-42.5960235595703,0.0006450314103858,1.40224219649099e-05,1.21341954582022e-05,20939.2070839852,16.3988204001221,1074
"2002",101222,-22.067813873291,-42.5582695007324,0.0003237028649891,7.03701880411245e-06,9.84983580565313e-06,17776.297840848,12.6988375924842,915
"2003",101223,-22.0607509613037,-42.5203971862793,0.0003122760545011,6.78860988045926e-06,9.52932987274835e-06,15005.8867700355,205.331310815923,835
"2004",101501,-23.0968685150146,-47.4691429138184,0.0035777515440713,7.77772074798122e-05,2.89213749056216e-05,15936.5676829287,9.92479845939119,937
"2005",101502,-23.0869445800781,-47.429874420166,0.0042026561277452,9.13620897335932e-05,3.27954803651664e-05,19519.2099872011,12.6725590902762,1014
"2006",101503,-23.0770778656006,-47.3907470703125,0.0020113167847739,4.37242779298685e-05,2.0819585188292e-05,17174.9038338719,66.046066247687,978
"2007",101504,-23.0672645568848,-47.3517684936523,0.0031260002579074,6.79565273458138e-05,2.65021280938527e-05,14298.9507341964,145.705831240601,798
"2008",101505,-23.0575065612793,-47.3129234313965,0.0035655435785884,7.75118169258349e-05,2.84060843114275e-05,11285.5570538691,125.634870380888,427
"2009",101506,-23.0478000640869,-47.2742195129395,0.0035394766018725,7.69451435189694e-05,2.66053266386734e-05,8040.2643121164,40.8840529062336,879
"2010",101507,-23.0381469726562,-47.2356491088867,0.0020527594388113,4.46252051915508e-05,2.03946783585707e-05,6042.45375633803,551.197991305675,976
"2011",101508,-23.0285453796387,-47.197208404541,0.0016314485765178,3.54662734025624e-05,2.05026281037135e-05,6526.32542599257,286.358924240324,763
"2012",101509,-23.0189952850342,-47.1588973999023,0.0033590805251151,7.30234896764159e-05,2.56427883869037e-05,3954.51800013361,468.851731371639,846
"2013",101510,-23.0094947814941,-47.1207122802734,0.0060658028523903,0.0001318652793997,3.88491826015525e-05,851.978807698758,1544.28249621979,772
"2014",101511,-23.0000438690186,-47.0826530456543,0.0057361037761438,0.000124697908177,3.90812019759323e-05,1752.254849153,794.900273828165,971
"2015",101512,-22.9906425476074,-47.0447120666504,0.0048714752483647,0.000105901635834,3.54896692442708e-05,5491.30177103225,646.805466203552,1002
"2016",101513,-22.9812870025635,-47.006893157959,0.007888999156421,0.0001714999816613,5.74286823393777e-05,7475.77150249702,1591.14506855172,743
"2017",101514,-22.971981048584,-46.9691886901855,0.0052458984864642,0.0001140412714448,4.20933320128825e-05,10370.5093474138,1698.28899459936,1313
"2018",101515,-22.9627208709717,-46.9315986633301,0.0021882358923903,4.75703454867471e-05,2.48838568950305e-05,13295.5767828527,94.0292775934222,953
"2019",101516,-22.9535064697266,-46.8941192626953,0.0006728520165779,1.46272177516948e-05,1.84002819878515e-05,15102.1189828927,107.7367048718,957
"2020",101517,-22.9443359375,-46.8567504882812,0.0027687495021382,6.01902065682225e-05,2.83932058664504e-05,17645.2826240704,129.693407009639,859
"2021",101518,-22.9352111816406,-46.8194885253906,0.0024006877938518,5.21888650837354e-05,2.91259784717113e-05,20647.6323708595,18.1591826225854,1011
"2022",101519,-22.9261302947998,-46.7823333740234,0.0005671535018336,1.23294239529059e-05,1.9081180653302e-05,23516.8765658344,87.360815447307,1117
"2023",101520,-22.9170913696289,-46.7452774047852,0.0012588576209964,2.73664700216614e-05,2.17551350942813e-05,22729.4927370395,66.7462349042628,893
"2024",101521,-22.9080963134766,-46.708324432373,0.000597180243858,1.29821792143048e-05,1.76925695996033e-05,22624.0703688046,26.3954577821103,1078
"2025",101522,-22.8991413116455,-46.6714668273926,0.0002137727506124,4.64723370896536e-06,1.76017001649598e-05,23203.9745717859,18.4024638945326,966
"2026",101523,-22.8902282714844,-46.634708404541,0.0016640082831145,3.61740931111854e-05,2.11524838960031e-05,24415.1712329999,20.9869898728968,1073
"2027",101524,-22.8813571929932,-46.5980415344238,0.0005497891979757,1.19519390864298e-05,1.84883065230679e-05,26165.6860150863,145.010061375366,868
"2028",101526,-22.8637313842773,-46.5249786376953,0.001635132888623,3.55463671439793e-05,2.21962782234186e-05,30876.1419701551,164.703205313429,709
"2029",101527,-22.8549766540527,-46.488582611084,0.0013272834767121,2.88539886241779e-05,2.10859197977697e-05,33660.2145961016,35.2094444900814,895
"2030",101528,-22.8462619781494,-46.4522705078125,0.0001334256367044,2.90055731966277e-06,1.90076207218226e-05,36641.9705729606,36.5128962074346,860
"2031",101531,-22.8203353881836,-46.3438186645508,0.0008451084177067,1.83719221240608e-05,2.02520550374174e-05,27958.0374997376,83.5083784265516,754
"2032",101532,-22.811767578125,-46.3078269958496,0.0003855368795484,8.38123651192291e-06,1.86137076525483e-05,24107.2112979509,130.116487892344,802
"2033",101534,-22.7947330474854,-46.2360649108887,0.0010335406659578,2.24682753469096e-05,1.92401603271719e-05,16434.2222278906,154.936256922,783
"2034",101535,-22.7862682342529,-46.2002906799316,0.0014660345768788,3.18703168886714e-05,2.09371737582842e-05,12613.9551630991,22.3601249021142,821
"2035",101536,-22.7778377532959,-46.1645889282227,0.0024804082349874,5.39219181519002e-05,3.09668903355487e-05,8809.2701544229,202.413784717155,1030
"2036",101537,-22.7694396972656,-46.1289520263672,0.0013392577420745,2.91142987407511e-05,2.30095793085638e-05,5035.9834706934,289.280741321929,772
"2037",101539,-22.7527389526367,-46.0578727722168,0.0007159401939134,1.55639172589872e-05,2.09530462598195e-05,2828.26057179108,11.2816991480932,904
"2038",101540,-22.7444362640381,-46.0224266052246,0.0009172682875941,1.99406149476999e-05,2.49118493229616e-05,6522.82578874992,15.876417359962,1074
"2039",101542,-22.7279262542725,-45.9517135620117,0.0001773177073118,3.85473276764969e-06,1.78679401869886e-05,14046.8211171187,10.3002118572015,947
"2040",101545,-22.7033824920654,-45.8460578918457,0.000654493462207,1.42281187436311e-05,1.75157529156422e-05,25327.7773216357,13.7797897634913,1015
"2041",101546,-22.6952590942383,-45.8109474182129,0.0008325396520376,1.80986880877754e-05,2.22637008846505e-05,29078.1888867524,19.2643616353166,1403
"2042",101548,-22.6790962219238,-45.7408638000488,0.0008934339712141,1.94224776350893e-05,2.17816632357426e-05,36564.3938675996,219.2693168395,868
"2043",101549,-22.6710567474365,-45.7058906555176,0.0014369627169799,3.12383199343458e-05,2.7788380975835e-05,40299.9169309054,34.3132596107617,1045
"2044",101552,-22.6470947265625,-45.6012268066406,0.0001949140169017,4.23726123699453e-06,1.75662808032939e-05,42103.2529747597,7.7138877259875,1405
"2045",101557,-22.6076622009277,-45.4275398254395,0.0007065523604978,1.5359833923867e-05,1.91890012501972e-05,33550.9642018038,9.78061263353951,1044
"2046",101558,-22.5998477935791,-45.3928985595703,0.000573556366362,1.24686166600441e-05,2.41486704908311e-05,31178.4143316888,7.09593356817025,949
"2047",101560,-22.584285736084,-45.3236999511719,0.0006147136937215,1.33633411678602e-05,1.18962670967449e-05,27330.1389775024,6.96860550141669,1073
"2048",101562,-22.568811416626,-45.2546005249023,0.0007089470964274,1.54118934005965e-05,1.72596974152839e-05,25111.3195713877,7.92609027226316,1192
"2049",101564,-22.5534229278564,-45.1855888366699,0.0013636854710057,2.96453363262117e-05,1.79875751200598e-05,23809.5728523648,5.78480261157701,1359
"2050",101572,-22.4926586151123,-44.9101409912109,0.0010180829885939,2.21322388824774e-05,1.68898095580516e-05,34900.0121197885,32.9038510836109,923
"2051",101573,-22.4851455688477,-44.8757514953613,0.0008654410812596,1.88139365491224e-05,1.63543918461073e-05,37681.4406002109,3.57197433870478,1307
"2052",101575,-22.4701709747314,-44.8069839477539,0.0007811568357283,1.69816703419201e-05,1.54836579895345e-05,43632.1774027636,9.21815792916383,770
"2053",101576,-22.4627075195312,-44.7725982666016,0.0013900807825848,3.02191474474967e-05,1.71664451045217e-05,46752.4767748663,10.3949605757323,871
"2054",101577,-22.4552612304688,-44.7382164001465,0.0010676339406927,2.32094334933208e-05,1.71099090948701e-05,47655.1444309515,8.96526999769021,745
"2055",101578,-22.4478302001953,-44.7038269042969,0.0009203137524309,2.00068207050208e-05,1.62532287504291e-05,44029.4014853044,7.90663823357119,816
"2056",101579,-22.4404144287109,-44.6694374084473,0.0010269236809108,2.23244278458878e-05,1.69280501722824e-05,40410.2890265543,13.9855578703853,841
"2057",101583,-22.4109001159668,-44.5317916870117,0.0015008375703473,3.26269037032034e-05,1.85917651833734e-05,26043.0807465857,104.309758059999,458
"2058",101585,-22.3962268829346,-44.4629020690918,0.0007741826484561,1.68300575751346e-05,1.7393949747202e-05,19014.632363302,4.43385273468371,820
"2059",101586,-22.3889102935791,-44.4284324645996,0.0009390041559527,2.0413133825059e-05,1.61006664711749e-05,15601.9348247292,7.11842284404464,801
"2060",101587,-22.3816051483154,-44.3939476013184,9.72980287770042e-05,2.11517453863053e-06,1.52162101585418e-05,12334.2320919888,7.19006040006065,875
"2061",101588,-22.3743133544922,-44.3594436645508,0.0001833279966376,3.98539123125374e-06,1.52773482113844e-05,9365.59403437502,5.53293102406272,1076
"2062",101589,-22.3670330047607,-44.3249168395996,0.0012715746561298,2.76429273071699e-05,1.72442960320041e-05,7085.02165628414,7.54912600126161,785
"2063",101590,-22.3597660064697,-44.2903709411621,0.0013390792664722,2.91104188363533e-05,1.7950560504687e-05,6294.9047439334,94.0359137913963,857
"2064",101591,-22.3525085449219,-44.2557983398438,0.0002923964621004,6.35644482827047e-06,1.59638038894627e-05,7486.29739886869,3.71737631957861,916
"2065",101592,-22.3452625274658,-44.2212028503418,0.0001352344279439,2.93987886834657e-06,1.55423367687035e-05,9974.98224726769,2.205772948466,996
"2066",101593,-22.3380279541016,-44.1865768432617,0.0001833394599088,3.98564043280203e-06,1.57235917868093e-05,13040.4427763584,7.56924194205486,772
"2067",101594,-22.3308048248291,-44.1519241333008,0.0001879520459624,4.0859140426619e-06,1.7035881683114e-05,16363.2146816411,2.97712431494162,1020
"2068",101598,-22.3020076751709,-44.0129814147949,0.0018701905282796,4.0656315832166e-05,2.07360681088176e-05,25875.9197845891,6.01589702490316,1036
"2069",101599,-22.2948303222656,-43.978157043457,0.0003638682428572,7.91017919254955e-06,1.79741145984735e-05,27998.5471521024,11.2963215630185,913
"2070",101600,-22.2876625061035,-43.9432945251465,0.0012803376157535,2.78334264294244e-05,1.91065028047888e-05,30425.6232442159,49.6251095234771,985
"2071",101601,-22.2805042266846,-43.908390045166,0.0001712162870717,3.72209319721151e-06,1.82452640729025e-05,33091.6771920837,22.2347565633349,889
"2072",101602,-22.2733535766602,-43.8734436035156,0.0006502069518319,1.41349337354768e-05,1.66687859746162e-05,35944.9789421381,13.9285985197431,853
"2073",101603,-22.2662105560303,-43.838451385498,0.0006863765429443,1.49212291944423e-05,1.58716429723427e-05,38945.8279933151,10.2302645190353,983
"2074",101604,-22.2590732574463,-43.8034133911133,0.0003424594333409,7.44477029002155e-06,1.6609055819572e-05,42063.9856652652,12.6114059304432,916
"2075",101605,-22.2519454956055,-43.7683296203613,0.0009803396242205,2.13117309613153e-05,1.73381158674601e-05,45276.0503854994,55.9233628142131,776
"2076",101607,-22.2377090454102,-43.6980056762695,0.0010038091240858,2.18219374801265e-05,1.69883933267556e-05,51917.7299225659,1011.65631559314,903
"2077",101608,-22.2306003570557,-43.662769317627,0.0008874899722286,1.92932602658402e-05,1.67316720762756e-05,53950.5439083819,629.797924253493,180
"2078",101609,-22.2234973907471,-43.6274719238281,0.000575452701014,1.25098413263913e-05,1.51943513628794e-05,54688.195050001,55.9587423304308,1025
"2079",101610,-22.2164001464844,-43.5921211242676,0.0002040468343693,4.4358007471601e-06,1.46845322888112e-05,54060.1719343738,57.7798963061032,753
"2080",101611,-22.2093086242676,-43.556713104248,0.0001413070540365,3.07189247905626e-06,1.59631326823728e-05,51617.6938185635,40.5079118459477,1069
"2081",101612,-22.2022228240967,-43.521240234375,0.0004978429660695,1.08226731754257e-05,1.53395067172823e-05,49335.2215362976,4.74430364116472,900
"2082",101613,-22.195140838623,-43.4857063293457,0.0009787486560526,2.12771446967963e-05,1.9014609279111e-05,47237.9233555644,3.19007193740613,1051
"2083",101614,-22.1880626678467,-43.4501113891602,9.6778970601008e-05,2.10389066523931e-06,1.3371548448049e-05,45353.0187733044,2.20023571303799,781
"2084",101615,-22.1809902191162,-43.4144477844238,0.0009749579112394,2.11947372008581e-05,1.67663038155297e-05,43708.9440688503,3.17716353649354,961
"2085",101616,-22.173921585083,-43.3787155151367,0.0009998188179451,2.17351916944608e-05,1.73994958458934e-05,42335.7812653284,4.52190560576106,974
"2086",101617,-22.1668567657471,-43.3429145812988,0.0012862887269875,2.79627984127728e-05,1.81334016815526e-05,41262.4828570062,223.07930343379,1033
"2087",101618,-22.1597938537598,-43.3070411682129,0.0022069514816394,4.79772061225958e-05,2.94841047434602e-05,40514.8819132611,534.773051512076,1025
"2088",101619,-22.1527347564697,-43.2710952758789,0.0018849245971068,4.09766216762364e-05,2.05617525352864e-05,40113.0695966408,474.602904968321,1303
"2089",101620,-22.145679473877,-43.2350730895996,0.0006639119619649,1.44328687383677e-05,1.6948282791418e-05,40069.4575444983,160.806032097074,744
"2090",101621,-22.1386260986328,-43.198974609375,0.0018420927954139,4.00454955524765e-05,1.92467305168975e-05,39590.3719385316,432.598431924962,1090
"2091",101622,-22.1315746307373,-43.1627960205078,0.0008400794722547,1.82625972229289e-05,1.76621124410303e-05,36761.6230991542,113.066506085917,1045
"2092",101623,-22.1245250701904,-43.1265335083008,0.0008425444102613,1.83161828317679e-05,1.9120878278045e-05,34122.6343787306,103.126826623935,948
"2093",101624,-22.1174774169922,-43.0901908874512,0.0018314147164346,3.98133634007536e-05,2.24292634811718e-05,31724.1758057773,36.0625114842011,968
"2094",101625,-22.1104297637939,-43.0537567138672,0.0003100064941463,6.73927161187748e-06,2.63788551819744e-05,29627.2534160988,12.9957514315553,883
"2095",101626,-22.1033840179443,-43.0172386169434,0.0003440060963839,7.4783933996514e-06,1.84630025614752e-05,27904.074396715,11.2160056244264,876
"2096",101627,-22.0963401794434,-42.9806327819824,0.0003082887187702,6.70192866891739e-06,1.16670053103007e-05,26630.8158152578,12.9377860462144,1120
"2097",101628,-22.0892963409424,-42.9439315795898,0.0001878575576483,4.08385994887794e-06,1.26497961900895e-05,25877.9214594484,15.9671108540947,1060
"2098",101632,-22.0611152648926,-42.7961692810059,0.0011823373570223,2.57029860222246e-05,1.93492487596814e-05,28550.6077429997,5.04203183866634,861
"2099",101633,-22.054069519043,-42.758975982666,0.0005786336332676,1.25789920275565e-05,1.44697123687365e-05,30472.5060121812,11.8175328151591,744
"2100",101634,-22.0470199584961,-42.7216796875,0.0011024448831449,2.39661931118462e-05,1.62020005518571e-05,32762.0471523324,49.5457132849322,1086
"2101",101637,-22.0258636474609,-42.6091346740723,0.0005712265610782,1.24179687190917e-05,1.09826914922451e-05,24718.2203595444,7.65042507165267,832
"2102",101638,-22.0188064575195,-42.5713958740234,0.000184626191185,4.01361285184976e-06,8.3345485109021e-06,22056.1051093359,6.87456579196537,1012
"2103",101917,-23.0476913452148,-47.4804458618164,0.0026769059404614,5.81936074013356e-05,2.45054998231353e-05,19918.481244232,44.9884481920284,858
"2104",101918,-23.0377674102783,-47.4411926269531,0.0037744371802546,8.2052982179448e-05,3.04324621538399e-05,22939.7450828417,34.7886549994051,24
"2105",101919,-23.0278987884521,-47.4020843505859,0.0021917831472819,4.7647459723521e-05,2.2212989279069e-05,21082.6667816897,41.5821068177991,898
"2106",101920,-23.0180854797363,-47.3631172180176,0.0011674843881337,2.53800953942118e-05,1.81003015313763e-05,17731.7005935789,287.105674258016,783
"2107",101921,-23.0083274841309,-47.3242874145508,0.0036576145648723,7.95133601059206e-05,2.75364618573803e-05,14802.6588028768,21.0966937051559,1057
"2108",101922,-22.9986209869385,-47.2855987548828,0.0024948355567175,5.42355555808172e-05,2.07950524782063e-05,12599.6247917426,18.9551882843101,829
"2109",101923,-22.9889678955078,-47.2470397949219,0.0028554637101478,6.20752980466932e-05,2.19450375880115e-05,10009.9874405247,51.363784688515,1037
"2110",101924,-22.9793682098389,-47.2086181640625,0.0047963605320546,0.0001042687072185,3.17666999762878e-05,6768.55980441541,750.299668334693,808
"2111",101925,-22.9698162078857,-47.1703186035156,0.0047046700929058,0.0001022754368023,2.99067396554165e-05,4773.70032641769,2061.6918608182,884
"2112",101926,-22.9603157043457,-47.1321487426758,0.0046300139074446,0.0001006524762487,2.93031444016378e-05,2721.60178946384,2897.6568860182,1032
"2113",101927,-22.9508666992188,-47.0941047668457,0.003870787229971,8.41475484776311e-05,2.65537037194008e-05,1037.02385096045,5110.02381808602,1025
"2114",101928,-22.941463470459,-47.0561790466309,0.0057836530904751,0.0001257315889233,3.58887809852604e-05,733.788130053373,4094.02935475782,1067
"2115",101929,-22.9321098327637,-47.0183753967285,0.0070775173662696,0.0001538590731797,4.85411619592924e-05,4632.20106668083,3939.53921278048,927
"2116",101930,-22.9228019714355,-46.9806861877441,0.0050059064524248,0.0001088240533135,3.91308603866491e-05,7701.31726470257,1569.35560566472,790
"2117",101931,-22.9135417938232,-46.9431076049805,0.0011140059687022,2.42175210587448e-05,2.00350496015744e-05,10513.5737805769,411.623740480894,1044
"2118",101932,-22.9043273925781,-46.905647277832,0.0011103988035756,2.41391044255579e-05,2.0672910977737e-05,13128.4044525679,51.4070595118429,1376
"2119",101933,-22.8951587677002,-46.8682899475098,0.0006553931616508,1.42476774271927e-05,1.9160057490808e-05,16315.4966184381,37.0127562982896,1047
"2120",101935,-22.8769512176514,-46.7938995361328,0.0006732262881996,1.46353540912969e-05,1.82735948328627e-05,18136.8098908431,192.394556542606,1141
"2121",101936,-22.8679141998291,-46.7568588256836,0.0017490624086349,3.80230958398897e-05,2.07554367079865e-05,17154.7808050173,109.139472800584,1397
"2122",101937,-22.8589191436768,-46.7199211120605,0.000645019194053,1.4022156392457e-05,1.71157662407495e-05,17064.6398848698,41.2174243958302,961
"2123",101938,-22.8499641418457,-46.6830787658691,0.0020372020226204,4.42870004917495e-05,1.96996006707195e-05,17872.4769657362,41.9605231790186,911
"2124",101940,-22.8321800231934,-46.6096801757812,0.0015618621691828,3.39535254170187e-05,2.27106975216884e-05,21651.7932213112,35.5434255744111,1065
"2125",101941,-22.8233489990234,-46.5731163024902,0.0011558511760085,2.51271994784474e-05,2.01534949155757e-05,24279.0504897806,38.0032470100089,920
"2126",101942,-22.8145561218262,-46.5366439819336,0.0015480613947147,3.36535085807554e-05,2.17219476326136e-05,27211.5454618502,42.686731606395,1141
"2127",101943,-22.8058013916016,-46.5002593994141,0.0007547026179963,1.6406578652095e-05,1.99682144739199e-05,30357.3726238459,38.2008589101056,802
"2128",101944,-22.7970867156982,-46.4639625549316,0.0014390103751793,3.12828342430294e-05,2.18240184040042e-05,33653.3935867404,48.2985247733854,1103
"2129",101945,-22.7884082794189,-46.4277458190918,0.0014248442821553,3.09748756990302e-05,2.11350507015595e-05,35808.7439975567,52.1883303481678,996
"2130",101946,-22.7797660827637,-46.3916091918945,5.19853597324982e-05,1.13011651592387e-06,2.7058902560384e-05,31976.5825573004,23.086613927334,824
"2131",101950,-22.7455615997314,-46.2478408813477,0.0012909366232634,2.8063839636161e-05,2.00474732992006e-05,16900.8070675743,140.008346403377,875
"2132",101952,-22.7286643981934,-46.1763877868652,0.0014830517611699,3.22402556776069e-05,2.24745563173201e-05,9777.90096091811,37.3962209780536,858
"2133",101953,-22.7202682495117,-46.1407661437988,0.0014479878736892,3.14779972541146e-05,2.12511858990183e-05,6673.27477294987,63.3885241109909,306
"2134",101954,-22.7119026184082,-46.1052093505859,0.0001418693295818,3.08411586047441e-06,1.86275483429199e-05,4744.43819707563,16.8915019333929,1057
"2135",101956,-22.6952667236328,-46.0342826843262,0.0010315805302525,2.24256637011422e-05,1.83787396963453e-05,8059.26122346938,24.3648628672089,972
"2136",101959,-22.6705474853516,-45.928337097168,0.0007579580196761,1.64773482538294e-05,1.624938340683e-05,18506.4114291497,17.4943925870869,786
"2137",101960,-22.6623668670654,-45.8931312561035,0.0005905119669478,1.28372166727786e-05,2.1302344975993e-05,22168.894528344,13.7171981881986,852
"2138",101961,-22.6542167663574,-45.8579788208008,0.0022008826417732,4.78452748211566e-05,2.9564314900199e-05,25854.0053817703,59.1781089555573,1034
"2139",101962,-22.6460933685303,-45.8228797912598,0.0017259241722058,3.75200907001272e-05,2.35924217122374e-05,29551.08374052,33.8285154269302,899
"2140",101963,-22.6379985809326,-45.7878265380859,0.0003827075852314,8.31973011372611e-06,1.59420305863023e-05,33254.7312962104,19.1175354325972,1072
"2141",101965,-22.6218929290771,-45.7178611755371,0.0002542424072089,5.52700885236845e-06,1.67096895893337e-05,40668.320702071,16.0698013305513,1205
"2142",101968,-22.5979347229004,-45.6132392883301,1.14978702185908e-05,2.49953700404149e-07,1.6938221961027e-05,47688.0479831578,13.5583424825531,800
"2143",101969,-22.5899982452393,-45.5784454345703,0.0003178001798005,6.90869956088136e-06,1.56605274241883e-05,46576.8988241717,9.32346589052378,986
"2144",101971,-22.5742034912109,-45.508960723877,0.0004213305674056,9.15936016099295e-06,1.63994536706014e-05,42282.7134176712,11.6618757403345,1263
"2145",101972,-22.5663433074951,-45.4742736816406,0.0007927885417302,1.72345335158752e-05,1.56926380441291e-05,40153.3779804556,13.5889341699907,1376
"2146",101974,-22.5506916046143,-45.4049873352051,0.0002075762458844,4.51252708444372e-06,1.36574390126043e-05,35761.0438532453,15.2370343833405,948
"2147",101975,-22.5429000854492,-45.3703842163086,0.0012912681377201,2.80710464721778e-05,1.76747689693002e-05,33957.7897139282,37.4976593622142,747
"2148",101977,-22.5273838043213,-45.3012657165527,0.0007014289476501,1.52484553836985e-05,1.63436470757006e-05,31358.5796033238,35.0243465411567,992
"2149",101978,-22.5196590423584,-45.2667388916016,0.000300995337966,6.54337691230467e-06,1.46081729326397e-05,30645.192030501,120.46983485801,752
"2150",101979,-22.5119552612305,-45.232234954834,0.0008194235779228,1.78135560418013e-05,1.46898682942265e-05,30021.4086684114,12.0991030323124,1057
"2151",101980,-22.5042724609375,-45.19775390625,0.0005084832664579,1.10539840534329e-05,1.88792255357839e-05,29360.1902721965,10.9558389997104,892
"2152",101983,-22.4813461303711,-45.0944061279297,0.0007935309768072,1.72506734088529e-05,1.84209566214122e-05,30094.686012721,3.41845489072178,880
"2153",101984,-22.4737434387207,-45.059986114502,0.0006872248668514,1.49396710185101e-05,2.85297919617733e-05,31207.7216761311,2.75485001099237,792
"2154",101985,-22.466157913208,-45.025577545166,0.0005632169140881,1.22438459584373e-05,2.4681061404408e-05,32694.6729731269,6.5902021480988,885
"2155",101986,-22.4585933685303,-44.9911804199219,0.0002902718870245,6.31025841357769e-06,2.58159616350895e-05,34506.327535556,15.8024894040625,882
"2156",101987,-22.4510459899902,-44.9567909240723,2.82202988728386e-05,6.13484758105187e-07,2.18717232201016e-05,36594.5325385226,26.6355306769046,62
"2157",101988,-22.4435157775879,-44.9224090576172,0.0009639323361625,2.09550507861422e-05,1.73308417288354e-05,38914.4525049506,5.07163581682531,1061
"2158",101997,-22.3764972686768,-44.6130104064941,0.0006198773535288,1.34755946419318e-05,1.49838715515216e-05,34737.4519326017,3.66430433969679,993
"2159",101998,-22.3691272735596,-44.5786094665527,0.00020790880626,4.51975665782811e-06,1.80260249180719e-05,31324.9944250133,16.3145785749961,765
"2160",102000,-22.3544292449951,-44.5097694396973,0.0001983870952244,4.31276293966221e-06,1.58429756993428e-05,24709.7689919142,10.7742586608134,923
"2161",102002,-22.3397846221924,-44.4408760070801,0.0004068395701324,8.84433848113986e-06,1.56701880769106e-05,18626.3545449856,5.14990662722297,1054
"2162",102003,-22.3324813842773,-44.4064025878906,0.0001513795982646,3.29086083183938e-06,1.60329345817445e-05,15978.4052284823,6.83303207242127,953
"2163",102005,-22.3179130554199,-44.3373985290527,0.0006532789830089,1.42017170219333e-05,1.64443517860491e-05,12352.0650530922,10.0588633304907,1097
"2164",102006,-22.3106460571289,-44.3028602600098,0.000557292076337,1.21150451377616e-05,1.68846909218701e-05,11897.1350305741,15.5002393320109,1050
"2165",102008,-22.2961483001709,-44.2337188720703,0.0014495599316433,3.15121724270284e-05,1.84492146217963e-05,14155.4304111864,3.07099428466777,806
"2166",102009,-22.2889137268066,-44.199104309082,0.0001585526460985,3.44679665431613e-06,1.69991380971624e-05,16442.5632225747,4.82984173928664,950
"2167",102011,-22.2744789123535,-44.1297912597656,0.0006413852115656,1.39431567731663e-05,1.72679992829217e-05,22174.7403920278,3.1472111013865,1265
"2168",102012,-22.267276763916,-44.0950889587402,0.0003992655274487,8.67968537932029e-06,1.79077997017885e-05,25362.055587162,10.7918725830915,767
"2169",102013,-22.2600841522217,-44.0603485107422,0.0022938290203455,4.98658482683823e-05,2.18329278141027e-05,28672.1804894575,26.0846272341531,942
"2170",102014,-22.2529010772705,-44.0255737304688,0.0020832535810768,4.52881213277578e-05,2.04017051146366e-05,30746.4857091042,14.253950991857,963
"2171",102015,-22.2457256317139,-43.9907608032227,0.0005244456624495,1.14009926619474e-05,1.75243094417965e-05,32541.2134406266,5.39542768810501,752
"2172",102016,-22.2385597229004,-43.9559135437012,0.0013270631643536,2.88491992250783e-05,1.86600009328686e-05,34639.6889655291,25.9510828643073,886
"2173",102017,-22.2314033508301,-43.9210205078125,0.0018367626253166,3.99296222894918e-05,2.09725239983527e-05,36991.8090347079,15.800007803287,715
"2174",102019,-22.2171115875244,-43.8511047363281,0.0004717350730061,1.0255110282742e-05,1.89218408195302e-05,42288.3044964464,8.28384179481002,846
"2175",102020,-22.2099781036377,-43.8160820007324,0.0011213624602532,2.43774447881151e-05,1.46435077112983e-05,45165.1929432004,6.28893365909379,1121
"2176",102021,-22.2028503417969,-43.7810096740723,0.0005954221378488,1.29439595184522e-05,1.37270899358555e-05,48160.5287480993,7.82804000718043,942
"2177",102023,-22.1886177062988,-43.7107124328613,0.0008143737140926,1.77037763933185e-05,1.47885311889695e-05,54431.4781969489,62.1452791886326,793
"2178",102024,-22.181510925293,-43.6754837036133,0.0002071975814033,4.50429524789797e-06,1.52143074956257e-05,57678.995827421,12.4157693375858,870
"2179",102025,-22.174409866333,-43.6402015686035,0.000622056379143,1.3522964763979e-05,1.76892935996875e-05,55530.8708365088,23.0763075434714,893
"2180",102026,-22.1673145294189,-43.604866027832,0.0017514509527245,3.80750207114033e-05,2.25124204007443e-05,52890.7595853759,74.3122317239423,7
"2181",102027,-22.1602249145508,-43.569465637207,5.44498323051812e-05,1.18369200663437e-06,2.27419877774082e-05,50388.9120647928,48.4562229453891,883
"2182",102028,-22.1531410217285,-43.534008026123,0.0019881884218193,4.32214874308556e-05,3.0151919418131e-05,48048.7731394805,19.4851512423541,960
"2183",102029,-22.1460609436035,-43.4984893798828,0.000423652214522,9.20983075047843e-06,1.68661772477208e-05,45896.1409044647,2.75964300719337,958
"2184",102030,-22.1389846801758,-43.4629058837891,8.3244466168253e-05,1.8096623080055e-06,1.4797888979956e-05,43960.0257373772,2.80035990278546,633
"2185",102031,-22.1319141387939,-43.4272537231445,0.0005038240742578,1.09526972664753e-05,1.54106000991305e-05,42272.0517010414,3.1039032727445,1024
"2186",102032,-22.1248474121094,-43.3915367126465,0.0003065262199015,6.6636134761211e-06,1.32426221171045e-05,40864.7193264793,3.54380734948117,962
"2187",102033,-22.1177845001221,-43.3557472229004,0.0005745376893173,1.24899497677688e-05,1.41070313475211e-05,39769.658826624,3.09703251991937,1101
"2188",102035,-22.1036682128906,-43.2839546203613,4.72700853606511e-05,1.0276105513185e-06,1.56148071255302e-05,38623.4753398836,6.1134585243577,918
"2189",102036,-22.0966129302979,-43.2479438781738,0.0008183179161278,1.77895199158229e-05,1.6620662790956e-05,38607.5850497931,595.080469520153,814
"2190",102037,-22.0895614624023,-43.211856842041,0.000637135182842,1.3850764844392e-05,1.65705660037929e-05,38970.5250121662,1217.44352723045,1014
"2191",102038,-22.0825138092041,-43.1756896972656,0.0010914999693341,2.37282602029154e-05,1.64031116582919e-05,39704.2916663738,967.317315874932,1329
"2192",102039,-22.0754661560059,-43.1394424438477,6.68288525957905e-05,1.45280114338675e-06,1.4858172107779e-05,38645.3766681252,20.6688622425767,1238
"2193",102043,-22.0472888946533,-42.9935913085938,0.0004844049999519,1.05305434772163e-05,1.4018124602444e-05,32125.011864295,66.4431267304067,871
"2194",102044,-22.040246963501,-42.9569053649902,0.0007175682294473,1.5599309335812e-05,1.55221732711652e-05,31476.9521097231,74.4899932738423,967
"2195",102046,-22.0261631011963,-42.8832473754883,0.0001023030331452,2.22397898141935e-06,1.20612858154345e-05,31604.1682062762,7.45562905026768,766
"2196",102053,-21.9768390655518,-42.6222267150879,0.0006031681714375,1.31123515529907e-05,1.13977821456501e-05,25808.3001643035,45.020805345436,926
"2197",102054,-21.969783782959,-42.5844993591309,0.0005172994842723,1.12456409624428e-05,1.01562900454155e-05,24152.1709381364,162.99452569565,1122
"2198",102055,-21.9627265930176,-42.5466575622559,0.0002145109183402,4.66328083348344e-06,8.76938611327205e-06,23074.7836983859,4.40337333328099,769
"2199",102333,-22.9984931945801,-47.4917182922363,0.0041669586644275,9.05860579223372e-05,3.2589439797448e-05,24538.9842734754,794.628427213384,877
"2200",102334,-22.9885692596436,-47.4524803161621,0.0039954165840754,8.68568822625093e-05,3.16958685289137e-05,25571.1511254771,117.960427021504,1068
"2201",102335,-22.9787006378174,-47.413387298584,0.0023801462812116,5.17423104611225e-05,2.16039588849526e-05,23371.8454330777,35.1093751880839,1153
"2202",102336,-22.9688873291016,-47.3744354248047,0.0008904188798624,1.93569321709219e-05,1.6490594134666e-05,19453.4907566301,26.4869069991712,904
"2203",102337,-22.9591293334961,-47.335620880127,0.0019584516921895,4.25750367867295e-05,2.00598897208693e-05,15352.7742753597,106.86857961953,911
"2204",102338,-22.9494228363037,-47.296947479248,0.002728300554736,5.93108816246968e-05,2.25199764827266e-05,11318.3989602798,695.793537430527,866
"2205",102339,-22.939769744873,-47.2584037780762,0.0035247989289928,7.6626063673757e-05,2.45336941588903e-05,7431.87466448371,1116.9390362048,1000
"2206",102340,-22.9301681518555,-47.2199935913086,0.0029056862258585,6.31670918664895e-05,2.23545557673788e-05,4089.77591142277,1219.37091789317,1102
"2207",102341,-22.920618057251,-47.181713104248,0.0041229530907003,8.96294150152244e-05,2.84306752291741e-05,572.111737548087,2749.1017954108,953
"2208",102342,-22.9111175537109,-47.1435585021973,0.0053884098742855,0.0001171393450931,3.6720753996633e-05,2904.88550919849,2287.19922479729,116
"2209",102343,-22.9016666412354,-47.105525970459,0.0068557618069462,0.000149038300151,4.66103520011529e-05,1412.56099978444,4367.34891281212,1061
"2210",102344,-22.8922653198242,-47.0676155090332,0.0045093516819179,9.80293843895197e-05,3.27559246215969e-05,1449.22054007606,7439.22773966297,1017
"2211",102345,-22.8829116821289,-47.0298271179199,0.005733034631703,0.0001246311876457,3.73826078430284e-05,3091.1228863042,3519.46207390066,1116
"2212",102346,-22.8736038208008,-46.9921493530273,0.0045958995469845,9.99108597170562e-05,3.53409777744673e-05,3767.88278399452,913.209371665559,949
"2213",102347,-22.8643436431885,-46.95458984375,0.0023792715583113,5.17232947458979e-05,2.49199274549028e-05,6758.9655403008,260.254033944048,1019
"2214",102348,-22.8551292419434,-46.9171409606934,0.001635306092794,3.55501324520446e-05,2.31008452828974e-05,10460.3284371947,69.6420830825429,781
"2215",102349,-22.8459606170654,-46.8797988891602,0.0021653096846421,4.70719496661332e-05,2.45986557274591e-05,14321.8042442376,32.3998404118258,1277
"2216",102350,-22.8368358612061,-46.8425674438477,0.0003010781329066,6.54517680231947e-06,1.74314682226395e-05,15234.2190959045,14.6105294170131,1152
"2217",102351,-22.8277549743652,-46.8054389953613,0.001151502077846,2.50326538662193e-05,2.16537318920018e-05,12938.3260602038,80.0877160799068,1091
"2218",102352,-22.8187160491943,-46.7684097290039,0.001320745312114,2.87118546111742e-05,2.13508283195551e-05,11598.1932822058,28.0861498289192,1127
"2219",102353,-22.809720993042,-46.7314872741699,0.0015072156675159,3.27655579894781e-05,2.28878852794878e-05,11539.7900151871,18.9009805152929,793
"2220",102354,-22.8007678985596,-46.6946563720703,0.0011410216357035,2.48048181674676e-05,1.78080827026861e-05,12770.4766582637,113.051874331708,738
"2221",102355,-22.7918548583984,-46.6579246520996,0.0003599060510168,7.82404458732344e-06,1.74196884472622e-05,14966.7776378776,36.3293136482954,912
"2222",102356,-22.7829837799072,-46.6212844848633,0.0005948326997895,1.29311456475989e-05,1.73727676155977e-05,17767.7173290632,149.872272866558,1055
"2223",102358,-22.76535987854,-46.5482788085938,0.0003485008701318,7.57610587243107e-06,1.83829233719734e-05,24297.8350883542,78.9231131095043,769
"2224",102360,-22.7478904724121,-46.4756240844727,0.0002312796759724,5.02781904287986e-06,1.80291135620791e-05,31389.8472977631,28.2689982993697,934
"2225",102361,-22.7392139434814,-46.4394226074219,0.0002296438378834,4.99225734529318e-06,1.9128563508275e-05,35033.5176405208,30.4236480705209,854
"2226",102362,-22.7305717468262,-46.4033012390137,0.000388383243262,8.44311398395803e-06,2.15686650335556e-05,33092.2127062857,53.9616067184352,812
"2227",102366,-22.6963672637939,-46.2595825195312,0.0003846422423521,8.3617878772202e-06,1.8551168977865e-05,19073.5432800752,31.5712011488986,906
"2228",102367,-22.6879043579102,-46.2238388061523,0.0014862385505694,3.23095337080304e-05,2.33062582992716e-05,15980.472964274,30.1257526426189,850
"2229",102368,-22.6794738769531,-46.188159942627,0.0001911684976221,4.1558369048289e-06,2.11333590414142e-05,13278.0320649062,23.041870229299,1062
"2230",102372,-22.6460781097412,-46.0461044311523,0.0004436174676811,9.6438579930691e-06,1.48113203977118e-05,12254.7038881985,72.4009201051632,1179
"2231",102373,-22.6378078460693,-46.0107460021973,0.0002754676788754,5.98842780163977e-06,1.47719483720721e-05,14674.7599184972,67.8714135567397,934
"2232",102375,-22.62135887146,-45.9402008056641,0.0001939739449881,4.21682489104569e-06,3.12422307615634e-05,20752.3316976147,21.2952793658225,8
"2233",102376,-22.6131801605225,-45.9050102233887,0.0003903583146893,8.48605031933403e-06,2.09240661206422e-05,24093.9013795306,18.6828017386557,1056
"2234",102378,-22.5969085693359,-45.8347816467285,0.0001106717231778,2.40590702560439e-06,2.17743017856264e-05,31048.385643487,15.2650605176363,1132
"2235",102380,-22.5807476043701,-45.7647514343262,0.0002098053291774,4.56098541690153e-06,1.32839277284802e-05,38188.3847637003,355.449052755936,1147
"2236",102383,-22.556713104248,-45.660041809082,0.0004922335356241,1.07007290353067e-05,1.50947535075829e-05,42371.2371922281,22.1095164005374,964
"2237",102384,-22.5487518310547,-45.6252212524414,0.0003979946104664,8.65205674926983e-06,1.51378553709947e-05,43673.4033679263,15.3489963007244,942
"2238",102386,-22.5329093933105,-45.5556945800781,0.000945823128859,2.0561372366501e-05,2.73520072369138e-05,47055.7743408775,37.8094422838981,897
"2239",102387,-22.5250244140625,-45.5209846496582,0.000602818248808,1.31047445393051e-05,1.67631060321582e-05,46775.2255384603,23.7355464460074,780
"2240",102388,-22.5171642303467,-45.4863052368164,0.0012892098529846,2.802630115184e-05,1.6793783288449e-05,44504.5097971993,108.609269117617,765
"2241",102389,-22.5093288421631,-45.45166015625,0.0011320450576022,2.46096751652658e-05,1.83025858859764e-05,42436.3626017934,63.1779252916948,1320
"2242",102391,-22.493724822998,-45.3824577331543,0.0004555874238576,9.90407443168806e-06,1.82785879587755e-05,39028.6902394467,32.7744661581131,1082
"2243",102395,-22.4627838134766,-45.2443580627441,0.0003848491669486,8.36628623801516e-06,1.17871122711222e-05,35482.2132908723,19.8308823943782,1309
"2244",102397,-22.4474411010742,-45.1754341125488,0.0013011512346565,2.82858964055777e-05,2.43490321736317e-05,34757.2386946645,27.6645076703869,1242
"2245",102398,-22.4398002624512,-45.140998840332,0.0014371205252246,3.12417505483609e-05,1.93741234397748e-05,34970.2222750721,67.359183453565,728
"2246",102399,-22.4321784973145,-45.1065788269043,0.0008931325792218,1.94159256352577e-05,2.12975864997134e-05,35560.9792368086,55.3111304241345,846
"2247",102402,-22.4094295501709,-45.0033912658691,0.0001836939636632,3.9933470361575e-06,1.33507928694598e-05,39370.7549586847,76.252361925704,989
"2248",102405,-22.3868427276611,-44.9002799987793,0.0008485265643685,1.84462296601851e-05,2.3172373403213e-05,45559.8253225975,14.9774415011753,757
"2249",102406,-22.3793506622314,-44.8659210205078,0.0002919028511314,6.3457141550316e-06,1.42112539833761e-05,48001.7430687025,5.24237721810095,878
"2250",102407,-22.3718738555908,-44.8315620422363,0.0011281287188467,2.45245373662328e-05,1.72565978573402e-05,50589.4214967495,7.16246586622795,1111
"2251",102408,-22.3644123077393,-44.7972030639648,0.0001257127901226,2.73288674179639e-06,1.19795658974908e-05,53301.5564354382,8.65918955002769,852
"2252",102410,-22.3495407104492,-44.7284812927246,0.0001089535189748,2.3685547603236e-06,1.01342111520353e-05,47020.3957823339,2.36904168732067,778
"2253",102414,-22.3199787139893,-44.5909729003906,0.0014253488334361,3.09858442051336e-05,1.81344694283325e-05,33889.8632589179,35.1732328619187,1019
"2254",102416,-22.3052825927734,-44.5221557617188,0.0001535854935355,3.33881507685874e-06,2.10629223147407e-05,27883.3101870282,51.7413508035298,866
"2255",102417,-22.2979545593262,-44.4877281188965,0.0004062492535013,8.83150551089784e-06,1.80165843630675e-05,25140.3781058657,24.5365278980779,821
"2256",102424,-22.2470111846924,-44.2462043762207,0.0011632544410531,2.52881400228944e-05,1.77848978637485e-05,19087.3254293733,9.71989383702043,938
"2257",102426,-22.2325592041016,-44.1769752502441,0.0006832041872257,1.48522649396909e-05,1.7256790670217e-05,23027.1795871102,3.11739094062066,875
"2258",102427,-22.2253475189209,-44.1423149108887,0.0012438334561011,2.70398577413289e-05,1.79712751560146e-05,25571.4790704442,3.13611159778286,958
"2259",102429,-22.2109565734863,-44.0728988647461,0.0005617899878416,1.22128258226439e-05,1.69315662787994e-05,31351.0365858861,30.3697554887438,13
"2260",102430,-22.2037734985352,-44.0381355285645,0.0004412912603584,9.59328826866113e-06,1.77581387106329e-05,34473.4054476623,2.71659176260505,1219
"2261",102432,-22.1894378662109,-43.9684982299805,0.0012470138863136,2.71089975285577e-05,1.74762426468078e-05,39208.8197445587,3.57456292373362,1105
"2262",102433,-22.1822814941406,-43.9336166381836,0.0003592007251427,7.80871141614625e-06,1.75816621776903e-05,41291.760671223,6.15060046239497,1224
"2263",102434,-22.1751346588135,-43.8986968994141,0.0011551253082871,2.51114197453717e-05,1.85331300599501e-05,43591.5183491227,8.26313098487537,941
"2264",102435,-22.1679935455322,-43.8637313842773,0.0005143358939676,1.11812150862534e-05,1.57729537022533e-05,46077.291478861,7.84244135820046,996
"2265",102436,-22.1608619689941,-43.8287162780762,0.0004565146937238,9.92423247225815e-06,1.59741648531053e-05,48721.5214711506,7.22129316216341,543
"2266",102438,-22.1466178894043,-43.7585487365723,7.70661355886659e-06,1.67535077366665e-07,1.5629077097401e-05,54395.5967901823,14.3157761539637,909
"2267",102439,-22.1395072937012,-43.7233848571777,0.0011481226720206,2.49591885221889e-05,1.72147738339845e-05,57389.7174496374,8.04118015839851,995
"2268",102440,-22.1324024200439,-43.6881713867188,0.0007347710852627,1.5973284462234e-05,1.58083912538132e-05,54859.5108543364,5.83371375612367,819
"2269",102441,-22.1253032684326,-43.6529006958008,0.0005784980403404,1.25760443552281e-05,1.65427027241094e-05,51909.5464536085,10.7751990335459,1048
"2270",102444,-22.1040382385254,-43.546745300293,0.0009243290769518,2.00941103685182e-05,1.7703579942463e-05,43778.7889337194,25.3692826779947,1164
"2271",102445,-22.096960067749,-43.5112380981445,8.10486797035992e-05,1.76192781964346e-06,1.45685098686954e-05,41391.5599656838,7.04075626408157,1099
"2272",102446,-22.0898876190186,-43.4756660461426,0.0011466977957752,2.49282129516359e-05,1.82916592166293e-05,39219.5360651324,5.03060939732307,709
"2273",102447,-22.0828189849854,-43.4400291442871,0.0003040073333977,6.60885507386411e-06,1.53407454490662e-05,37302.0835135289,11.4515312376417,825
"2274",102448,-22.0757541656494,-43.4043235778809,0.0011259732054895,2.44776783802081e-05,1.72664003912359e-05,35682.257833502,6.6782634619661,995
"2275",102449,-22.0686931610107,-43.3685455322266,0.0019817402062472,4.30813088314608e-05,2.05501237360295e-05,34404.364709161,3.86100796022321,927
"2276",102450,-22.0616340637207,-43.3326988220215,0.0005403429186117,1.17465851872112e-05,1.5096153219929e-05,33509.7952045877,5.03041176969498,902
"2277",102451,-22.0545806884766,-43.2967796325684,0.000903574113181,1.96429155039368e-05,1.75886689248728e-05,33032.5748900333,4.89853067381961,1010
"2278",102452,-22.0475273132324,-43.2607803344727,0.0005800486778753,1.26097538668546e-05,1.60376894200454e-05,32992.9058878012,23.8471720554828,876
"2279",102455,-22.0263862609863,-43.1523170471191,0.0011316693635308,2.46015079028439e-05,1.83863012352958e-05,35460.1082206606,25.163004841033,778
"2280",102456,-22.0193424224854,-43.1160011291504,0.0010169496308662,2.21076006710064e-05,1.78816280822502e-05,37054.9413295705,5.08730971013012,879
"2281",102457,-22.012300491333,-43.0795936584473,0.0007488570190616,1.62795004143845e-05,1.78749342012452e-05,38971.2248582718,26.3577262919993,867
"2282",102459,-21.998218536377,-43.006519317627,0.0003349859871377,7.2823040682124e-06,1.25106280393084e-05,37655.4341179355,8.38107586686356,837
"2283",102460,-21.9911785125732,-42.9698448181152,0.0008556947905162,1.86020606633974e-05,1.43007237056736e-05,37081.6955537307,34.7293369392384,978
"2284",102461,-21.9841403961182,-42.9330787658691,0.0004796816720045,1.04278624348808e-05,1.61213665705873e-05,36907.934134574,76.5231961637794,866
"2285",102462,-21.9771003723145,-42.8962135314941,0.0011349871856509,2.46736344706733e-05,2.0965069779777e-05,37143.0287500844,122.34486270776,997
"2286",102463,-21.9700603485107,-42.8592491149902,0.0010406375185994,2.26225547521608e-05,1.63496642926475e-05,37782.2731794415,5.06475709316661,879
"2287",102465,-21.9559764862061,-42.7850227355957,0.0007889888438512,1.71519313880708e-05,1.62082087626914e-05,33187.7272796726,5.51068037422336,992
"2288",102466,-21.9489326477051,-42.7477493286133,0.0018040678696706,3.92188667319715e-05,2.78936331596924e-05,29868.4895626345,5.52929722833545,1150
"2289",102467,-21.9418888092041,-42.7103729248047,0.0002399114773652,5.21546689924435e-06,1.39813064379268e-05,26713.2374862139,6.35472385978964,1102
"2290",102468,-21.9348411560059,-42.6728858947754,0.0004798989302798,1.04325854408671e-05,1.14600215965766e-05,23791.7545670598,11.4857651397554,1015
"2291",102470,-21.9207401275635,-42.5975723266602,0.0003278954936831,7.12816290615592e-06,1.57398208102677e-05,19104.5610415796,428.660820927826,1004
"2292",102472,-21.9066276550293,-42.5217933654785,0.0002888498347601,6.27934423391707e-06,9.89775617199484e-06,17062.7437024371,5.06293487049671,1081
"2293",102750,-22.9393653869629,-47.4637680053711,0.0045620101009262,9.9174132628832e-05,3.3193518902408e-05,21078.1306355285,14.658801153933,6
"2294",102751,-22.9294986724854,-47.4246864318848,0.0020252688409527,4.40275834989734e-05,2.04128118639346e-05,18416.4414498356,13.884822056201,935
"2295",102752,-22.9196853637695,-47.3857498168945,0.0025682112027425,5.58306783204898e-05,2.17813922063215e-05,16418.7963514329,6.67481538112109,1012
"2296",102753,-22.9099254608154,-47.3469543457031,0.001508534529421,3.27942289004568e-05,1.73218759300653e-05,14943.8860325388,162.311468133715,1101
"2297",102754,-22.900218963623,-47.308292388916,0.0015243086600094,3.31371447828133e-05,1.79901489900658e-05,10867.7184470565,149.705169746818,1165
"2298",102755,-22.8905658721924,-47.2697677612305,0.0031679156672908,6.88677318976261e-05,2.24716914090095e-05,6897.9429656674,289.473312536742,1205
"2299",102756,-22.8809642791748,-47.231372833252,0.0038412872963817,8.35062455735169e-05,2.45392839133274e-05,3370.31627083889,2672.94854180712,789
"2300",102757,-22.8714141845703,-47.1931037902832,0.0043774410587502,9.51617621467449e-05,3.05676403513644e-05,3013.67194561335,4284.61318752964,1038
"2301",102758,-22.8619136810303,-47.1549644470215,0.004045319466968,8.79417275427841e-05,2.62793309957488e-05,5719.37181029708,3594.49890743294,1018
"2302",102759,-22.8524627685547,-47.1169471740723,0.0025626976203057,5.57108178327326e-05,2.3166725441115e-05,6856.28274753132,1978.03364969903,987
"2303",102760,-22.8430614471436,-47.0790519714355,0.0035716012062039,7.7643504482694e-05,2.80838467006106e-05,6395.62967551739,2170.20243898838,802
"2304",102761,-22.8337078094482,-47.0412750244141,0.0061886382463853,0.0001345356140518,4.05637911171652e-05,3008.29423775867,1486.13887480775,863
"2305",102762,-22.8243999481201,-47.0036125183105,0.0036801732785534,8.00037669250742e-05,2.92444674414583e-05,3163.74669654429,685.936123849005,777
"2306",102763,-22.8151397705078,-46.9660682678223,0.0004926169276586,1.07090636447538e-05,1.84414948307676e-05,6592.92823473487,64.6313681895432,853
"2307",102764,-22.8059253692627,-46.9286308288574,0.0026528036178206,5.76696438656654e-05,2.71531826001592e-05,10446.3716249369,43.8634500464216,983
"2308",102765,-22.7967567443848,-46.8913078308105,0.001481460793002,3.22056694130879e-05,2.05994365387596e-05,13747.6990425088,91.4860034249609,947
"2309",102766,-22.7876319885254,-46.8540878295898,0.001705811235297,3.70828529412393e-05,2.19593475776492e-05,11459.8371615709,14.7745044501482,1004
"2310",102767,-22.7785511016846,-46.8169746398926,0.0002465145516907,5.35901199327782e-06,1.77346410055179e-05,8275.90397870108,17.4699381792223,1146
"2311",102772,-22.7337818145752,-46.6328926086426,0.0003617659876908,7.86447799328016e-06,1.6330031940015e-05,15008.3492962555,70.9357868739505,1218
"2312",102773,-22.7249507904053,-46.5963592529297,0.0001715926714496,3.73027546629601e-06,1.67252874234691e-05,18681.5674592974,57.3011362042222,1020
"2313",102774,-22.7161598205566,-46.5599136352539,0.0003110630186711,6.76223953632871e-06,1.69983195519308e-05,22427.6191545447,74.0900718028106,1192
"2314",102776,-22.6986904144287,-46.4872856140137,0.0004691366339102,1.01986224763095e-05,2.18159439100418e-05,30013.4284896876,33.5464585859536,816
"2315",102778,-22.6813735961914,-46.4149856567383,0.0008137028198689,1.76891917362809e-05,2.29338274948532e-05,35076.4952166853,34.354173257805,10
"2316",102779,-22.6727695465088,-46.3789596557617,0.0006410584246623,1.39360527100507e-05,2.54055121331476e-05,31685.9051190842,35.208420511667,923
"2317",102780,-22.6642017364502,-46.3430061340332,0.0006540006670547,1.42174058055389e-05,2.98240120173432e-05,28420.4419556097,19.6416764767385,882
"2318",102781,-22.655668258667,-46.30712890625,0.0009814994227781,2.13369439734379e-05,2.16014723264379e-05,25325.2196295225,16.3473430238157,914
"2319",102782,-22.6471710205078,-46.2713241577148,0.0013685978592548,2.97521273751045e-05,2.07422581297578e-05,22465.8332060505,12.9513576976111,1343
"2320",102783,-22.6387062072754,-46.2355918884277,0.0007419468420266,1.61292791744927e-05,1.87173536687624e-05,19939.4678253015,22.0211259304286,1021
"2321",102785,-22.6218795776367,-46.1643333435059,0.0026703623370849,5.80513551540207e-05,2.96115740638925e-05,16465.044356973,64.256785464223,1434
"2322",102786,-22.6135158538818,-46.1287994384766,0.001545951818116,3.36076482199132e-05,2.27555447054328e-05,15855.1182959583,26.5981035172883,793
"2323",102788,-22.5968837738037,-46.0579261779785,0.0004270765530236,9.28427289181855e-06,1.67361158673884e-05,17268.4167299613,993.368062384653,894
"2324",102790,-22.5803756713867,-45.9872932434082,0.0019350512229721,4.20663309341762e-05,2.3328135284828e-05,21422.6867567622,16.5723352573916,1103
"2325",102791,-22.5721683502197,-45.9520606994629,0.0036622962652472,7.96151362010278e-05,4.22289085690863e-05,24117.3107098311,41.8770706153055,927
"2326",102792,-22.5639877319336,-45.9168815612793,0.000427933411629,9.30290025280556e-06,1.70427083503455e-05,27063.3232701197,33.040425852768,823
"2327",102793,-22.5558395385742,-45.8817558288574,0.0001120679726227,2.43626027440769e-06,1.75283330463571e-05,30184.4812322067,10.4979003996266,860
"2328",102794,-22.5477180480957,-45.8466835021973,0.0010681287021725,2.3220189177664e-05,2.05862470465945e-05,33430.089879881,8.27908839296867,774
"2329",102795,-22.5396251678467,-45.8116569519043,0.0002809706766129,6.10805818723748e-06,1.62602682394208e-05,34712.8404277571,27.6856235247383,927
"2330",102796,-22.5315589904785,-45.7766761779785,0.0001344385150332,2.92257641376636e-06,1.60231702466263e-05,34732.1903619921,241.978165205372,1018
"2331",102797,-22.5235214233398,-45.7417449951172,0.0007537998644693,1.63869535754202e-05,1.58657894644421e-05,35152.1723755734,21.7155127180754,855
"2332",102798,-22.515510559082,-45.7068557739258,0.0002613239475977,5.68095538255875e-06,1.556994720886e-05,35957.1605043122,20.6197164570851,982
"2333",102799,-22.5075263977051,-45.6720085144043,0.0009297575634263,2.0212120944052e-05,1.57800386659801e-05,37120.6299794921,19.4636505926207,859
"2334",102800,-22.4995670318604,-45.6371994018555,0.000838669740915,1.8231950889458e-05,1.5984656783985e-05,38608.8512350361,87.3280371643786,1080
"2335",102801,-22.4916343688965,-45.6024284362793,0.0004948986206727,1.07586656667991e-05,1.26796303447918e-05,40384.8471227909,271.730593389594,1157
"2336",102802,-22.4837245941162,-45.5676956176758,0.0008810990730125,1.91543276741868e-05,1.317200531048e-05,42411.0087211742,78.0017183661893,922
"2337",102803,-22.4758415222168,-45.5330009460449,0.0004916538873658,1.06881279862137e-05,1.36217913677683e-05,44652.4428058613,37.1746846798694,1253
"2338",102804,-22.467981338501,-45.4983367919922,0.0009275000520574,2.01630446099443e-05,1.49598708958365e-05,47077.761909217,61.1033022845418,818
"2339",102805,-22.4601459503174,-45.4637031555176,0.0007397046429105,1.60805357154459e-05,1.41358241307898e-05,47251.5712312688,891.204647203678,1201
"2340",102806,-22.4523334503174,-45.4291000366211,0.0004881755376118,1.06125116872136e-05,1.4230067790777e-05,45616.3796147095,845.792719678607,21
"2341",102811,-22.4136085510254,-45.256477355957,0.0002730597434492,5.93608137933188e-06,1.47281407407718e-05,40982.8656360967,16.3348392836614,1039
"2342",102812,-22.4059276580811,-45.2220191955566,0.0003746542188309,8.14465693110833e-06,1.39790708999499e-05,40509.8382138168,17.1933225423553,698
"2343",102813,-22.3982677459717,-45.1875801086426,0.0004948579971824,1.07577825474436e-05,1.41483569677803e-05,40365.3932206144,15.0612296661922,1055
"2344",102815,-22.3830070495605,-45.1187477111816,0.0004170364427409,9.06600962480297e-06,1.64741613843944e-05,41065.9537200894,14.6541117910368,351
"2345",102816,-22.3754062652588,-45.0843544006348,2.15783634303079e-05,4.69094857180608e-07,1.85323060577502e-05,41893.3414191095,14.4001058835262,880
"2346",102818,-22.3602600097656,-45.0155982971191,0.0009942772885551,2.16147236642428e-05,1.83023639692692e-05,44411.7335030119,15.0470460793631,1092
"2347",102819,-22.3527145385742,-44.9812316894531,0.0002496068736945,5.42623638466466e-06,1.31271499412833e-05,46054.9287293786,26.5606360498425,1008
"2348",102820,-22.3451881408691,-44.9468765258789,0.0009678735259512,2.10407288250281e-05,1.55013258336112e-05,47919.8132277016,171.183980616854,941
"2349",102821,-22.3376789093018,-44.912525177002,0.0007754113939881,1.68567694345256e-05,1.61839743668679e-05,49981.7209291535,50.4423778594929,862
"2350",102822,-22.3301868438721,-44.8781776428223,0.0003767882280953,8.19104843685636e-06,1.72199961525621e-05,52217.1449668227,25.2544326578485,829
"2351",102823,-22.3227100372314,-44.8438301086426,0.0006758620875189,1.4692654076498e-05,1.47578639371204e-05,54604.9920026095,64.8527196870929,758
"2352",102824,-22.3152523040771,-44.8094825744629,0.0015139769893721,3.2912543247221e-05,2.55659415415721e-05,55969.506709646,25.798063530979,980
"2353",102825,-22.3078079223633,-44.7751388549805,0.0005026487124268,1.09271459223237e-05,1.79472062882269e-05,52665.2909944571,7.83752323621739,777
"2354",102826,-22.3003807067871,-44.7407875061035,0.0002564471624282,5.57493831365719e-06,1.07087480500923e-05,49409.6282601053,7.52182295448581,1038
"2355",102828,-22.2855739593506,-44.6720733642578,0.0011466006508271,2.49261011049384e-05,1.65604033099953e-05,43089.4510343738,5.94858419411298,963
"2356",102831,-22.2634716033936,-44.5689392089844,0.0005977569635433,1.29947165987687e-05,1.63006661750842e-05,34346.650961939,2.91423056813904,853
"2357",102833,-22.2488059997559,-44.5001220703125,0.0005352180414774,1.16351748147281e-05,2.54053884418681e-05,29354.2409255096,16.0088206980317,1168
"2358",102834,-22.241491317749,-44.4656944274902,0.0015212766666081,3.30712318827864e-05,3.18427191814408e-05,27252.9547577097,13.0008919477623,1047
"2359",102835,-22.2341918945312,-44.4312438964844,0.0035489527945173,7.71511477068998e-05,4.30244908784516e-05,25504.2303085207,5.3671700808328,944
"2360",102836,-22.2269039154053,-44.3967781066895,0.0012294959160499,2.67281720880419e-05,2.53750404226594e-05,24186.3105274485,6.79502755525911,826
"2361",102837,-22.2196292877197,-44.3622894287109,0.0020072716724826,4.36363407061435e-05,3.43148713000119e-05,23372.2968647363,4.14461101796835,810
"2362",102838,-22.2123641967773,-44.3277778625488,0.0010690180679375,2.32395232160343e-05,1.71364863490453e-05,23116.8472800458,3.52131910307595,1188
"2363",102839,-22.2051124572754,-44.2932434082031,0.0009130853650276,1.98496818484273e-05,1.73187090695137e-05,23438.7872243059,3.73886015404568,1231
"2364",102842,-22.183422088623,-44.1894798278809,0.0017086477673729,3.71445166820195e-05,2.01464608835522e-05,27497.181813164,4.51017546454475,953
"2365",102843,-22.176212310791,-44.1548347473145,0.0009362763157696,2.0353832951514e-05,1.77624024217948e-05,29649.8973943102,3.76582728161069,682
"2366",102844,-22.1690139770508,-44.1201515197754,0.0006609868196392,1.43692786878091e-05,1.67949001479428e-05,32082.9903928561,14.066377844321,1115
"2367",102845,-22.1618232727051,-44.0854415893555,0.0007527475863753,1.63640779646812e-05,1.78553054865915e-05,34738.3895057601,99.4626712228082,73
"2368",102848,-22.1403102874756,-43.9810791015625,0.002253990722238,4.89997983095236e-05,2.17374490603106e-05,43628.1585748103,2.68907797315893,1032
"2369",102849,-22.1331558227539,-43.9462089538574,0.0001729769660414,3.76036882698827e-06,1.69231043400941e-05,45876.9168690982,6.02818507901481,1203
"2370",102850,-22.1260089874268,-43.9113006591797,0.0008686274522915,1.88832054845989e-05,1.55953730427427e-05,47948.56808638,9.05362184356322,1055
"2371",102851,-22.1188716888428,-43.8763465881348,0.0001935893815243,4.20846481574699e-06,1.4862767784507e-05,50210.055441307,22.4255576785737,866
"2372",102852,-22.1117420196533,-43.8413467407227,0.0001134501962951,2.46630861511221e-06,1.38172554215998e-05,52638.0333211177,46.4449195487279,808
"2373",102853,-22.1046180725098,-43.8063011169434,0.0015516242128796,3.37309611495584e-05,2.59152275248198e-05,55211.6193559964,136.441105542255,909
"2374",102854,-22.0975017547607,-43.7712020874023,0.0004816183791263,1.04699647636153e-05,1.88465837709373e-05,56781.1385107657,8.52912575887496,867
"2375",102856,-22.083288192749,-43.7008514404297,0.0004936243985866,1.07309651866672e-05,1.58680122694932e-05,51430.1196750747,4.36962911796461,793
"2376",102857,-22.0761909484863,-43.6655921936035,0.0008883948175935,1.93129308172502e-05,1.63042877829866e-05,48666.8577338955,7.63054135755959,773
"2377",102858,-22.0690994262695,-43.6302795410156,0.0014893152256263,3.23764179483987e-05,2.10999605769757e-05,45610.2282695227,8.06407793901901,887
"2378",102859,-22.0620136260986,-43.5949096679688,0.0007358960756391,1.59977407747647e-05,2.04456919163931e-05,42660.686598396,7.22436635112272,1008
"2379",102860,-22.0549335479736,-43.5594749450684,1.15861457743449e-05,2.51872734224889e-07,1.80560055014212e-05,39843.174892933,16.3705670782233,1168
"2380",102861,-22.0478572845459,-43.5239791870117,0.0011184531322214,2.43141985265538e-05,1.770279595803e-05,37189.6894413189,11.6961272469207,1038
"2381",102862,-22.0407848358154,-43.4884223937988,0.0003440222035351,7.47874355511158e-06,1.41761584018241e-05,34739.8232274739,11.7368393032771,996
"2382",102864,-22.0266551971436,-43.4171028137207,9.38917219173163e-05,2.04112438950688e-06,1.50661380757811e-05,30651.6548189563,5.76534308644627,902
"2383",102866,-22.0125408172607,-43.3455047607422,0.000703825859091,1.53005621541524e-05,1.44241776069975e-05,28047.6248635755,22.3020967762126,865
"2384",102867,-22.0054874420166,-43.3095970153809,0.0003741042746696,8.13270162325352e-06,1.85133321792819e-05,27451.0316463928,52.9449890955271,1133
"2385",102869,-21.9913902282715,-43.2375526428223,0.0011987951002083,2.60607630480081e-05,1.8662914953893e-05,27836.006465283,19.8561138750367,888
"2386",102870,-21.9843463897705,-43.2014083862305,0.0006694139137835,1.45524763865978e-05,1.57537870109081e-05,28802.9855984729,25.9182604980934,732
"2387",102871,-21.9773025512695,-43.1651878356934,0.0006549671379616,1.42384160426445e-05,1.50477189890807e-05,30231.6580329273,12.4361358213397,929
"2388",102872,-21.9702606201172,-43.1288795471191,9.28491917875363e-05,2.0184606910334e-06,1.31796487039537e-05,32061.783225379,14.7467563767037,16
"2389",102874,-21.9561824798584,-43.0560111999512,0.0003235334679629,7.03333626006497e-06,1.28432611745666e-05,36692.4222237608,6.86843421395999,1398
"2390",102875,-21.9491443634033,-43.0194396972656,0.0011963625438511,2.60078813880682e-05,2.04673742700834e-05,39384.8703197823,3.44014663987817,1031
"2391",102876,-21.9421062469482,-42.982780456543,0.0002429790320093,5.28215286976774e-06,1.36462303998997e-05,42269.2368800364,3.74672456431226,881
"2392",102877,-21.9350700378418,-42.9460220336914,0.0002079035348288,4.51964206149569e-06,1.29416939671501e-05,42518.7180843781,3.75049902330127,808
"2393",102883,-21.8928318023682,-42.7233963012695,7.29317318928224e-05,1.58547243245266e-06,1.2757719559886e-05,23753.5744406689,312.886792619207,891
"2394",102884,-21.8857879638672,-42.685920715332,0.0001519755628578,3.30381658386614e-06,1.06957722891821e-05,20365.6854414575,661.662672003474,897
"2395",102885,-21.8787403106689,-42.6483345031738,0.0008073410390352,1.75508921529399e-05,1.77615656866692e-05,17218.9913629001,121.370289612186,812
"2396",102886,-21.8716907501221,-42.6106338500977,8.44332942051551e-05,1.83550639576424e-06,1.39950443553971e-05,14481.0466462791,34.5546069223904,766
"2397",102887,-21.8646392822266,-42.5728149414062,0.0004677208362409,1.01678442661068e-05,1.11669542093296e-05,12436.2318244525,23.7640881065291,980
"2398",102888,-21.8575839996338,-42.5348815917969,0.0005698385011783,1.23877935038763e-05,1.5471890947083e-05,11474.0994896571,10.6239518597697,884
"2399",103166,-22.890172958374,-47.4750747680664,0.0028371847292874,6.16779288975522e-05,2.34051422012271e-05,17242.7790508401,8.58016110147938,1089
"2400",103167,-22.8803043365479,-47.4360122680664,0.0033415827201679,7.26431026123464e-05,2.73321384156588e-05,13953.2427498528,13.4092243827503,1193
"2401",103168,-22.870491027832,-47.3970909118652,0.003594899593736,7.81499911681749e-05,2.70641558017815e-05,11293.7041320865,5.74842659547274,944
"2402",103169,-22.8607330322266,-47.3583068847656,0.0031428387155756,6.83225807733834e-05,2.60705928667448e-05,9771.56217788302,8.73155978968798,862
"2403",103170,-22.8510265350342,-47.3196601867676,0.0022185213529155,4.82287250633817e-05,2.03006729861954e-05,8427.38749825348,20.91432930634,945
"2404",103171,-22.8413734436035,-47.2811470031738,0.0028269410831853,6.14552409388125e-05,2.10739272006322e-05,7507.97376250264,1558.55435195254,1351
"2405",103172,-22.8317718505859,-47.2427673339844,0.0025986067776102,5.64914516871795e-05,2.07843932003016e-05,6956.72690897463,2714.19748470346,1330
"2406",103173,-22.8222217559814,-47.204517364502,0.0030717068584635,6.67762360535562e-05,2.41625457420014e-05,2849.44532499747,3059.44358276878,875
"2407",103174,-22.8127212524414,-47.166389465332,0.003234000338125,7.03043551766314e-05,2.38603206526022e-05,1245.67937995974,2445.04084981855,776
"2408",103175,-22.8032703399658,-47.1283874511719,0.0032650000357534,7.09782616468146e-05,2.66963070316706e-05,5324.81546386558,1186.97595329039,1063
"2409",103176,-22.7938690185547,-47.0905075073242,0.0062131204467732,0.0001350678357994,4.48668397439178e-05,6939.81149010111,725.194135947578,19
"2410",103177,-22.7845153808594,-47.0527458190918,0.00310790167714,6.75630799378268e-05,2.7928434064961e-05,8090.69417296546,391.980816921431,1094
"2411",103178,-22.7752075195312,-47.0150985717773,0.0018626379896886,4.04921302106231e-05,2.14076299016597e-05,8272.2037642072,175.492000962484,877
"2412",103179,-22.7659473419189,-46.9775657653809,0.0023263023758772,5.05717907799408e-05,2.48492051468929e-05,7107.51637105879,229.277289457483,935
"2413",103180,-22.7567329406738,-46.9401435852051,0.001292339326028,2.8094333174522e-05,1.8836197341443e-05,7157.03945021404,160.665372839762,1042
"2414",103181,-22.7475643157959,-46.90283203125,0.0022347807898768,4.85821910842787e-05,2.34391172853066e-05,9167.59700107428,1187.19205561478,932
"2415",103182,-22.7384395599365,-46.8656272888184,0.0023666703273193,5.14493549417239e-05,2.41450579778757e-05,9657.95911357319,655.611735936285,444
"2416",103183,-22.7293605804443,-46.8285255432129,0.0006077660727896,1.32123059302103e-05,1.81753021024633e-05,5680.57465337174,476.412717398609,898
"2417",103184,-22.7203216552734,-46.7915306091309,0.0002506667660782,5.44927752343938e-06,1.68771111930255e-05,1722.4230997292,768.866612196671,969
"2418",103185,-22.7113265991211,-46.7546310424805,0.0001790914811863,3.89329306926811e-06,1.67494054039707e-05,2256.68172083784,747.023926400144,819
"2419",103189,-22.675760269165,-46.6079940795898,0.0013907705870224,3.02341431961395e-05,1.90303562703775e-05,17965.3686118226,32.8521542255837,1064
"2420",103190,-22.6669692993164,-46.5715637207031,0.0017395284812664,3.78158365492709e-05,1.88381236512214e-05,21868.679880303,44.882432619583,751
"2421",103191,-22.6582164764404,-46.5352210998535,0.0011880632191605,2.58274612860987e-05,2.0959214452887e-05,25762.1833103008,55.8706719987013,995
"2422",103192,-22.6495018005371,-46.4989624023438,0.0012247020094946,2.66239567281445e-05,1.98788075067569e-05,29646.2371467971,40.9204001649321,738
"2423",103194,-22.6321849822998,-46.4266929626465,0.0007925635436549,1.72296422533691e-05,1.71687042893609e-05,37386.3836591259,14.3596319617965,1144
"2424",103195,-22.6235809326172,-46.3906784057617,9.26343809624086e-05,2.01379089048714e-06,1.70615257957252e-05,34692.6629034905,12.0746106315056,1098
"2425",103201,-22.5726947784424,-46.1761322021484,0.000723763499991,1.57339891302399e-05,1.86559445864987e-05,21875.0813465105,42.5001737504719,829
"2426",103202,-22.5643329620361,-46.1406135559082,0.000966965835687,2.10209964279784e-05,2.22612488869345e-05,21446.5162034873,15.658473395401,813
"2427",103203,-22.5559997558594,-46.1051597595215,0.0003374752322997,7.33641809347318e-06,2.37640306295361e-05,21683.1367513848,19.6058478505602,1080
"2428",103207,-22.522985458374,-45.963939666748,0.0002325700052097,5.05586967847194e-06,1.82914809556678e-05,28201.6726553639,15.7970512455186,798
"2429",103209,-22.5066585540771,-45.8936614990234,0.0003673222017823,7.98526525613852e-06,2.01524071599124e-05,30051.6078168065,10.7604131064188,1183
"2430",103210,-22.4985389709473,-45.8586006164551,0.0003451738230069,7.50377876101993e-06,2.26360225497046e-05,29554.1850606939,14.6249671985794,889
"2431",103212,-22.4823818206787,-45.7886199951172,0.0002772716588879,6.02764475843287e-06,1.36848730107886e-05,29148.732692693,18.5496095376205,1035
"2432",103214,-22.4663352966309,-45.718822479248,0.0004267985059414,9.27822839003056e-06,1.4157037185214e-05,30622.214774423,10.6952271638845,1018
"2433",103215,-22.4583511352539,-45.6839904785156,0.001034617460391,2.24916839215439e-05,1.71460760611808e-05,31990.6782986323,13.1845716361978,1134
"2434",103216,-22.4503917694092,-45.6491928100586,0.0005960314483672,1.29572053992888e-05,1.27102011902025e-05,33715.5879807594,12.2961090328917,961
"2435",103217,-22.4424591064453,-45.6144371032715,0.0004140702585573,9.00152735994197e-06,1.24170564959059e-05,35743.6331034971,58.6707757156354,825
"2436",103218,-22.4345531463623,-45.5797157287598,0.0009722955874167,2.1136860596016e-05,1.41618274938082e-05,38025.5386174204,20.7228768254405,1115
"2437",103220,-22.4188117980957,-45.5103797912598,0.0005397979111876,1.17347371997312e-05,1.35696382130845e-05,43180.6620715682,197.886136710105,1043
"2438",103223,-22.3953762054443,-45.406608581543,0.0003949540823668,8.58595831232378e-06,1.274082751479e-05,49518.3259443086,76.653049098203,832
"2439",103224,-22.3876094818115,-45.3720741271973,0.0010678580183594,2.32143047469435e-05,1.99411715584574e-05,48529.4140579783,27.9874021773498,1086
"2440",103225,-22.3798656463623,-45.3375625610352,0.0008808552483969,1.91490271390649e-05,2.36240048252512e-05,47803.4148717479,25.0454271194448,956
"2441",103226,-22.3721446990967,-45.3030776977539,0.0006225749457371,1.35342379508074e-05,2.21985701500671e-05,47203.081116017,26.7708313116065,106
"2442",103230,-22.3414649963379,-45.1653289794922,0.0006681937866233,1.45259518831153e-05,1.33548792291549e-05,46140.1448255586,9.35448679307263,869
"2443",103232,-22.3262462615967,-45.096549987793,0.0011610698093136,2.52406480285572e-05,1.80086753971409e-05,47327.50800915,91.6662450405917,823
"2444",103233,-22.3186645507812,-45.0621795654297,0.0007077371774357,1.53855908138212e-05,1.90471928362967e-05,48325.9632708633,33.1090924268796,749
"2445",103234,-22.3111038208008,-45.0278205871582,0.0009385388475493,2.04030184249859e-05,1.79456692421809e-05,49573.2223728193,13.5103141052436,993
"2446",103235,-22.303560256958,-44.9934692382812,0.0004827750817639,1.04951104731299e-05,1.2270366823941e-05,51051.1881077476,12.9559610483965,812
"2447",103236,-22.2960338592529,-44.9591255187988,0.000436470243585,9.48848355619702e-06,1.2571604202094e-05,52740.2171008002,119.862459439647,1021
"2448",103237,-22.2885246276855,-44.9247856140137,0.0012184044062451,2.64870523096761e-05,1.74789802258601e-05,54620.6217710124,169.856846043855,965
"2449",103238,-22.2810344696045,-44.8904495239258,0.0021658321420545,4.70833074359689e-05,2.28944427362876e-05,56673.0012553541,130.395123636532,828
"2450",103239,-22.2735595703125,-44.8561134338379,0.0008375835750484,1.82083385880105e-05,1.39293460961198e-05,58879.765561195,334.676056739328,872
"2451",103240,-22.2661018371582,-44.8217811584473,0.0002849453776434,6.19446473137941e-06,1.43778743222356e-05,58531.5896669976,59.5852480522162,875
"2452",103242,-22.2512340545654,-44.7531089782715,0.0004505200722633,9.79391461441992e-06,1.23174286272842e-05,52294.9402502438,12.594460205379,718
"2453",103243,-22.243824005127,-44.7187690734863,0.0005510071496246,1.19784162961878e-05,1.34024794533616e-05,49286.3204133592,10.7631492966046,1235
"2454",103244,-22.2364292144775,-44.6844215393066,0.0016194399213418,3.52052156813443e-05,1.90336304513039e-05,46369.4471445723,8.72840757875673,968
"2455",103245,-22.2290477752686,-44.6500663757324,0.0019198847294319,4.17366245528683e-05,3.07136433548294e-05,43562.9530072279,8.99452732444903,914
"2456",103246,-22.2216815948486,-44.6156997680664,0.0006678454119537,1.45183785207337e-05,2.03974013857078e-05,40889.2418821758,7.60656059283022,1078
"2457",103247,-22.2143306732178,-44.5813255310059,0.0005196224283281,1.12961397462641e-05,2.36685591517016e-05,38376.6211429981,5.55793043106885,1262
"2458",103248,-22.2069911956787,-44.5469360351562,0.0020783943255082,4.51824853371363e-05,3.28746536979452e-05,36058.5677105351,4.08840394803396,1112
"2459",103249,-22.1996669769287,-44.5125312805176,0.0014970705888117,3.25450128002558e-05,3.06738038489129e-05,33975.0374398143,8.3720619992574,867
"2460",103251,-22.1850566864014,-44.4436798095703,0.0003108956925643,6.75860201226897e-06,1.65574147104053e-05,30700.3429657771,9.29586642511701,940
"2461",103252,-22.177770614624,-44.4092254638672,0.0003255963965784,7.07818253431469e-06,1.82442454388365e-05,29608.5023503123,43.3704035295128,1122
"2462",103253,-22.1704959869385,-44.3747482299805,0.0001114423248509,2.42265923589002e-06,1.50035330079845e-05,28940.6652263735,16.4299525034009,1077
"2463",103254,-22.1632347106934,-44.3402519226074,0.0001843973859649,4.00863882532576e-06,1.3308716006577e-05,28727.0761936979,4.30105804386105,910
"2464",103256,-22.1487445831299,-44.2711791992188,0.0002715771952352,5.9038520703325e-06,1.78444515768206e-05,29684.3245999959,2.12206627727111,14
"2465",103257,-22.1415157318115,-44.2366065979004,0.0002602887389002,5.65845084565808e-06,1.59767751028994e-05,30813.8671188526,2.01961850225242,836
"2466",103260,-22.1198921203613,-44.132698059082,0.0006855348292447,1.49029310705373e-05,1.82066614797805e-05,36287.0586336062,3.68315371073497,1007
"2467",103261,-22.1127033233643,-44.0979995727539,0.0014774414521525,3.21182924380992e-05,1.91226099559572e-05,38645.5741776202,12.743531918109,792
"2468",103264,-22.091194152832,-43.9936714172363,0.0010195643444603,2.21644422708778e-05,1.74291526491288e-05,46773.8367263926,2.19482480504624,1024
"2469",103268,-22.0626335144043,-43.8539924621582,0.0007272562834259,1.58099192049121e-05,1.51839512909646e-05,56838.024120583,23.6799354897524,778
"2470",103270,-22.048397064209,-43.7838706970215,0.0010226204358332,2.22308790398529e-05,2.00884114747168e-05,53330.4575654786,17.8146229846404,1216
"2471",103271,-22.0412883758545,-43.7487373352051,0.0001417735024915,3.08203266286e-06,1.93678952200571e-05,50398.0366878141,4.0093820429505,1013
"2472",103272,-22.0341873168945,-43.7135467529297,0.0004244785322953,9.22779418033315e-06,1.80291408469202e-05,47574.5772454248,3.71769323908659,792
"2473",103274,-22.0200023651123,-43.6430015563965,0.0003293681056675,7.16017621016363e-06,1.38071827677777e-05,42346.7562052168,3.21970129688035,941
"2474",103275,-22.01291847229,-43.6076431274414,0.0006248051795409,1.35827212943695e-05,1.59602459461894e-05,39434.5218292875,2.40603690049921,821
"2475",103277,-21.9987659454346,-43.5367393493652,7.55420317091193e-05,1.64221808063303e-06,1.52640477608657e-05,33407.8282550137,2.51237319914047,964
"2476",103279,-21.9846305847168,-43.4655799865723,0.0005740064880228,1.24784019135404e-05,1.32227714857436e-05,28100.645415511,5.76107362236752,902
"2477",103281,-21.9705142974854,-43.3941497802734,0.0007025359482213,1.52725206135074e-05,1.56513069669018e-05,24019.1617199956,14.2761819709151,900
"2478",103282,-21.9634590148926,-43.358325958252,0.0003382559270903,7.35338971935562e-06,1.28619376482675e-05,22661.8232847191,16.0241428638783,911
"2479",103283,-21.9564094543457,-43.3224296569824,0.0009459694738325,2.05645537789678e-05,1.63796976266894e-05,21888.4530700568,37.6217895640224,1408
"2480",103284,-21.9493618011475,-43.2864608764648,0.0004406806529004,9.58001419348875e-06,1.27041794257821e-05,21764.782141363,21.1677341223225,1372
"2481",103285,-21.9423160552979,-43.2504119873047,0.000213748945498,4.64671620648005e-06,1.28740557556739e-05,22305.7057093898,4.20556384514912,1100
"2482",103287,-21.9282321929932,-43.1780738830566,0.0003507462906782,7.62491936256993e-06,1.56843343575019e-05,25168.7367773899,32.3576419836992,969
"2483",103289,-21.914155960083,-43.1054000854492,0.0015501873713219,3.36997254635207e-05,1.7222948372364e-05,29804.7500641584,3.60153180279841,1060
"2484",103290,-21.9071197509766,-43.0689315795898,0.0005380835245887,1.16974679258419e-05,1.39383264468051e-05,32572.8715694999,5.97738505806785,900
"2485",103291,-21.9000835418701,-43.0323753356934,1.78209415935271e-05,3.87411773772328e-07,1.17933313958929e-05,35554.0542564261,9.47271941300584,892
"2486",103292,-21.8930473327637,-42.9957275390625,0.0003729027230292,8.10658093541861e-06,1.25557662613573e-05,38702.1313563668,51.430030229602,925
"2487",103293,-21.8860130310059,-42.958984375,0.0004189826049696,9.10831749934005e-06,1.03525053418707e-05,41982.5971540212,18.928320356936,1049
"2488",103294,-21.878978729248,-42.9221458435059,0.0001307802672272,2.84304928754864e-06,9.65614435699536e-06,41153.4142789728,2.16062676954618,1138
"2489",103295,-21.8719425201416,-42.8852119445801,0.0003855517315969,8.38155938254204e-06,9.41047073865775e-06,37285.0736330653,2.47017731995517,1040
"2490",103297,-21.8578681945801,-42.81103515625,7.09218784322729e-05,1.54177996591898e-06,1.15045395432389e-05,29551.9928046356,3.60579004479949,1
"2491",103298,-21.850830078125,-42.7737884521484,0.0005594607264356,1.21621897051227e-05,1.09232769318623e-05,25697.5893732575,3.95838997236604,603
"2492",103299,-21.8437900543213,-42.7364349365234,0.00026299559795,5.71729560761014e-06,1.11673125502421e-05,21864.5524074506,7.6562043416408,1070
"2493",103300,-21.8367481231689,-42.698974609375,0.0002322453728993,5.04881245433353e-06,1.03281518022413e-05,18073.642519366,440.650581012235,786
"2494",103301,-21.829704284668,-42.6613998413086,0.0001164666891781,2.53188454735209e-06,1.00902007034165e-05,14366.6484423676,291.56688673415,765
"2495",103303,-21.8156070709229,-42.5859107971191,0.0005787999762105,1.25826081784908e-05,1.38327186505194e-05,7774.31041123368,31.0280836738773,1174
"2496",103583,-22.8409786224365,-47.4863815307617,0.0033380252571078,7.25657664588653e-05,2.48380783887114e-05,14589.7800015906,10.3440886316864,708
"2497",103584,-22.8311100006104,-47.4473304748535,0.0034219621738884,7.43904820410535e-05,2.58248001046013e-05,10618.2311280143,7.68322381263954,778
"2498",103585,-22.8212966918945,-47.4084243774414,0.0019286108727101,4.19263233197853e-05,1.9513126972015e-05,6932.4344271474,4.73198049444288,927
"2499",103586,-22.8115386962891,-47.3696556091309,0.0038437516486737,8.35598184494302e-05,2.83745430351701e-05,4288.60547647146,80.3710158425929,806
"2500",103587,-22.8018321990967,-47.3310279846191,0.0030149213271215,6.55417679809034e-05,2.20776219066465e-05,3613.56685465762,1411.85782532047,1030
"2501",103588,-22.792179107666,-47.2925300598145,0.0037926448712823,8.24488015496172e-05,2.44803559326101e-05,2114.92754978639,3281.31447223074,1020
"2502",103589,-22.7825775146484,-47.2541618347168,0.0029310299287317,6.37180419289507e-05,2.12210943573155e-05,3487.53108739686,1646.24342591063,821
"2503",103590,-22.7730274200439,-47.2159233093262,0.0017364561572321,3.77490468963515e-05,1.74513716046931e-05,6112.41099810022,786.508154171013,1064
"2504",103591,-22.7635269165039,-47.1778144836426,0.0025515966553939,5.54694925085641e-05,1.91486906260252e-05,3531.30931515466,1513.50998906207,1363
"2505",103592,-22.7540760040283,-47.1398239135742,0.0037899847229709,8.23909722384997e-05,2.946370295831e-05,583.873769430856,817.328519415827,975
"2506",103593,-22.7446746826172,-47.1019592285156,0.0043825863103848,9.52736154431477e-05,3.64228508260567e-05,2840.01663067263,130.131786204912,1156
"2507",103594,-22.7353210449219,-47.064208984375,0.0031290091574192,6.80219382047653e-05,2.92505046672886e-05,5797.34376663048,132.594463285068,815
"2508",103595,-22.7260150909424,-47.0265769958496,0.0032116929796757,6.9819412601646e-05,2.80801468761638e-05,5840.39477182216,66.4075054585393,1045
"2509",103596,-22.7167549133301,-46.9890594482422,0.0017491715188953,3.80254678020719e-05,1.99096866708715e-05,2094.36436126783,491.23189544421,1125
"2510",103597,-22.707540512085,-46.9516525268555,0.0020179889106657,4.38693241449073e-05,2.29924298764672e-05,2650.17221811512,802.36248288878,892
"2511",103598,-22.698371887207,-46.9143562316895,0.0011140528258692,2.42185396928107e-05,1.82337807927979e-05,6459.32667067332,599.538930344435,908
"2512",103599,-22.6892490386963,-46.8771667480469,0.0009171517303911,1.99380810954608e-05,1.74350097950082e-05,10401.7049490795,119.26076364057,953
"2513",103601,-22.6711311340332,-46.803092956543,0.0010109211216331,2.19765461224597e-05,1.98249672394013e-05,5583.73449357944,169.821913485913,1103
"2514",103603,-22.6531848907471,-46.7294235229492,0.0009025765575643,1.96212295122677e-05,1.68495880643604e-05,8368.42464080605,175.855795153483,1101
"2515",103604,-22.6442737579346,-46.6927337646484,0.0006305609967967,1.37078477564501e-05,1.71129431691952e-05,11656.6106118434,162.354974159907,1072
"2516",103605,-22.6354026794434,-46.656135559082,0.0012621915921045,2.74389476544457e-05,1.83124266186496e-05,15242.7979097656,54.3545273168582,257
"2517",103609,-22.6003150939941,-46.5106391906738,0.0010155986383324,2.20782312680967e-05,1.63592558237724e-05,30326.3395012362,846.603662980612,806
"2518",103611,-22.5829982757568,-46.4383926391602,0.0015588310125167,3.38876307068858e-05,1.81869509106036e-05,37963.6527585084,16.416332505622,1105
"2519",103615,-22.5488014221191,-46.2948379516602,0.0001427033557774,3.10224686472793e-06,2.12565009860555e-05,31222.0543618022,16.3308599317616,746
"2520",103617,-22.531909942627,-46.2234954833984,0.0003277621599409,7.12526434654137e-06,1.85205062734894e-05,28194.5233170718,43.7183793637394,1053
"2521",103619,-22.5151500701904,-46.1524200439453,0.0003587124901969,7.79809761297656e-06,2.02027731575072e-05,27041.9153361702,17.1437730277825,764
"2522",103622,-22.4902534484863,-46.0462799072266,0.0002968167245853,6.45253749098629e-06,1.89917263924144e-05,29166.5430365092,54.670128972921,830
"2523",103623,-22.4820156097412,-46.0110168457031,0.0004151893917878,9.0258563432144e-06,1.81867872015573e-05,27504.5046474932,189.072932715326,854
"2524",103624,-22.4738082885742,-45.9758110046387,0.0005933654010732,1.28992478494183e-05,1.63513032021001e-05,25984.1834806549,27.6551414385571,1214
"2525",103625,-22.4656314849854,-45.9406623840332,0.0009485788323218,2.06212789635174e-05,1.61871575983241e-05,24947.0910979664,13.5688506574792,968
"2526",103626,-22.457483291626,-45.9055595397949,0.0009741044414113,2.11761835089419e-05,1.69803606695496e-05,24451.7631275235,9.54425137772444,837
"2527",103627,-22.4493637084961,-45.8705139160156,0.0007724259230599,1.67918678926071e-05,1.70647981576622e-05,24040.7600867968,12.9317557615637,931
"2528",103628,-22.4412727355957,-45.8355140686035,0.0002834947299561,6.16292891209014e-06,1.27927778521553e-05,23512.9959095882,93.8668749240026,1041
"2529",103630,-22.4251728057861,-45.7656517028809,0.0009619817392376,2.09126465051668e-05,2.17658362089423e-05,24221.4516059264,37.3092439460378,1022
"2530",103631,-22.417163848877,-45.7307891845703,0.0008290060359286,1.80218703462742e-05,1.37759943754645e-05,25403.8286816253,12.4138019193633,1376
"2531",103634,-22.3932914733887,-45.6264381408691,0.0009427749864698,2.04951084015192e-05,1.6024967408157e-05,31419.5169283721,12.3784941462741,838
"2532",103636,-22.3775043487549,-45.5570602416992,0.0006282948670559,1.36585840664338e-05,1.6296275134664e-05,36773.0339344997,78.4297480421255,926
"2533",103639,-22.3540019989014,-45.4532356262207,0.0003865542657877,8.40335360408062e-06,1.37213264679303e-05,45869.1602035537,27.3314277686332,1372
"2534",103640,-22.3462142944336,-45.4186859130859,0.0006420712506951,1.39580706672859e-05,1.3090234460833e-05,49078.4985396602,70.3302026561858,1153
"2535",103643,-22.3229846954346,-45.3151931762695,0.0004674237952713,1.01613868537243e-05,1.2741629689117e-05,52668.5286166045,58.1301007815482,1081
"2536",103644,-22.3152866363525,-45.2807388305664,0.0006658983293164,1.44760506373132e-05,1.64235352713149e-05,52050.6690143632,26.8029070368702,1007
"2537",103645,-22.3076076507568,-45.2463073730469,0.0018078939247061,3.9302041841438e-05,2.82092751149321e-05,51686.0485065208,20.8379965917317,24
"2538",103646,-22.2999496459961,-45.2118911743164,0.0003071789360546,6.67780295771081e-06,1.69401409948478e-05,51579.0542436012,16.5462890000778,998
"2539",103647,-22.2923107147217,-45.1774940490723,0.0003825924504781,8.31722718430683e-06,1.5432306099683e-05,51731.1130571144,12.8266310757984,835
"2540",103648,-22.2846927642822,-45.1431121826172,0.0006865358154755,1.49246916407719e-05,1.90524569916306e-05,52139.2033774815,39.6907690489461,753
"2541",103649,-22.2770938873291,-45.1087417602539,8.44412693368213e-05,1.83567976819177e-06,1.37715323944576e-05,52797.1605868698,13.1867851435356,961
"2542",103650,-22.2695140838623,-45.0743827819824,0.0007676548593735,1.66881491168169e-05,1.34637912196922e-05,53695.463787179,9.22150332783374,787
"2543",103651,-22.2619533538818,-45.0400352478027,0.0003564708349586,7.74936597736087e-06,1.31533843159559e-05,54821.9702464837,9.0257985300848,717
"2544",103653,-22.2468872070312,-44.971363067627,0.0018639320842339,4.05202627007384e-05,1.55555935634766e-05,57702.682393845,44.7409455168657,820
"2545",103654,-22.2393798828125,-44.9370384216309,0.0006588768246729,1.43234092320199e-05,1.42635453812545e-05,59426.2134056789,62.2455013612769,702
"2546",103655,-22.2318897247314,-44.9027137756348,0.0001337417866125,2.90743014375039e-06,1.77115871338174e-05,61317.8630429005,21.0192227528128,880
"2547",103657,-22.2169609069824,-44.8340721130371,2.70896553047351e-05,5.88905550102936e-07,1.32126197058824e-05,61498.7659926218,10.6053207746977,879
"2548",103659,-22.2020950317383,-44.7654228210449,0.0009490014672337,2.06304666789947e-05,1.49994748426252e-05,55596.9496503594,8.31305319561303,1148
"2549",103661,-22.187292098999,-44.6967582702637,0.0001253644363714,2.72531383416208e-06,1.43537008625572e-05,50063.40949717,8.88267495781271,755
"2550",103663,-22.172550201416,-44.6280632019043,0.0005477922040881,1.190852617583e-05,1.32935228975839e-05,45032.9513938776,20.740667381196,1065
"2551",103668,-22.1359329223633,-44.4561042785645,0.0006962645347812,1.51361855387222e-05,1.63990043802187e-05,36019.4078817526,6.11290388969326,1445
"2552",103669,-22.1286468505859,-44.4216613769531,0.0002409682947472,5.23844119015848e-06,1.60840227181325e-05,35088.6312858703,5.88676930873507,1059
"2553",103672,-22.1068649291992,-44.3182029724121,0.0005148684758751,1.11927929538069e-05,1.54256958921906e-05,34540.3836862443,3.45317778441703,1395
"2554",103676,-22.0779781341553,-44.1798896789551,0.000270259651188,5.87520980843692e-06,1.80040133272996e-05,38964.5852371779,3.38255605883382,834
"2555",103677,-22.0707817077637,-44.1452369689941,0.000267698153948,5.81952508582617e-06,1.4389464922715e-05,40830.1172285787,3.55672113106254,918
"2556",103678,-22.0635967254639,-44.1105461120605,0.0015694324465584,3.41180966643151e-05,1.84232158062514e-05,42931.6108229367,1.817858395284,1069
"2557",103679,-22.0564193725586,-44.0758247375488,0.0003870671007462,8.41450219013495e-06,1.54634199134307e-05,45237.071720516,5.06498822172349,937
"2558",103685,-22.0135383605957,-43.8666305541992,6.32226863217511e-05,1.37440622438589e-06,1.49518655234715e-05,56741.1267705743,3.02028622208234,1131
"2559",103686,-22.0064182281494,-43.8316078186035,0.0005820896840305,1.26541235658806e-05,1.45110516314162e-05,53476.5553160165,3.50155050782648,1081
"2560",103687,-21.9993057250977,-43.7965316772461,0.0002795488126139,6.07714810030302e-06,1.31913329823874e-05,50271.654349847,4.37484844808653,1027
"2561",103688,-21.9922008514404,-43.7614097595215,0.0002514998823244,5.46738874618313e-06,1.87051518878434e-05,47140.3833137689,7.00741615160367,6
"2562",103691,-21.9709186553955,-43.6557121276855,0.0001952252614501,4.24402742282837e-06,1.19256274047075e-05,38375.3671342849,11.9992569813432,892
"2563",103692,-21.9638366699219,-43.6203651428223,3.21340306754792e-05,6.98565884249547e-07,1.41689133670297e-05,35754.7041923874,3.6123463404216,1175
"2564",103693,-21.9567604064941,-43.5849571228027,0.0001246719752998,2.71026033260569e-06,1.15412021841621e-05,33348.4220312637,5.20253643463843,776
"2565",103694,-21.9496879577637,-43.549488067627,6.72457401833526e-05,1.4618639170294e-06,1.28707906696945e-05,30201.6079924727,6.22414565906706,763
"2566",103695,-21.9426212310791,-43.5139541625977,0.0005656125285895,1.22959245345555e-05,1.37007127705147e-05,27086.1265645281,18.1085361567126,783
"2567",103696,-21.9355583190918,-43.4783515930176,0.0003588554045563,7.80120444687782e-06,1.47961945913266e-05,24153.736471428,4.85844705015824,771
"2568",103697,-21.9284992218018,-43.442684173584,0.0003874068152072,8.42188728711335e-06,1.31278284243308e-05,21483.3783489856,21.8610534255544,699
"2569",103698,-21.9214458465576,-43.4069480895996,0.000470230665087,1.02224057627609e-05,1.42320141094388e-05,19188.680392156,24.211280180996,944
"2570",103699,-21.9143924713135,-43.3711395263672,0.0009309269844379,2.0237543139956e-05,1.46633374242811e-05,17422.5108052021,24.2218403935828,792
"2571",103700,-21.9073448181152,-43.3352546691895,0.0012456060794647,2.7078393031843e-05,1.68072292581201e-05,16362.7523799792,62.6766555176115,1091
"2572",103701,-21.9002990722656,-43.2992973327637,0.0004889808533334,1.0630018550728e-05,1.55943143909099e-05,16153.9464882544,175.312981829056,827
"2573",103702,-21.8932571411133,-43.2632598876953,0.0006097475452406,1.32553814182756e-05,1.40308648042264e-05,16833.3340297182,5.34712626618902,1022
"2574",103703,-21.8862171173096,-43.2271461486816,0.0003413922613617,7.42157089916873e-06,1.20133108794107e-05,18303.8903395455,5.26083184351912,873
"2575",103705,-21.8721408843994,-43.1546669006348,6.06976027484052e-05,1.3195131032262e-06,1.05253702713526e-05,22955.6415752496,33.579717805827,935
"2576",103706,-21.8651065826416,-43.1183013916016,0.001238152024598,2.69163483608281e-05,1.45876720125671e-05,25841.3194860172,58.087632189231,1368
"2577",103707,-21.8580722808838,-43.081844329834,0.0002923259462477,6.35491187495063e-06,1.24779871839564e-05,28961.7293455809,38.4079583138482,822
"2578",103708,-21.851037979126,-43.0453033447266,0.0008352215554623,1.81569903361378e-05,1.20797803901951e-05,32251.3944929086,168.821173581604,874
"2579",103709,-21.8440055847168,-43.0086669921875,0.0009097062938963,1.97762237803545e-05,1.45537705975585e-05,35667.4857610546,232.323514475623,984
"2580",103710,-21.8369731903076,-42.9719352722168,0.0003526669534039,7.66667290008627e-06,1.11249246401712e-05,39179.7655918222,60.10728421076,956
"2581",103711,-21.8299407958984,-42.9351119995117,0.0001589949756635,3.4564125144243e-06,1.03214961200138e-05,40980.3783582108,36.9570579993109,1111
"2582",103712,-21.8229064941406,-42.8981857299805,5.95723639662538e-06,1.29505139057073e-07,9.36986089072889e-06,37070.7529793771,3.17588747610059,1171
"2583",103715,-21.8018035888672,-42.7868041992188,0.000531628698809,1.15571456262842e-05,1.32100503833499e-05,25280.7174270492,24.340842417982,1154
"2584",103716,-21.7947654724121,-42.7494659423828,0.00045415844761,9.8730097306543e-06,1.08606136564049e-05,21329.235157302,4.22534669030575,29
"2585",103717,-21.787727355957,-42.7120170593262,0.0002646874136189,5.75407420910778e-06,1.23196787171764e-05,17366.5897217485,13.842590611791,1010
"2586",103718,-21.7806854248047,-42.6744575500488,0.0009541341678414,2.0742047126987e-05,1.62622618518071e-05,13392.7691747384,9.31690114454495,655
"2587",103719,-21.7736415863037,-42.6367835998535,0.0013408388367679,2.91486703645205e-05,2.32271795539418e-05,9407.6378254473,6.1560346025079,1071
"2588",103720,-21.7665939331055,-42.598991394043,0.0003929861650249,8.54317750054179e-06,1.08885842564632e-05,5411.58689611572,9.99656911326479,791
"2589",103721,-21.7595443725586,-42.5610809326172,0.0010351063647249,2.25023122766288e-05,1.37070537675754e-05,1414.88968840371,31.5833254909053,800
"2590",103722,-21.7524909973145,-42.5230484008789,0.0007910708081908,1.71971914824098e-05,1.14121021397295e-05,2635.57211516215,89.9461925181949,1088
"2591",104000,-22.7917728424072,-47.4976959228516,0.0035121508408337,7.6351105235517e-05,2.39363180298824e-05,13818.701931599,25.4514385242752,1050
"2592",104001,-22.7819042205811,-47.4586601257324,0.002428975130897,5.28038071934134e-05,2.06489385163877e-05,9662.13394849301,238.319596659619,997
"2593",104002,-22.7720909118652,-47.4197692871094,0.0029746271757176,6.46658081677742e-05,2.50002321990905e-05,5579.09725061652,1429.63152466306,1127
"2594",104003,-22.7623329162598,-47.3810157775879,0.0025568377968738,5.55834303668234e-05,2.24071718548657e-05,1964.2539414833,2478.78822318289,1025
"2595",104004,-22.7526264190674,-47.342399597168,0.003517487202771,7.64671131037176e-05,2.76949904218782e-05,3342.30802189209,3183.23555520435,1028
"2596",104005,-22.7429733276367,-47.3039169311523,0.0051781982474494,0.0001125695271184,3.64660772902425e-05,3696.79934208837,2467.86686938461,1079
"2597",104006,-22.7333717346191,-47.2655639648438,0.0020553165013552,4.46807935077231e-05,2.03689050977118e-05,5010.34449061854,520.739412038736,870
"2598",104007,-22.7238216400146,-47.2273406982422,0.0011713413186953,2.54639417107683e-05,1.67565249284962e-05,8292.24358292746,680.737878389549,807
"2599",104008,-22.7143211364746,-47.1892433166504,0.0016045000156736,3.48804351233412e-05,1.84941964107566e-05,6636.33915960897,1594.49917871257,996
"2600",104009,-22.704870223999,-47.1512718200684,0.0027194952563149,5.9119462093804e-05,2.41388916037977e-05,3565.30555536041,79.7261490712518,1197
"2601",104010,-22.6954689025879,-47.1134185791016,0.00231190132763,5.02587245136965e-05,2.27855707635172e-05,2402.20982281396,48.1616757313191,1166
"2602",104011,-22.6861152648926,-47.07568359375,0.0016585619741817,3.60556950909086e-05,1.86938468687003e-05,5630.87957054207,29.0997271039385,1345
"2603",104012,-22.6768074035645,-47.0380668640137,0.0019506200187606,4.24047830165364e-05,2.06778204301372e-05,6973.574627526,393.980058163669,1105
"2604",104013,-22.6675491333008,-47.0005645751953,0.000573747769522,1.24727775983047e-05,1.63588101713685e-05,4570.61943915101,297.528113839516,138
"2605",104014,-22.6583347320557,-46.9631690979004,0.0014239170122891,3.09547176584601e-05,1.87176574399928e-05,5045.86131139694,688.766274322844,948
"2606",104015,-22.6491661071777,-46.9258880615234,0.0014425124463741,3.13589662255254e-05,1.92265488294652e-05,7876.70858936595,47.7827181989317,834
"2607",104016,-22.6400413513184,-46.8887100219727,0.0020259777229512,4.40429939772002e-05,2.18991244764766e-05,11417.2666929451,22.6660924178052,851
"2608",104017,-22.6309623718262,-46.8516387939453,0.0007085951656335,1.54042427311651e-05,1.68935948750004e-05,12157.4232449252,11.2705603747154,760
"2609",104018,-22.6219253540039,-46.8146667480469,0.0014044978961464,3.05325629597064e-05,1.79736944119213e-05,11049.0111031247,13.0938824812175,655
"2610",104019,-22.6129302978516,-46.7777976989746,0.0013022826678934,2.83104927802924e-05,1.68845726875588e-05,11300.2258671052,10.654353235415,692
"2611",104020,-22.6039791107178,-46.741024017334,0.0004552425634756,9.89657746686134e-06,1.59101709868992e-05,12820.8303952753,263.127997384649,1083
"2612",104021,-22.5950679779053,-46.704345703125,0.0002993431626237,6.50746005703695e-06,1.55335055751493e-05,15227.3478542506,390.026862581184,808
"2613",104022,-22.5861968994141,-46.6677627563477,6.0575068118851e-05,1.31684930693154e-06,1.51430240293848e-05,18164.197871019,81.9700512457388,958
"2614",104023,-22.5773677825928,-46.6312713623047,0.0010106629888468,2.19709345401498e-05,1.71481879078783e-05,21408.5355950345,42.9001105623822,1021
"2615",104024,-22.5685768127441,-46.5948677062988,0.0013344285252969,2.90093157673255e-05,1.69333434314467e-05,24835.8515197439,52.200328850583,1035
"2616",104025,-22.5598239898682,-46.5585517883301,0.0007456287275999,1.62093201652169e-05,1.63664408319164e-05,28375.8589187606,70.3475661140135,805
"2617",104026,-22.5511112213135,-46.5223197937012,0.0012725011729344,2.76630689768353e-05,1.67843500094023e-05,31987.7725581903,177.407838998864,879
"2618",104027,-22.5424346923828,-46.4861717224121,0.0007128018514777,1.54956924234284e-05,1.69080267369282e-05,35646.8541856544,25.8819331443531,1469
"2619",104028,-22.5337944030762,-46.4501037597656,0.0016716100217308,3.63393482984975e-05,1.87335899681784e-05,39337.4987681494,16.5305962705719,1183
"2620",104029,-22.5251922607422,-46.4141159057617,0.0008390930452151,1.82411531568505e-05,2.23556126002222e-05,42319.9074742976,12.0239268108286,1095
"2621",104030,-22.5166263580322,-46.3782043457031,0.000241180595367,5.24305642102263e-06,2.66380975517677e-05,39987.2492289936,11.0237514329783,1035
"2622",104031,-22.5080947875977,-46.3423652648926,0.0003934345713787,8.55292546475539e-06,2.47800926445052e-05,37904.5089528492,12.6961132884,1363
"2623",104032,-22.4995994567871,-46.3066024780273,0.0009500698943156,2.06536933546886e-05,1.66595455084462e-05,36112.4163872462,16.2734092063979,1127
"2624",104033,-22.4911365509033,-46.2709083557129,0.0008487761624564,1.84516557055758e-05,1.9320863430039e-05,34653.1303602418,18.0814921027319,1025
"2625",104035,-22.4743137359619,-46.1997299194336,0.0003675093794299,7.98933433543425e-06,1.5050661204441e-05,32889.1404611405,18.191583494773,1132
"2626",104036,-22.4659519195557,-46.1642379760742,0.0001857012703112,4.03698413720122e-06,1.61321931955172e-05,32641.3082059985,180.801752659269,8
"2627",104037,-22.4576206207275,-46.1288108825684,0.0009619655065762,2.09122936212225e-05,2.15026884688996e-05,30402.9782760767,47.9710974209244,978
"2628",104038,-22.4493217468262,-46.0934410095215,0.0010872910243051,2.36367613979382e-05,1.90199607459363e-05,27526.866144949,25.9649778722649,783
"2629",104039,-22.4410552978516,-46.0581359863281,0.0011872520044562,2.58098261838313e-05,2.64563477685442e-05,24900.9053395699,31.4852849682668,952
"2630",104040,-22.4328174591064,-46.0228881835938,0.0010083258202939,2.19201265281299e-05,1.99515743588563e-05,22608.0396263632,31.2050702545288,1093
"2631",104041,-22.4246120452881,-45.9876937866211,0.0011512178389239,2.50264747592155e-05,1.95463326235767e-05,20755.7196443943,46.5493508836996,814
"2632",104042,-22.4164352416992,-45.9525527954102,0.0014215910559869,3.09041533910204e-05,2.12547038245248e-05,19466.0429698122,41.5390163119019,833
"2633",104043,-22.4082870483398,-45.9174690246582,0.0011238298247917,2.44310831476469e-05,1.38987870741403e-05,18851.0771378299,35.5267544954725,671
"2634",104044,-22.4001693725586,-45.8824310302734,0.0014611174192396,3.17634221573826e-05,1.42896269608173e-05,18578.8934595819,35.8891029615674,960
"2635",104045,-22.3920783996582,-45.8474464416504,0.0015684352256357,3.40964179486036e-05,1.97802128241165e-05,17914.3263401914,45.4042964705879,861
"2636",104046,-22.3840141296387,-45.8125038146973,0.0008916813458199,1.93843770830426e-05,1.52385719047743e-05,18018.6907078156,166.839551945758,990
"2637",104047,-22.3759784698486,-45.7776107788086,0.0003091456192123,6.7205569393991e-06,1.16573355626315e-05,18876.0589660889,162.914767066261,988
"2638",104050,-22.3520317077637,-45.6731796264648,0.0006671751034446,1.45038065966219e-05,1.31642755150096e-05,24847.3857559674,10.9659165364022,1103
"2639",104051,-22.3441009521484,-45.6384468078613,0.0006478945506387,1.40846641443204e-05,1.26700051623629e-05,27558.604297661,14.5516701793017,797
"2640",104052,-22.3361949920654,-45.6037559509277,0.000490768077725,1.0668871254893e-05,1.18194257083815e-05,30477.8107610106,20.1575110775988,840
"2641",104053,-22.3283138275146,-45.5690956115723,0.0008322263784066,1.80918777914485e-05,1.22041710710619e-05,33550.2680469285,37.3763617133293,1378
"2642",104054,-22.3204574584961,-45.5344696044922,0.0011327454049023,2.46249001065735e-05,1.52903048729058e-05,36736.0376214618,88.0267818552686,982
"2643",104055,-22.3126258850098,-45.4998741149902,0.0011716011249518,2.54695896728663e-05,1.56684218381997e-05,40007.3062908374,88.2952166629299,1475
"2644",104059,-22.2815227508545,-45.3617782592773,0.0002181758600272,4.74295347885345e-06,1.19846754387254e-05,53615.5756428133,73.9935955585249,1140
"2645",104060,-22.2738037109375,-45.3273162841797,0.0006212177613633,1.35047339426819e-05,1.47233804455027e-05,57099.342794521,29.5473085365207,1232
"2646",104061,-22.2661037445068,-45.2928733825684,0.0008025690549402,1.74471533682663e-05,1.76971352630062e-05,57608.0460592091,33.2771336728428,948
"2647",104062,-22.2584266662598,-45.2584533691406,0.0007023921134532,1.52693937707227e-05,1.60741928993957e-05,57281.88620882,69.9612391812795,1176
"2648",104063,-22.250768661499,-45.2240524291992,8.7732096289983e-05,1.90721948456485e-06,1.46869761010748e-05,57188.3940841879,9.04249110227871,1086
"2649",104065,-22.2355155944824,-45.1552963256836,0.0013818709048791,3.00406718451995e-05,2.00506328837946e-05,57698.5276428693,27.8712613529393,972
"2650",104066,-22.2279186248779,-45.1209411621094,4.1728257883733e-05,9.07136040950718e-07,2.12417799048126e-05,58295.480735022,19.5016840675901,996
"2651",104070,-22.1977138519287,-44.9836120605469,0.0006917979171703,1.50390851558768e-05,1.31158349176985e-05,62776.522462385,98.9587144074081,10
"2652",104074,-22.1677913665771,-44.8463706970215,0.0004699984710896,1.02173580671661e-05,1.42054559546523e-05,64818.3454776966,7.29551404977142,845
"2653",104075,-22.1603527069092,-44.8120574951172,4.51262339993264e-05,9.81005086941877e-07,2.16677217395045e-05,61988.9186673289,8.37179878965502,707
"2654",104076,-22.1529293060303,-44.7777481079102,0.0005594564590865,1.21620969366631e-05,1.22860737974406e-05,59249.3413916525,4.94469137132112,798
"2655",104077,-22.1455230712891,-44.7434310913086,0.0005698156164726,1.23872960102744e-05,1.14043641588069e-05,56611.3913845691,4.08484741781746,1107
"2656",104078,-22.1381301879883,-44.7091064453125,0.0002681309133549,5.82893289902131e-06,1.10151877379394e-05,54090.2506368495,6.07761067200282,778
"2657",104080,-22.1233882904053,-44.6404342651367,4.30232126973351e-05,9.35287232550763e-07,2.23854276555358e-05,49469.1664308839,8.60121146762155,812
"2658",104082,-22.1087036132812,-44.571720123291,0.0006346616683003,1.3796992789139e-05,1.59168430400314e-05,45550.1399321466,7.19683864789852,682
"2659",104083,-22.1013832092285,-44.5373420715332,0.0006954790915187,1.51191106851911e-05,2.0786234017578e-05,43914.0615872801,5.05446142579065,1058
"2660",104086,-22.0794944763184,-44.4341087341309,0.0002145385305993,4.66388109998661e-06,1.27456687550875e-05,40607.5351625801,3.16866080200259,727
"2661",104088,-22.0649642944336,-44.3651847839355,0.0003822734033747,8.31029137771111e-06,1.35259997477988e-05,39949.2122886528,4.28859443160954,967
"2662",104089,-22.0577163696289,-44.3306846618652,0.0011330189336149,2.46308463829337e-05,1.47003747770214e-05,40118.9381167105,4.02876119413714,955
"2663",104090,-22.050479888916,-44.2961616516113,2.56440907833166e-05,5.57480234419927e-07,1.40305564855225e-05,40619.258976768,3.13668295268847,896
"2664",104091,-22.0432548522949,-44.2616119384766,0.0005542657308978,1.20492550195195e-05,1.16264855023474e-05,41438.7624726899,2.39849377457165,1114
"2665",104092,-22.036039352417,-44.2270317077637,0.0003552127618604,7.72201656218385e-06,9.31246722757351e-06,42559.9042271249,1.89017570603954,848
"2666",104096,-22.0072803497314,-44.0883903503418,0.0001358287086077,2.95279801321158e-06,1.35984519147314e-05,49583.9383496153,2.29159153798703,1180
"2667",104097,-22.000114440918,-44.0536422729492,0.0006066937548894,1.31889946715091e-05,1.84719592652982e-05,51849.6990646965,3.08315306642797,850
"2668",104098,-21.9929580688477,-44.0188522338867,0.0005160045111551,1.12174893729389e-05,1.32948416649015e-05,54273.4665984042,7.91852203348612,1268
"2669",104103,-21.9572925567627,-43.8442611694336,7.31707348222699e-05,1.59066814831021e-06,1.09425373011618e-05,51053.5064589689,3.46763279319258,1228
"2670",104107,-21.9288883209229,-43.7037048339844,0.0001803570639822,3.92080573874409e-06,1.32194081743364e-05,37921.3902159506,23.5325549298414,1261
"2671",104108,-21.921802520752,-43.6684303283691,0.0001398180838805,3.03952356262016e-06,1.30731541503337e-05,34855.7631313437,9.71927698760101,1201
"2672",104110,-21.9076461791992,-43.5977020263672,0.0003742907829291,8.13675615063403e-06,1.17842273539281e-05,29193.8008889067,6.5627348886925,890
"2673",104111,-21.900577545166,-43.5622444152832,0.0005219340764597,1.13463929665159e-05,1.18261814350262e-05,26702.2044838361,7.29807976431077,845
"2674",104112,-21.8935108184814,-43.5267219543457,0.0001427446486559,3.10314453599858e-06,1.19521137094125e-05,24320.6240097029,14.8285255001142,106
"2675",104113,-21.8864498138428,-43.4911346435547,0.0003789144138863,8.23726986709516e-06,1.32058858071105e-05,20978.0075666446,11.1267583841538,882
"2676",104114,-21.87939453125,-43.4554786682129,0.0007831536204321,1.70250787050463e-05,1.40456468216144e-05,17804.4471978272,4.34873700310701,1012
"2677",104115,-21.8723411560059,-43.4197540283203,0.0009180017696053,1.99565602088114e-05,1.44495934364386e-05,14913.1451330599,9.01875294026106,1068
"2678",104116,-21.865291595459,-43.3839569091797,0.0002671018337423,5.80656160309445e-06,1.24274847621564e-05,12507.8486631439,13.1579980310553,772
"2679",104117,-21.8582458496094,-43.348087310791,0.0017320224651484,3.76526622858364e-05,1.99713704205351e-05,10922.317525648,77.4688608568772,641
"2680",104118,-21.8512020111084,-43.312141418457,0.001569662381371,3.4123095247196e-05,1.6722140571801e-05,10541.2555302118,375.023712449677,852
"2681",104119,-21.8441600799561,-43.2761154174805,0.000687210516844,1.49393590618274e-05,1.24188936752034e-05,11493.0148459095,66.0852310064529,671
"2682",104120,-21.837121963501,-43.2400131225586,4.27263103119913e-05,9.28832832869375e-07,1.23889531096211e-05,13495.4312310269,14.9665472088252,1024
"2683",104121,-21.8300857543945,-43.2038307189941,0.0001000880592982,2.17582737604971e-06,1.20560216601007e-05,16176.5154904826,8.48147032594105,824
"2684",104122,-21.8230514526367,-43.1675605773926,0.0009858145494945,2.14307510759681e-05,1.30603066281765e-05,19260.3977418015,6.78161192641108,1156
"2685",104123,-21.8160190582275,-43.1312065124512,0.0005927553793299,1.28859865071718e-05,1.13405367301311e-05,22586.8052200028,9.77616890285112,870
"2686",104124,-21.8089866638184,-43.0947647094727,0.0004245770578563,9.22993604035582e-06,1.317604619544e-05,26067.1455341927,8.68484516898241,848
"2687",104125,-21.8019542694092,-43.058235168457,0.0006941443316463,1.50900941662258e-05,1.23787467600778e-05,29650.7385019018,6.13586563342083,997
"2688",104126,-21.7949237823486,-43.021614074707,0.0003062640707867,6.65791458231979e-06,1.06785137177212e-05,33307.7948935381,9.77930091274572,1098
"2689",104127,-21.7878952026367,-42.9848976135254,0.0002301452304891,5.00315718454658e-06,1.00378683782765e-05,37019.8526506963,5.39317123892711,1524
"2690",104128,-21.7808647155762,-42.9480819702148,0.0004019837033411,8.73877615958918e-06,9.5286877694889e-06,40775.0232391882,20.303287848447,1177
"2691",104129,-21.7738342285156,-42.9111709594727,0.0001629964626772,3.54340136254905e-06,8.31831948744366e-06,37701.387859296,15.3470327065408,1097
"2692",104131,-21.7597694396973,-42.8370475769043,0.0001130316090893,2.4572088932473e-06,1.2652511941269e-05,29958.8687207218,35.5837445039171,65
"2693",104132,-21.7527370452881,-42.7998275756836,0.0008226153040595,1.78829413925996e-05,1.26573722809553e-05,26094.5311698656,48.8691402254308,850
"2694",104133,-21.7457008361816,-42.7625007629395,0.0009739983433973,2.11738770303782e-05,1.1625406841631e-05,22245.5025189474,4.64089341999102,920
"2695",104134,-21.7386646270752,-42.7250671386719,0.000811595837149,1.76433877641102e-05,1.17103163574939e-05,18428.379474837,8.73351338357544,890
"2696",104135,-21.7316265106201,-42.6875190734863,0.0001971798956219,4.28651947004255e-06,1.06110501292278e-05,14676.1486632476,38.6146330325536,950
"2697",104138,-21.7104930877686,-42.5741844177246,0.0002725033145907,5.9239850997983e-06,1.0363263754698e-05,5637.83816218862,11.4554889533043,771
"2698",104418,-22.7326965332031,-47.4699745178223,0.0026591792047838,5.7808243582258e-05,2.32876573136309e-05,11683.4840471722,272.26497485183,783
"2699",104419,-22.7228813171387,-47.4310989379883,0.0028566204127855,6.21004437562078e-05,2.45569681283087e-05,8760.93686989721,438.035637096347,784
"2700",104420,-22.7131233215332,-47.3923606872559,0.0021818149543833,4.74307598778978e-05,2.1521500457311e-05,5540.65998927229,2143.23216193296,1123
"2701",104421,-22.7034168243408,-47.3537559509277,0.0027088765855296,5.88886214245576e-05,2.03674790100195e-05,1454.82678725478,2070.31009478372,838
"2702",104422,-22.6937637329102,-47.3152885437012,0.0031563586817355,6.86164930812083e-05,2.26600550377043e-05,2802.80648375543,1198.47533823515,728
"2703",104423,-22.6841621398926,-47.2769508361816,0.001975152423256,4.29380961577408e-05,1.93375253729755e-05,6895.54095423116,388.67256573085,877
"2704",104424,-22.6746120452881,-47.2387428283691,0.0014098104948061,3.06480542349163e-05,1.81555951712653e-05,10992.5925819599,116.363847155723,744
"2705",104425,-22.665111541748,-47.2006607055664,0.0016027473902795,3.48423345712945e-05,1.86708548426395e-05,10193.214228596,1845.89692432422,841
"2706",104426,-22.6556606292725,-47.1627006530762,0.0007924845558591,1.72279251273721e-05,1.67592788784532e-05,8119.66959245706,1421.63665880453,883
"2707",104427,-22.6462593078613,-47.1248626708984,0.0017836379774962,3.87747386412229e-05,1.90806331374915e-05,7817.04550987043,62.6674035625615,1123
"2708",104428,-22.6369037628174,-47.0871429443359,0.0014529572436003,3.15860270347912e-05,1.69836857821792e-05,9439.83283446657,185.485778756658,1147
"2709",104429,-22.6275978088379,-47.0495414733887,0.001299715564528,2.82546861853916e-05,1.73567896126769e-05,11215.3168185416,266.107006739168,1088
"2710",104430,-22.6183376312256,-47.0120506286621,0.0014190545771271,3.08490125462413e-05,1.73468488355866e-05,10002.371993851,59.2546005457527,1055
"2711",104431,-22.6091251373291,-46.9746742248535,0.0019617899306467,4.26476071879733e-05,2.1120511519257e-05,10323.1946375856,78.4328269780029,1187
"2712",104432,-22.5999565124512,-46.9374046325684,0.0005489223822223,1.19330952657037e-05,1.61158623086521e-05,12043.8085961821,410.764419086034,1195
"2713",104433,-22.5908317565918,-46.9002380371094,0.0006275756513787,1.36429489430157e-05,1.63120184879517e-05,14670.4393577504,404.51247862653,944
"2714",104434,-22.5817527770996,-46.8631820678711,0.0017279348467127,3.75638010154944e-05,1.99849146156339e-05,17308.2792675529,11.1547075828984,957
"2715",104435,-22.5727157592773,-46.8262252807617,0.0005415586529124,1.177301419375e-05,1.69901904882863e-05,16603.3030467687,10.5450652170091,1048
"2716",104436,-22.563720703125,-46.7893676757812,0.0012426065513864,2.70131858997047e-05,1.69084869412472e-05,16824.0556096289,11.906596865507,800
"2717",104437,-22.5547695159912,-46.7526092529297,0.0007774666664772,1.69014492712449e-05,1.59895371325547e-05,17928.8178852808,16.207032369413,1055
"2718",104438,-22.5458583831787,-46.7159461975098,0.000628651901934,1.36663456942188e-05,1.64237007993506e-05,19763.7798128677,28.1992500415883,429
"2719",104440,-22.5281581878662,-46.6428985595703,0.0006258704270294,1.36058788484661e-05,1.6382629837608e-05,24904.885700059,308.61999236181,999
"2720",104441,-22.5193672180176,-46.6065063476562,0.0010557052773947,2.29501147259725e-05,1.62046835612273e-05,27933.5110172131,91.1090340774406,786
"2721",104442,-22.5106163024902,-46.5702056884766,0.0006587057960132,1.43196912176791e-05,1.60610397870187e-05,31146.6796479292,123.917439832614,793
"2722",104446,-22.4759864807129,-46.4258232116699,0.0014855895788059,3.22954256262165e-05,1.9158114810125e-05,44984.4194122559,13.96374574548,860
"2723",104449,-22.4503936767578,-46.3183517456055,0.0001220717581418,2.65373387264844e-06,1.56428377522388e-05,41184.0292945108,58.4119885239551,748
"2724",104450,-22.441930770874,-46.2826690673828,0.0004764681907545,1.03580041468376e-05,2.13119201362133e-05,39927.0003383639,17.122389607193,1147
"2725",104455,-22.4001197814941,-46.1052703857422,0.0009276750133722,2.01668481167872e-05,2.45189639827004e-05,23937.2064475187,28.2483504905833,656
"2726",104456,-22.3918533325195,-46.0699768066406,0.0003653912681329,7.94328843767289e-06,1.61618190759327e-05,20890.2804051467,31.0001228052463,899
"2727",104457,-22.383617401123,-46.034740447998,0.0023731920082354,5.1591130613815e-05,2.34184608416399e-05,18125.3568690603,42.0375734900815,732
"2728",104458,-22.3754100799561,-45.9995574951172,0.0013876724078727,3.01667914754944e-05,2.0133027646807e-05,15786.2230847808,44.9861954313166,816
"2729",104459,-22.3672351837158,-45.9644317626953,0.0012210919994686,2.6545478249318e-05,1.40449501486728e-05,14082.1526005649,46.5767329474298,1098
"2730",104460,-22.3590869903564,-45.9293594360352,0.0018097508072969,3.93424088542815e-05,1.66406334756175e-05,13254.0817267996,41.2410110812233,853
"2731",104461,-22.3509693145752,-45.8943367004395,0.0006329467796604,1.37597126013134e-05,1.35690752358641e-05,13236.5621383849,29.7143896484279,973
"2732",104462,-22.3428783416748,-45.8593635559082,0.0008450992972939,1.83717238542158e-05,1.36017160912161e-05,12321.4574578924,15.6779586965355,930
"2733",104463,-22.3348159790039,-45.8244361877441,0.0001742899603414,3.78891218133504e-06,1.38635350594996e-05,12505.7594408157,18.7950434067544,1184
"2734",104464,-22.3267822265625,-45.7895545959473,0.0008347861185029,1.81475243152818e-05,1.41867321872269e-05,13740.9374293385,132.794704281585,1187
"2735",104465,-22.3187732696533,-45.7547149658203,0.0008905957656679,1.9360777514521e-05,1.53517594299046e-05,15778.4058127897,22.1208368792819,1101
"2736",104466,-22.3107929229736,-45.7199172973633,0.0010740770521806,2.33495011343621e-05,1.44239893415943e-05,18350.1065906574,43.1189155342807,1150
"2737",104467,-22.3028373718262,-45.6851615905762,0.001684451730398,3.66185158782173e-05,1.55835041368846e-05,21260.3046214496,127.153607389004,1211
"2738",104469,-22.2870025634766,-45.6157608032227,0.0008562016009818,1.86130782822147e-05,1.27242046801257e-05,27653.5585973308,16.4854704672516,1449
"2739",104470,-22.2791213989258,-45.5811157226562,0.0016500732963322,3.58711586159188e-05,1.70965795405209e-05,31015.5872947007,18.5685111346084,888
"2740",104471,-22.2712650299072,-45.546501159668,0.0006979932295507,1.51737658597995e-05,1.43256829687743e-05,34444.0052944562,22.9539323247913,907
"2741",104472,-22.2634334564209,-45.5119171142578,0.00125170872343,2.72110592050012e-05,1.66519712365698e-05,37919.720393145,42.0899016306442,855
"2742",104473,-22.2556247711182,-45.477367401123,0.0009402993382536,2.04412899620365e-05,1.54430454131216e-05,41429.4268183071,130.936044042714,808
"2743",104474,-22.247838973999,-45.4428405761719,0.000740863939427,1.6105737813632e-05,1.49175393744372e-05,44965.3532560923,30.7946730251095,1041
"2744",104476,-22.2323341369629,-45.3738708496094,0.0011473169797682,2.49416734732222e-05,1.75755358213792e-05,52090.4267321685,15.449822177822,38
"2745",104477,-22.2246150970459,-45.3394241333008,0.0006302884303295,1.3701922398468e-05,1.64969042089069e-05,55671.8101081426,15.0759734054566,1132
"2746",104478,-22.2169189453125,-45.3049964904785,8.96312104714525e-06,1.94850457546636e-07,1.21857146950788e-05,59262.6008309058,33.6598480279439,793
"2747",104479,-22.2092418670654,-45.2705879211426,0.0009010718567878,1.95885186258238e-05,1.74991873791441e-05,62860.7636020454,162.646037615193,805
"2748",104480,-22.2015857696533,-45.236198425293,7.57977798002685e-05,1.64777782174497e-06,1.73585813172394e-05,62797.5837380741,41.2332871502636,661
"2749",104481,-22.1939487457275,-45.2018241882324,0.0003591724016587,7.80809568823315e-06,1.36460357680335e-05,62927.2133393935,7.87866941545543,887
"2750",104482,-22.1863327026367,-45.1674652099609,0.0005981314443488,1.30028574858443e-05,1.40143774842727e-05,63267.1597865675,14.0777206720735,839
"2751",104483,-22.1787357330322,-45.1331214904785,0.0007920696189103,1.721890475892e-05,1.79357830347726e-05,63813.9156378142,31.5944914419098,1139
"2752",104484,-22.1711578369141,-45.0987892150879,0.0018222641811007,3.96144387195818e-05,2.01332932192599e-05,64561.882272498,125.862925988549,662
"2753",104486,-22.1560592651367,-45.0301513671875,0.0010504017154744,2.28348199016182e-05,1.34905485538184e-05,66631.5306653038,153.031941076846,850
"2754",104490,-22.1260738372803,-44.8929481506348,0.0004580180138873,9.95691334537696e-06,1.23026093206136e-05,71194.8910487032,9.42672894417581,806
"2755",104492,-22.1111812591553,-44.8243522644043,0.0001404559166076,3.05338949146972e-06,1.17899517135811e-05,65763.5225241459,6.52714007667967,1058
"2756",104493,-22.103759765625,-44.7900543212891,0.000401906807383,8.73710450832732e-06,1.26088243632694e-05,63188.1889931971,5.20367556245905,1058
"2757",104494,-22.0963535308838,-44.7557487487793,0.0002038326092588,4.43114367953967e-06,1.19079186333693e-05,60721.7827399388,4.74985665467925,1252
"2758",104496,-22.0815849304199,-44.6871185302734,0.0006738038864568,1.46479105751496e-05,1.50553205457982e-05,56173.2808301502,3.60173898563096,965
"2759",104497,-22.0742225646973,-44.6527900695801,0.0002921211971624,6.35046080788015e-06,1.54586759890663e-05,54123.3223021757,5.68908364913474,1296
"2760",104499,-22.0595417022705,-44.5841026306152,0.0003116881644018,6.77582966090995e-06,1.8415754311718e-05,50563.3409216261,6.9540086645138,1494
"2761",104502,-22.037618637085,-44.48095703125,0.0010773607355076,2.34208855545148e-05,3.02828557323664e-05,46867.9018299594,31.0950780007183,1423
"2762",104503,-22.0303363800049,-44.4465370178223,0.0010656702070264,2.3166743631009e-05,1.51891044879449e-05,46148.9942126351,26.5405554963374,1048
"2763",104504,-22.0230674743652,-44.4120979309082,0.0004324848323449,9.40184418141143e-06,1.10524670162704e-05,45710.8891989632,13.6189563735963,808
"2764",104506,-22.0085639953613,-44.3431549072266,0.0003316640022603,7.21008700566017e-06,1.2591344784596e-05,45706.2786976154,5.55718976267084,781
"2765",104509,-21.9868907928467,-44.2395362854004,9.39536664645857e-06,2.04247101009969e-07,7.27499536878895e-06,47846.7011367,2.33197210476234,796
"2766",104511,-21.9724941253662,-44.1703109741211,0.0003670693404274,7.979768270161e-06,1.04730379462126e-05,50570.8471208064,51.7642776805594,938
"2767",104515,-21.9438171386719,-44.0314331054688,0.000968740801909,2.10595826501958e-05,1.38141394927516e-05,58475.1541622561,4.44531820982297,1131
"2768",104516,-21.9366703033447,-43.9966125488281,9.05503836179378e-06,1.96848660038995e-07,1.76990542968269e-05,60854.0660838578,4.23400284338322,766
"2769",104517,-21.9295310974121,-43.9617538452148,0.000495406518894,1.07697069324786e-05,1.13503620013944e-05,59845.7592185617,4.47715610820216,793
"2770",104518,-21.922399520874,-43.9268493652344,0.0006039590534783,1.3129544640833e-05,1.9441426047706e-05,56266.5434130978,4.35610960493082,798
"2771",104519,-21.9152755737305,-43.8918991088867,0.0005135296578373,1.11636882138555e-05,1.47463006214821e-05,52701.2072847767,3.66143129780654,1171
"2772",104522,-21.893949508667,-43.7867546081543,0.0001786903922038,3.88457374356221e-06,1.36006883622031e-05,42133.8042856263,7.35509314491195,836
"2773",104523,-21.8868522644043,-43.7516021728516,3.57516817928172e-06,7.77210473756895e-08,1.31395236167009e-05,38677.5505079058,25.5529987044299,803
"2774",104524,-21.8797626495361,-43.7163963317871,0.0008866764983395,1.92755760508589e-05,1.77653564605862e-05,35273.4542238604,2.52721058914582,807
"2775",104525,-21.8726787567139,-43.6811332702637,0.0002327923884877,5.06070409755921e-06,1.12122370410361e-05,31939.5967103114,3.18873569305341,1132
"2776",104526,-21.8656005859375,-43.645809173584,0.0006881771550979,1.49603729369119e-05,1.22097162602586e-05,28702.3990473453,6.31954241756339,814
"2777",104527,-21.858528137207,-43.6104278564453,0.0005205152665439,1.13155492726946e-05,1.22738365462283e-05,25601.4800932494,7.10422926710551,713
"2778",104528,-21.8514595031738,-43.5749816894531,0.000806147520052,1.75249460880877e-05,1.44715522765182e-05,22694.9559761289,11.9239903288687,895
"2779",104529,-21.8443965911865,-43.5394744873047,0.0007710273202974,1.67614634847268e-05,1.38656969284057e-05,20071.4949379862,16.5451336094852,732
"2780",104530,-21.8373374938965,-43.5038986206055,0.001308417526161,2.8443859264371e-05,1.8341443137615e-05,17859.6740198693,19.6132913947948,1176
"2781",104531,-21.8302822113037,-43.4682540893555,0.0009219389430654,2.00421509362059e-05,1.55415509652812e-05,15345.3553579468,3.69433216671655,1163
"2782",104532,-21.8232307434082,-43.4325408935547,0.0003505849472276,7.62141189625254e-06,1.49770385178272e-05,11817.0386546044,19.1144450839637,925
"2783",104533,-21.81618309021,-43.3967590332031,0.0007624670179211,1.65753699548077e-05,1.21165612654295e-05,8509.25598362537,102.706008821829,1285
"2784",104534,-21.809139251709,-43.3609008789062,0.0005717002786695,1.24282669275999e-05,1.29337813632446e-05,5824.80801488307,1820.3972171061,1281
"2785",104536,-21.7950592041016,-43.2889556884766,0.000127643336782,2.77485514743603e-06,1.04977980299736e-05,6616.09234522204,96.0879965796165,1427
"2786",104537,-21.7880229949951,-43.2528648376465,0.0009725162344693,2.11416572710732e-05,1.25181013572728e-05,9609.80208683045,81.9749010286848,899
"2787",104538,-21.7809886932373,-43.2166938781738,0.0009778108433238,2.12567574635614e-05,1.25578690131078e-05,13053.6083983128,6.06235436150681,812
"2788",104539,-21.7739562988281,-43.1804389953613,0.0009507654722256,2.06688146136003e-05,1.26158392959042e-05,16676.8436450597,3.87117922116178,1009
"2789",104540,-21.7669239044189,-43.1440963745117,0.0011076256960223,2.40788194787456e-05,1.34681904455647e-05,20389.2332247191,4.79295392513353,788
"2790",104541,-21.759895324707,-43.1076698303223,0.0001367848144582,2.97358292300487e-06,1.24101079563843e-05,24153.5630865071,10.0871141082437,1091
"2791",104542,-21.7528667449951,-43.0711517333984,0.0017621511215111,3.83076330763288e-05,1.61698098963825e-05,27953.1529214194,174.384845200937,766
"2792",104543,-21.7458381652832,-43.0345420837402,0.0003930539824068,8.54465179145336e-06,1.13274181785528e-05,31778.7532473808,46.5868793650144,2
"2793",104544,-21.7388095855713,-42.9978370666504,0.000699312384313,1.52024431372411e-05,1.2054294529662e-05,35625.4174099291,34.8105101232785,814
"2794",104545,-21.7317810058594,-42.9610366821289,0.0006578198190254,1.43004308483796e-05,1.09544462247868e-05,39489.8519673078,6.14128821279187,781
"2795",104546,-21.7247524261475,-42.9241409301758,0.0004943089315929,1.07458463389776e-05,9.75810326053761e-06,39134.9435819283,11.1949391400097,1129
"2796",104548,-21.7106952667236,-42.850040435791,0.0002771704976112,6.02544560024398e-06,9.64310856943484e-06,31688.8427053432,3.83547503108084,908
"2797",104550,-21.6966304779053,-42.775520324707,0.000241847577854,5.25755604030564e-06,1.01075265774853e-05,24450.8269814171,33.5376002800398,794
"2798",104552,-21.682559967041,-42.7005653381348,0.0006167220253701,1.34070005515241e-05,1.09128677650006e-05,17734.0918464306,4.0698313527266,809
"2799",104553,-21.6755218505859,-42.662914276123,0.0003561105786502,7.7415343184839e-06,1.40857282531215e-05,14818.3426886124,2.94487823128984,1069
"2800",104554,-21.6684799194336,-42.6251525878906,0.0003311219024908,7.19830222806195e-06,1.32505610963563e-05,12499.1593590925,6.37950236244597,856
"2801",104555,-21.661434173584,-42.5872688293457,0.000158751820436,3.4511265312176e-06,1.04866176116047e-05,11166.7926262627,14.5073401948786,628
"2802",104835,-22.6834983825684,-47.4812545776367,0.0027611986370175,6.00260573264677e-05,2.38277298194589e-05,14492.1285548654,15.0858874376703,887
"2803",104836,-22.6736850738525,-47.4423942565918,0.0023323993300437,5.07043332618196e-05,2.12786526390119e-05,10685.7970808496,14.0428900733415,699
"2804",104837,-22.6639251708984,-47.4036712646484,0.0038157528178999,8.29511482152157e-05,2.9630593417096e-05,7305.60375723042,24.6650719328135,1199
"2805",104838,-22.6542186737061,-47.3650817871094,0.0027960771039943,6.07842848694418e-05,2.22945491259452e-05,5214.8512624614,33.7319492472109,878
"2806",104839,-22.6445655822754,-47.3266296386719,0.0032701178424758,7.10895183146931e-05,2.28374447033275e-05,5939.896045353,37.4305412422644,1318
"2807",104840,-22.6349639892578,-47.2883071899414,0.0032344458159059,7.03140394762158e-05,2.44788061536383e-05,8182.18095577256,23.944213088548,1162
"2808",104841,-22.6254138946533,-47.250114440918,0.0005364497155824,1.16619503387483e-05,1.80600291059818e-05,11331.1052832232,34.7508609145265,914
"2809",104842,-22.6159133911133,-47.212043762207,0.0017473000771133,3.79847842850722e-05,1.95787488337373e-05,14747.0778789016,166.211012836222,1321
"2810",104843,-22.6064624786377,-47.1740989685059,0.0007205224064819,1.56635305756936e-05,1.58134989760583e-05,13479.858545208,272.292091009879,802
"2811",104844,-22.5970611572266,-47.1362762451172,0.0019496457243803,4.23836027039215e-05,1.81525228981627e-05,13380.2619047167,99.1070565558579,794
"2812",104845,-22.5877075195312,-47.0985717773438,0.0015003174557932,3.2615596865071e-05,1.67619946296327e-05,14461.1844665408,68.4361577349205,1016
"2813",104846,-22.5784015655518,-47.0609817504883,0.0011683941702358,2.53998732659966e-05,1.65422279678751e-05,16293.6291631153,108.077991439932,781
"2814",104847,-22.5691413879395,-47.0235061645508,0.0009163587565126,1.99208425328834e-05,1.83850588655332e-05,15549.3824306965,33.8460527730808,998
"2815",104848,-22.5599269866943,-46.986141204834,0.0008695591568539,1.89034599316074e-05,1.61952175403712e-05,15820.6388900525,14.6335641952177,1095
"2816",104849,-22.550760269165,-46.9488868713379,0.0008977957040769,1.95172979147173e-05,1.67978141689673e-05,17050.0740797743,18.8642877973087,778
"2817",104850,-22.5416355133057,-46.911735534668,0.0006585258561244,1.43157794809667e-05,1.61351435963297e-05,19046.1366596833,43.3833369729658,1099
"2818",104851,-22.5325565338135,-46.8746910095215,0.0017068268643925,3.71049318346195e-05,1.91057988558896e-05,19245.8506085806,10.6435711303071,968
"2819",104852,-22.5235195159912,-46.8377494812012,0.0018748546572169,4.07577099394985e-05,1.98480774997734e-05,19882.8932388854,10.3172732998929,863
"2820",104853,-22.5145263671875,-46.8009071350098,0.0015977440489223,3.47335662809201e-05,1.70329749380471e-05,21249.0895395467,19.9384895499649,1131
"2821",104854,-22.5055732727051,-46.7641639709473,9.79867349997221e-05,2.13014641303744e-06,1.51479298438062e-05,23210.0777149232,21.1914403709345,826
"2822",104855,-22.4966621398926,-46.7275123596191,0.0008702949817234,1.89194561244221e-05,1.52619377331575e-05,24738.9982638497,10.6301685802019,767
"2823",104856,-22.48779296875,-46.6909561157227,0.0004278226278984,9.30049191083526e-06,1.48472363434848e-05,26708.5426603956,24.2517829669914,835
"2824",104857,-22.4789638519287,-46.6544914245605,0.0010885629453696,2.36644118558615e-05,1.53409364429535e-05,29067.2979426527,193.205136992644,1016
"2825",104859,-22.4614219665527,-46.5818252563477,0.0004051148080179,8.80684365256457e-06,1.93767809832934e-05,34609.770832667,633.70886111436,821
"2826",104861,-22.4440326690674,-46.5095024108887,0.0009090537241718,1.97620374819962e-05,1.71581959875766e-05,40853.7215828325,19.5789192980489,675
"2827",104862,-22.4353942871094,-46.473461151123,0.000295729136269,6.428894266719e-06,1.40918882607366e-05,44141.4724676,17.426247664782,1056
"2828",104863,-22.426794052124,-46.4374961853027,0.0009254405958927,2.01182738237549e-05,1.54390618263278e-05,47506.7052330644,19.6005840718808,683
"2829",104864,-22.4182281494141,-46.401611328125,0.0010209125757683,2.21937516471371e-05,1.96808614418842e-05,49395.1779655403,14.3299288823033,1246
"2830",104865,-22.4096965789795,-46.3658027648926,0.0013739488640567,2.98684535664506e-05,2.00136692001252e-05,47076.8133458729,111.695923602839,672
"2831",104867,-22.3927402496338,-46.2943992614746,0.0005560953359236,1.20890290418174e-05,1.79380131157814e-05,39549.505712411,25.6705402607355,1199
"2832",104869,-22.375919342041,-46.2232704162598,0.0008603544847574,1.87033583642915e-05,1.5978130250005e-05,32109.3079156669,17.0132481830965,885
"2833",104870,-22.3675575256348,-46.1878051757812,0.0011290357397228,2.45442552113673e-05,1.92863608390326e-05,28434.9523784935,16.9428015491021,1333
"2834",104872,-22.3509311676025,-46.1170654296875,0.0016043653013184,3.48775065504014e-05,1.81699324457441e-05,21236.116065448,51.5302989479117,1135
"2835",104873,-22.3426647186279,-46.0817832946777,0.0008696891854924,1.89062866411405e-05,1.28458505059825e-05,17762.4041258436,57.7872931870976,995
"2836",104874,-22.3344287872314,-46.046558380127,0.0010467994034115,2.27565087698167e-05,1.33859348352416e-05,14446.5999472524,34.0489355858539,1351
"2837",104875,-22.3262233734131,-46.0113906860352,0.0010063989866466,2.18782388401451e-05,1.43603492688271e-05,11420.490438924,35.5940504068672,1197
"2838",104876,-22.3180484771729,-45.9762802124023,0.0006301883986452,1.36997477966361e-05,1.31799697555834e-05,8973.54798564459,33.1802855268592,807
"2839",104877,-22.3099021911621,-45.941219329834,0.0001433424645256,3.11614053316589e-06,1.31934511955478e-05,7671.05165222431,134.927143868931,746
"2840",104878,-22.3017845153809,-45.9062080383301,0.000956812640652,2.08002747967839e-05,1.35583413793938e-05,8078.33345872185,135.760194959152,809
"2841",104879,-22.2936954498291,-45.8712463378906,0.0009985002907342,2.17065280594397e-05,1.54264580487506e-05,6752.18286830617,146.946921391771,765
"2842",104881,-22.2775993347168,-45.8014640808105,0.0013601324426417,2.95680965791689e-05,1.42506414704258e-05,9178.48277326276,24.4099606367066,1120
"2843",104882,-22.2695922851562,-45.7666358947754,0.000228488808716,4.96714801556664e-06,1.39993862831034e-05,12048.3733294143,56.225129121802,812
"2844",104883,-22.2616119384766,-45.7318534851074,0.0005728505802835,1.24532734844252e-05,1.20984805107582e-05,15285.6329682694,233.252117224947,825
"2845",104885,-22.2457275390625,-45.6624031066895,0.0005525979922822,1.20129998322227e-05,1.25318674690789e-05,22202.7138539155,280.596639560201,1148
"2846",104886,-22.2378234863281,-45.6277351379395,0.0004802521998499,1.04402652141289e-05,1.20614031402511e-05,25760.0883377715,20.0099273114563,583
"2847",104887,-22.229944229126,-45.5931015014648,0.0017140348354587,3.72616268577985e-05,1.42804883580538e-05,29349.6922403622,19.1666651394324,796
"2848",104888,-22.2220878601074,-45.5584983825684,0.0011871936003444,2.58085565292276e-05,1.59635583258932e-05,32960.016455481,17.8875324166978,801
"2849",104889,-22.2142581939697,-45.5239295959473,0.0016596408604527,3.60791491402779e-05,1.98716406885069e-05,36583.3938683966,21.3667377216506,909
"2850",104890,-22.206449508667,-45.4893913269043,0.0005565060891967,1.20979584607994e-05,1.35619648062857e-05,40215.5925365215,64.2863330826308,890
"2851",104891,-22.1986656188965,-45.4548797607422,0.0002943143217635,6.39813742964179e-06,1.17963299999246e-05,43853.8635131202,16.7662826307935,727
"2852",104892,-22.1909027099609,-45.4203948974609,0.0009552694500598,2.07667271752143e-05,1.47774126162403e-05,47496.0762677659,16.6867958917292,1177
"2853",104893,-22.183162689209,-45.3859367370605,0.0006121671322034,1.3307981134858e-05,1.48499584611272e-05,51140.6662920657,15.9397174356281,718
"2854",104894,-22.175443649292,-45.3514976501465,7.93249007529084e-05,1.72445436419366e-06,2.77294875559164e-05,54787.3079531104,15.0333917859457,1287
"2855",104895,-22.1677474975586,-45.317081451416,0.0002944328871308,6.40071493762662e-06,2.51391957135638e-05,58434.7325411624,30.3031259710326,727
"2856",104898,-22.1447811126709,-45.2139511108398,0.000125338633552,2.72475290330476e-06,1.41623268063995e-05,68525.9093233736,9.85200841329076,856
"2857",104902,-22.1144371032715,-45.0766410827637,5.9195757330599e-05,1.28686428979563e-06,1.15480388558353e-05,70905.7173990682,1013.6932876876,1028
"2858",104905,-22.0918712615967,-44.9737548828125,0.0008398266108997,1.82571002369514e-05,1.22582368931035e-05,74527.3523112895,12.6583117073356,1345
"2859",104906,-22.0843849182129,-44.9394683837891,0.0004117832104384,8.95180892257486e-06,1.35074706122396e-05,76044.0848679684,12.5516850252063,1135
"2860",104907,-22.0769157409668,-44.9051818847656,0.0003101690508628,6.74280545354122e-06,1.10551600300823e-05,74920.1967015644,7.94071447524634,799
"2861",104908,-22.0694637298584,-44.8708992004395,0.0001338841361757,2.91052469947317e-06,1.12189700303134e-05,72304.9722022556,7.53316321708841,903
"2862",104910,-22.0546054840088,-44.8023262023926,0.0002848441326932,6.19226375420112e-06,1.05884737422457e-05,67360.7189653025,7.95915325718317,775
"2863",104911,-22.0471992492676,-44.7680358886719,0.0006159779586596,1.33908251882531e-05,1.42338531077257e-05,65053.4030040211,8.82601995686591,1066
"2864",104912,-22.0398101806641,-44.7337341308594,0.0006215998982952,1.35130412672879e-05,1.60515864990884e-05,62871.4236744518,6.18542341975128,1170
"2865",104913,-22.032434463501,-44.6994285583496,0.0001399728275828,3.04288755614834e-06,1.09745242298231e-05,60829.2633664722,4.49198478091699,809
"2866",104915,-22.0177268981934,-44.630786895752,0.0001528120992588,3.32200215780176e-06,1.40773927341797e-05,57221.7400961658,16.6823469530464,1077
"2867",104916,-22.0103950500488,-44.5964469909668,8.93016544978309e-05,1.94134031517024e-06,1.20477243399364e-05,55687.3025369653,43.3332828218262,857
"2868",104917,-22.0030746459961,-44.5620956420898,0.0007907522631285,1.71902665897505e-05,1.36843718792079e-05,54353.9039563142,9.14029060275481,1087
"2869",104918,-21.9957695007324,-44.5277252197266,0.0011771824829338,2.55909235420404e-05,1.59295777848456e-05,53236.0801745198,11.6374785183277,8
"2870",104919,-21.9884757995605,-44.4933395385742,0.0004718364434666,1.02573139884043e-05,1.23361051009852e-05,52348.519669129,35.3885026978472,838
"2871",104920,-21.9811954498291,-44.4589347839355,0.0005085094144305,1.10545524876215e-05,1.18458910947083e-05,51703.0106429009,32.5065321983509,782
"2872",104921,-21.9739284515381,-44.4245071411133,4.2284846244911e-05,9.19235787932848e-07,9.34138734010048e-06,51308.9173181672,11.4511980806367,829
"2873",104923,-21.9594268798828,-44.3555870056152,0.0008123945844999,1.76607518369565e-05,1.21743814816e-05,51297.065933004,3.40952864596361,1009
"2874",104924,-21.9521923065186,-44.3210868835449,0.0005775003173766,1.25543547255802e-05,1.07791847767658e-05,51680.2402391355,4.14727391264156,782
"2875",104926,-21.9377593994141,-44.2520065307617,0.0002872967916118,6.24558242634521e-06,9.71343888522824e-06,53198.8694225654,27.492547790949,1036
"2876",104927,-21.9305572509766,-44.2174224853516,0.0007926092293928,1.72306354215834e-05,1.10915743789519e-05,54314.7404827754,39.8751660064747,623
"2877",104928,-21.9233665466309,-44.182804107666,0.0008281676273327,1.80036440724507e-05,1.20864324344439e-05,55650.8780040761,157.983942771003,1252
"2878",104929,-21.9161853790283,-44.1481513977051,0.0007492970580642,1.62890664796578e-05,1.20549129860592e-05,57192.6695861477,14.513226912003,672
"2879",104932,-21.8946952819824,-44.0439758300781,0.0003412457699596,7.41838630347047e-06,1.09686525320285e-05,62897.3981778981,5.72086893831172,892
"2880",104933,-21.8875484466553,-44.0091705322266,0.0003149391941406,6.84650422044797e-06,1.09980319393799e-05,62443.9742891474,5.78510609175332,906
"2881",104935,-21.8732833862305,-43.9394302368164,6.50077090540435e-05,1.41321106639225e-06,1.25233609651332e-05,55134.4792928276,26.2472254828613,1410
"2882",104938,-21.8519382476807,-43.83447265625,0.0006799119273637,1.47806940731243e-05,1.26190025184769e-05,44200.4833335854,201.645888809438,1190
"2883",104940,-21.8377437591553,-43.7642440795898,0.0003206668552593,6.97101859259419e-06,1.14547101475182e-05,36958.8545893825,87.3622340203577,1119
"2884",104941,-21.8306560516357,-43.7290496826172,9.2071728886367e-05,2.00155932361668e-06,1.1499083484523e-05,33366.4090070605,17.7344698383974,1142
"2885",104942,-21.8235740661621,-43.6937980651855,0.0010434617506689,2.26839511014987e-05,1.27483172036591e-05,29804.2719421495,10.7475899094808,770
"2886",104943,-21.8164978027344,-43.6584892272949,0.0009329870263172,2.02823266590713e-05,1.5743265976198e-05,26287.1889688082,7.52782658619637,960
"2887",104944,-21.8094253540039,-43.623119354248,0.0007659104339836,1.66502268257318e-05,1.4808294508839e-05,22838.3336251238,13.7232455932514,773
"2888",104945,-21.802360534668,-43.5876846313477,0.0005186934013181,1.12759435069165e-05,1.21588773254189e-05,19497.462911853,19.9750545390334,1092
"2889",104946,-21.7952976226807,-43.552188873291,0.0009062432982318,1.97009412659099e-05,1.3666101040144e-05,16335.1919713238,3.98481525517567,784
"2890",104947,-21.7882404327393,-43.5166282653809,0.0012376060549286,2.690447945497e-05,1.50063597175176e-05,13483.126160496,7.04443350441455,1075
"2891",104948,-21.7811889648438,-43.4809951782227,5.25345246842335e-05,1.14205488443986e-06,1.23404861369636e-05,11187.4955188978,28.9100936049336,1086
"2892",104950,-21.7670936584473,-43.4095230102539,0.0011813691708084,2.56819384958362e-05,1.25297192425933e-05,7170.2990281714,1050.71544126816,842
"2893",104951,-21.7600517272949,-43.3736801147461,0.0009271599192288,2.01556504180189e-05,1.20300064736512e-05,3410.98879845198,4484.9945462036,832
"2894",104952,-21.7530117034912,-43.3377571105957,0.0009930851083481,2.15888067032211e-05,1.34109241116676e-05,827.115276164692,4961.56876294729,825
"2895",104953,-21.7459754943848,-43.3017578125,0.0003299725212855,7.17331568012014e-06,1.07081041278434e-05,4310.70116629538,922.187037037413,802
"2896",104954,-21.738941192627,-43.265682220459,0.0003438533922235,7.47507374398992e-06,1.22678302432178e-05,8106.68282582821,55.3958162668677,944
"2897",104955,-21.7319087982178,-43.2295227050781,0.0005418894561444,1.17802055683569e-05,1.16167657324695e-05,11928.4347338234,6.55996528908583,773
"2898",104957,-21.7178497314453,-43.1569519042969,0.0003183959979651,6.92165212967666e-06,1.01236673799576e-05,19608.813930351,5.19082759739778,1192
"2899",104962,-21.6827182769775,-42.9739532470703,6.63691712361469e-05,1.44280807035102e-06,1.0022200513049e-05,38983.0401718388,72.7994348552611,666
"2900",104963,-21.6756916046143,-42.937068939209,0.0006084832384658,1.32278964883881e-05,1.19046480904217e-05,41284.7042120215,39.4621006659913,1214
"2901",104964,-21.668664932251,-42.9000816345215,0.0001926825279952,4.18875060859136e-06,1.07463883978198e-05,37736.5053581332,5.43092674245574,691
"2902",104966,-21.6546096801758,-42.8258018493652,9.36703204956757e-06,2.03631131512338e-07,9.6715029940242e-06,30878.0537751215,3.33531365490345,879
"2903",104967,-21.6475791931152,-42.788501739502,0.0004022462708235,8.74448414833751e-06,1.01222185548977e-05,27635.1538062414,3.82211514042613,866
"2904",104969,-21.6335124969482,-42.7135696411133,0.000156392520239,3.39983739650052e-06,1.01853574960842e-05,21829.6122972889,7.72891704463181,1408
"2905",104970,-21.6264762878418,-42.6759338378906,0.0001874185645647,4.07431662097224e-06,8.46750026539667e-06,19484.3902436731,5.11660638361201,1278
"2906",104971,-21.6194381713867,-42.63818359375,0.0003726939994521,8.10204346635146e-06,1.09958273242228e-05,17726.9798677583,2.97392252186574,765
"2907",104972,-21.6123962402344,-42.6003150939941,0.0005720615808968,1.24361213238444e-05,1.06515817606123e-05,16751.9381754496,6.26310135659082,759
"2908",104974,-21.5983009338379,-42.5242080688477,0.0002613631068015,5.68180666959961e-06,1.06615143522504e-05,17603.859550613,4.56396421956565,896
"2909",105252,-22.6343078613281,-47.4925155639648,0.0026442655725986,5.74840341869276e-05,2.36858541029505e-05,15015.226717953,20.0067942581872,766
"2910",105253,-22.6244945526123,-47.4536666870117,0.0025938559629139,5.6388173106825e-05,2.28078679356258e-05,10843.6316785314,947.906033436738,1138
"2911",105254,-22.6147346496582,-47.4149589538574,0.0036731534055434,7.98511609900743e-05,2.85803271253826e-05,6692.19818791175,1807.16660772507,908
"2912",105255,-22.6050281524658,-47.3763885498047,0.0027865649317391,6.05774985160679e-05,2.32941602007486e-05,2582.11534841349,1828.96095179506,1006
"2913",105256,-22.5953750610352,-47.337947845459,0.0013245458467281,2.87944749288727e-05,1.8096036001225e-05,1688.78397993968,339.617823771641,780
"2914",105257,-22.5857734680176,-47.2996406555176,0.0014892641847836,3.23753083648626e-05,1.90836399269756e-05,5742.41477721719,40.8092036308027,1088
"2915",105258,-22.5762233734131,-47.2614631652832,0.0020989488912164,4.56293237220962e-05,2.17800206883112e-05,9832.49968831656,26.6639347272276,806
"2916",105259,-22.566722869873,-47.2234077453613,0.0026314146598451,5.72046665183734e-05,2.38952070503728e-05,13914.9836972834,95.3599405434778,880
"2917",105261,-22.5478706359863,-47.1476669311523,0.0011708869715221,2.5454064598307e-05,1.68042624864029e-05,18960.553187738,1036.75492865395,792
"2918",105262,-22.538516998291,-47.109977722168,0.0005585573453572,1.21425509860273e-05,1.5922696547932e-05,19791.7983110463,22.7828125652191,854
"2919",105263,-22.5292110443115,-47.0724029541016,0.0008023022201086,1.74413526110584e-05,1.58454677148256e-05,21361.8085649233,18.1384490328495,264
"2920",105265,-22.5107383728027,-46.9975891113281,0.0010506411053938,2.28400240303017e-05,1.64803059305996e-05,17240.2427711371,50.345603817544,725
"2921",105266,-22.5015697479248,-46.9603500366211,0.00051431677457,1.11807994471746e-05,1.63116419571452e-05,15122.5464856927,52.4951134979963,1132
"2922",105267,-22.4924449920654,-46.9232139587402,0.00125446936363,2.72710731223924e-05,1.61789794219658e-05,13863.447967349,58.700172198298,768
"2923",105268,-22.4833660125732,-46.8861846923828,0.0027761962774093,6.03520929871593e-05,2.09772497328231e-05,13691.6871121948,12.0864156592566,670
"2924",105269,-22.4743309020996,-46.8492546081543,0.0009073381661437,1.97247427422553e-05,1.50087644215091e-05,14636.0926103739,321.984716655654,648
"2925",105270,-22.4653358459473,-46.8124237060547,0.0006832379076513,1.48529979924206e-05,1.46193533510086e-05,16497.8443806388,938.061526969958,954
"2926",105271,-22.4563846588135,-46.7756958007812,0.0013131052510289,2.85457663267152e-05,1.61205553013133e-05,19002.2673158584,374.205545453078,685
"2927",105272,-22.4474754333496,-46.7390594482422,0.0007633591449121,1.65947640198283e-05,1.51413551066071e-05,21925.0457312235,23.8002381687935,1000
"2928",105273,-22.4386043548584,-46.7025146484375,0.0013505272254406,2.93592875095783e-05,1.72830496012466e-05,25115.5795155323,9.35598068643539,1250
"2929",105276,-22.4122352600098,-46.5934257507324,0.0010828341546584,2.35398729273584e-05,1.98023699340411e-05,35517.0728698536,54.7394485395907,871
"2930",105277,-22.4035224914551,-46.5572357177734,0.0013413448104984,2.91596697934438e-05,1.63337790581863e-05,39129.1782089239,72.6027759373549,763
"2931",105278,-22.394847869873,-46.521125793457,0.0012522845645435,2.72235774900764e-05,1.77780839294428e-05,42779.7092050936,34.7879031838877,788
"2932",105279,-22.386209487915,-46.4850997924805,0.0010333143291063,2.24633549805731e-05,1.67856342159212e-05,46456.9302039246,57.182324248309,853
"2933",105281,-22.3690433502197,-46.4132804870605,9.90621592791285e-05,2.15352520172019e-06,1.74915876414161e-05,50172.8372073202,23.2013097336411,986
"2934",105284,-22.3435573577881,-46.3061065673828,0.0012751823232974,2.77213548542932e-05,1.82160856638802e-05,38710.0440113267,68.5692681055638,1106
"2935",105286,-22.3267364501953,-46.2350044250488,0.000222101674808,4.82829727843637e-06,1.45658113979152e-05,31112.5034619405,17.0822262683576,858
"2936",105289,-22.3017501831055,-46.1288375854492,0.0003201983881808,6.96083452567109e-06,1.64236371347215e-05,19789.8336835296,12.2262690563205,844
"2937",105290,-22.2934856414795,-46.0935668945312,0.0005335694640962,1.15993361760047e-05,1.36900571305887e-05,16040.8351931833,13.2900280753745,798
"2938",105291,-22.285249710083,-46.0583572387695,0.0016271745334961,3.53733594238292e-05,1.70321891346248e-05,12313.2578595856,26.8927440617896,987
"2939",105292,-22.2770462036133,-46.0232048034668,0.0003634671957115,7.90146077633835e-06,1.72941818163963e-05,8625.68121991726,23.7477615354418,8
"2940",105293,-22.268871307373,-45.9881057739258,0.0008068132265179,1.75394179677824e-05,1.61275893333368e-05,5050.86115759248,26.753111307275,761
"2941",105294,-22.2607250213623,-45.9530563354492,0.0008528119869879,1.85393910214771e-05,1.55091038323008e-05,2191.82933260943,1537.16386611823,1004
"2942",105295,-22.2526092529297,-45.9180603027344,0.0008313022881338,1.80717888724757e-05,1.43691595440032e-05,3096.08627049844,968.369768002185,844
"2943",105296,-22.2445201873779,-45.8831100463867,0.0008914929967431,1.93802825378953e-05,1.40234906211845e-05,1467.92437983874,385.204750248342,1250
"2944",105297,-22.2364597320557,-45.8482093811035,0.0010831158833752,2.35459974646801e-05,1.41031650855439e-05,2907.04767910322,230.634949906621,708
"2945",105299,-22.2204189300537,-45.7785377502441,0.0016306560210068,3.5449043934932e-05,1.86934448720422e-05,10208.3777660952,17.0310756556345,627
"2946",105305,-22.1729202270508,-45.5704765319824,2.05529275376648e-06,4.4680277255793e-08,1.73436310433317e-05,32392.6221869228,13.7774350406556,757
"2947",105306,-22.1650905609131,-45.5359191894531,0.0006388283582055,1.38875730044674e-05,1.4165838365443e-05,36080.1474774006,17.9108688549987,1190
"2948",105307,-22.157283782959,-45.501392364502,0.0001585016993885,3.44568911714305e-06,1.12613224700908e-05,39764.3190381303,21.592260836949,757
"2949",105309,-22.1417388916016,-45.4324226379395,4.64688644115085e-05,1.01019270459801e-06,1.33701187223778e-05,47123.0710057099,62.7600532170336,1482
"2950",105310,-22.1339988708496,-45.3979759216309,0.0015262723100022,3.31798328261357e-05,1.77487145265331e-05,50797.9873302773,8.30295220532226,888
"2951",105311,-22.1262817382812,-45.3635520935059,2.90864883822906e-06,6.32314964832403e-08,1.56704936671304e-05,54470.1154434602,10.2548789901374,800
"2952",105312,-22.1185855865479,-45.3291473388672,0.0006480432384705,1.40878964884905e-05,1.55177021952113e-05,58139.8661036813,10.1097191817594,1077
"2953",105313,-22.110912322998,-45.2947654724121,0.0013424441967799,2.91835694952169e-05,2.59151438513072e-05,61806.7905780031,8.92339893806349,998
"2954",105316,-22.0880088806152,-45.1917190551758,0.0001024389503072,2.22693370233173e-06,1.73976568476064e-05,72794.8700746866,10.5596169088657,812
"2955",105317,-22.080415725708,-45.157398223877,0.0010879478613787,2.36510404647561e-05,1.54963599925395e-05,74885.8442199848,48.5406858414973,788
"2956",105318,-22.0728397369385,-45.1230888366699,0.0002289513768118,4.97720384373679e-06,1.38155619424651e-05,75527.1764943258,71.5509182369195,992
"2957",105319,-22.0652828216553,-45.0887908935547,0.0004972058341081,1.08088224806124e-05,1.21803996080416e-05,76336.4045975064,76.7343203329128,773
"2958",105320,-22.0577449798584,-45.0545043945312,0.0012219780182931,2.65647395281121e-05,1.55069701577304e-05,77308.0233353169,149.943762645741,1063
"2959",105321,-22.0502243041992,-45.0202217102051,0.0008032225450733,1.7461359675508e-05,1.1432978681114e-05,78436.0627067657,48.8648441453959,830
"2960",105322,-22.0427227020264,-44.9859428405762,0.0007077267182467,1.53853634401457e-05,1.16824157885276e-05,79713.5598070783,12.385708824806,819
"2961",105323,-22.0352363586426,-44.9516677856445,3.07299865198729e-05,6.68043185214628e-07,1.05679009720916e-05,81133.7539254722,18.467536366568,868
"2962",105324,-22.0277690887451,-44.9173965454102,0.0011138097543153,2.42132555285934e-05,1.44419600474066e-05,78866.3433092437,11.7450537470383,982
"2963",105325,-22.0203170776367,-44.8831253051758,0.0003772165528062,8.20035984361311e-06,1.17086192403804e-05,76387.5326106804,8.20764116572006,1219
"2964",105326,-22.0128803253174,-44.8488540649414,0.0003172504657413,6.89674925524741e-06,1.47299679156276e-05,74004.7960643465,16.2813689380507,830
"2965",105328,-21.9980583190918,-44.7802963256836,0.0003841096186079,8.35020910017192e-06,1.42923936437001e-05,69564.801157045,10.1484672559605,1244
"2966",105330,-21.9832954406738,-44.7117156982422,0.000486152312078,1.05685285234358e-05,1.12427733256482e-05,65632.0060316555,4.42851358440822,783
"2967",105331,-21.9759349822998,-44.6774139404297,2.63526040953366e-05,5.72882697724708e-07,1.06569214040064e-05,63885.5587668957,5.37753999471028,900
"2968",105334,-21.9539413452148,-44.5744323730469,0.0003952253100578,8.59185456647538e-06,1.31674960357486e-05,59676.4025622608,46.9818331651388,622
"2969",105335,-21.9466361999512,-44.5400733947754,0.0001418603765159,3.08392122860823e-06,1.30346443256713e-05,58658.4154972155,7.17857993599265,755
"2970",105336,-21.9393444061279,-44.5056991577148,0.0004259275065123,9.25929361983435e-06,1.1434704902058e-05,57851.9057276738,7.6005812843021,869
"2971",105337,-21.9320659637451,-44.471305847168,0.0001564774593134,3.40168389811879e-06,1.14319282147335e-05,57265.9051925749,5.08550821026722,1165
"2972",105338,-21.9247989654541,-44.4368934631348,0.0007410584803437,1.61099669639952e-05,1.69480554177426e-05,56907.7384673539,3.28561126814033,889
"2973",105339,-21.9175434112549,-44.4024543762207,0.0004602887038345,1.00062761703157e-05,1.14230988401687e-05,56781.8601102839,3.3041743958126,1458
"2974",105340,-21.9103012084961,-44.3679962158203,0.0003326355563331,7.23120774637209e-06,1.21658722491702e-05,56890.1964516601,3.75041484728012,1407
"2975",105343,-21.8886375427246,-44.2644538879395,0.0002865124570234,6.22853167442372e-06,8.86976340552792e-06,58598.5434792908,48.7700458208718,921
"2976",105344,-21.8814373016357,-44.2298812866211,0.0003890877742378,8.45842987473588e-06,8.20669265522156e-06,59608.6928895391,12.171224740882,764
"2977",105345,-21.8742485046387,-44.1952743530273,0.0005533121457119,1.2028524906782e-05,1.01186351457727e-05,60823.6819704732,1.91569451883977,762
"2978",105346,-21.8670673370361,-44.1606330871582,0.0010060204476758,2.18700097320834e-05,1.74346168932971e-05,62232.4969554411,1.58142938296114,1087
"2979",105347,-21.8598976135254,-44.1259574890137,0.0004139318207307,8.99851784197381e-06,1.09310112748062e-05,63822.4631108604,1.78733973611382,951
"2980",105350,-21.8384399414062,-44.0217018127441,0.0002916551147791,6.34032858215505e-06,1.37885754156741e-05,61944.5405905224,7.74305335178759,916
"2981",105351,-21.8313045501709,-43.9868659973145,0.0004393444287416,9.55096584220883e-06,1.18001926239231e-05,58252.2776905663,6.33477219214304,813
"2982",105352,-21.8241767883301,-43.9519844055176,0.0005699312532669,1.23898098536301e-05,1.48913804878248e-05,54556.7213125868,5.04388089460568,1030
"2983",105353,-21.8170566558838,-43.9170608520508,0.0005336010926839,1.16000237539993e-05,1.17815225166851e-05,50858.5065526545,10.7779856997333,811
"2984",105354,-21.809944152832,-43.8820877075195,0.0003810382149822,8.28343945613597e-06,1.20025779324351e-05,47157.2119186933,6.82369552278964,917
"2985",105355,-21.8028373718262,-43.8470649719238,0.0001534429870844,3.33571711053082e-06,1.18220696094795e-05,43453.2291203038,4.07720481704529,780
"2986",105356,-21.7957382202148,-43.8119888305664,0.0002167896200262,4.71281782665756e-06,1.34317588162958e-05,39746.8683613797,4.09806314978941,685
"2987",105357,-21.788646697998,-43.7768630981445,0.0005507688474608,1.19732358143665e-05,1.30885555336135e-05,36039.3936351454,30.0284396877051,914
"2988",105360,-21.767406463623,-43.671142578125,0.0004723522906715,1.02685280580772e-05,1.10541905087302e-05,24922.2081889803,16.2872864880086,1073
"2989",105362,-21.7532730102539,-43.6003646850586,0.0003392157459529,7.37425534680369e-06,1.08391614048742e-05,17555.7724305179,37.0142174181793,295
"2990",105363,-21.7462120056152,-43.5648803710938,0.0010132394636457,2.20269448618637e-05,1.82677013071952e-05,13921.2334987698,10.2240493680452,1253
"2991",105364,-21.7391567230225,-43.5293312072754,0.0002362238183195,5.13530039825127e-06,1.1713756066456e-05,10374.1158116334,11.8206623887959,856
"2992",105365,-21.7321071624756,-43.4937133789062,0.0012899024186481,2.80413569271332e-05,1.5902272934909e-05,7057.74951136003,34.3879420271742,789
"2993",105366,-21.7250595092773,-43.4580230712891,0.0005995418869133,1.30335192807252e-05,1.41234813781921e-05,4529.87065676174,406.418993946416,929
"2994",105367,-21.7180156707764,-43.4222640991211,0.0005159298325452,1.12158659248962e-05,1.37542983793537e-05,4462.2274951669,775.898677235042,636
"2995",105368,-21.7109756469727,-43.3864326477051,0.0010501328724785,2.28289754886646e-05,1.24589842016576e-05,6938.92167614658,2316.36353730835,937
"2996",105371,-21.6898727416992,-43.2784729003906,0.0001577116227053,3.42851353707374e-06,1.08798349174322e-05,10106.5457463004,54.6079812317583,605
"2997",105373,-21.6758136749268,-43.2060966491699,0.0001861728751464,4.04723641622695e-06,9.78714979282813e-06,16790.9452928767,56.6819206498842,928
"2998",105374,-21.6687870025635,-43.1697807312012,0.0010221583906968,2.22208345803665e-05,1.19617507152725e-05,20406.0452085909,6.36841405022188,717
"2999",105375,-21.6617622375488,-43.1333770751953,0.0007304491809918,1.58793300215621e-05,1.20342328955303e-05,24101.240154983,3.42982307126615,976
"3000",105376,-21.6547374725342,-43.0968818664551,0.000292627066301,6.36145796306664e-06,1.09328566395561e-05,27848.7941931474,2.87085276340714,1109
"3001",105377,-21.6477146148682,-43.0602989196777,0.0013623634295072,2.96165962936357e-05,1.473296470067e-05,31633.0651898761,3.40076178523975,1422
"3002",105378,-21.6406898498535,-43.0236206054688,0.0009426067190361,2.04914504138287e-05,1.1880036254297e-05,35446.0962644352,52.125079125764,984
"3003",105379,-21.6336669921875,-42.9868469238281,0.0001591342502251,3.4594402222865e-06,9.21603714232333e-06,39282.2487984816,13.4224545436394,748
"3004",105380,-21.6266441345215,-42.9499740600586,0.0004700307690654,1.02180601970758e-05,9.41978578339331e-06,43138.4122169438,6.3200912013808,780
"3005",105381,-21.6196193695068,-42.9129981994629,7.92036107668537e-05,1.72181762536638e-06,1.09030052044545e-05,40719.2970255483,4.53098875149875,976
"3006",105382,-21.6125946044922,-42.8759231567383,0.0002120904528055,4.61066201751237e-06,1.08497652036021e-05,37495.9678917788,29.606609148608,934
"3007",105385,-21.5915107727051,-42.7640609741211,0.0006190553867782,1.34577257995261e-05,1.36776061481214e-05,28835.8901451552,6.61556125866364,938
"3008",105386,-21.5844802856445,-42.7265510559082,0.0010842381125257,2.35703937505605e-05,1.50413834489882e-05,26485.3904817951,29.1206681494412,770
"3009",105387,-21.5774459838867,-42.6889305114746,0.0002853752503142,6.20380978944013e-06,9.57698921411065e-06,24548.5117680421,19.2683458406056,1078
"3010",105388,-21.5704097747803,-42.6511917114258,0.0003711244517035,8.06792286311975e-06,9.64047922025202e-06,23134.697864054,54.3212887056924,858
"3011",105389,-21.5633697509766,-42.6133308410645,0.0001225147152581,2.66336337517714e-06,9.90293483482674e-06,22350.0158859613,24.5140459687966,806
"3012",105390,-21.5563259124756,-42.5753555297852,0.0001186204976875,2.57870647146774e-06,9.8428972705733e-06,22267.9406812256,17.6540235353463,811
"3013",105391,-21.549280166626,-42.5372505187988,0.0002466006308168,5.36088327862672e-06,9.45207648328505e-06,22902.0676258645,3.73287838811712,736
"3014",105670,-22.5752811431885,-47.4649772644043,0.0020911647443426,4.54601031378843e-05,1.98576799448347e-05,10967.3059873098,687.675329652254,978
"3015",105671,-22.5655212402344,-47.4262847900391,0.00330856180517,7.19252566341311e-05,2.65106682491023e-05,7085.93701816385,3598.97313490278,933
"3016",105672,-22.555814743042,-47.3877258300781,0.0039301214565057,8.54374229675159e-05,2.65435428445926e-05,2950.34627888784,3326.79020590603,16
"3017",105673,-22.5461616516113,-47.3493003845215,0.0026799504848895,5.8259793149773e-05,2.11353435588535e-05,1220.65296716633,662.450338293514,1343
"3018",105674,-22.5365600585938,-47.3110084533691,0.0019489311525831,4.23680685344152e-05,1.94470812857617e-05,5310.18614374985,42.8374140018267,889
"3019",105675,-22.5270099639893,-47.2728424072266,0.0023531963815912,5.11564430780709e-05,2.23606457439018e-05,9406.18385430935,24.8499876784281,847
"3020",105676,-22.5175094604492,-47.2348022460938,0.0026718286317191,5.80832311243284e-05,2.36724772548769e-05,13489.9800698608,28.401149211131,724
"3021",105677,-22.5080585479736,-47.1968879699707,0.0010511367872823,2.28507997235283e-05,1.73681637534173e-05,17560.2892389534,206.998494106473,1063
"3022",105678,-22.4986572265625,-47.1590919494629,4.48069672529527e-05,9.74064505498973e-07,1.60620784299681e-05,21617.5601739077,229.451039072907,629
"3023",105679,-22.4893035888672,-47.1214141845703,0.0012363116256892,2.68763396888971e-05,1.69038194144377e-05,22296.6128603433,42.0303582272665,1274
"3024",105680,-22.4799976348877,-47.083854675293,0.0012574339161801,2.733551991696e-05,1.71027204487473e-05,18781.1594262206,14.1183141238995,1007
"3025",105681,-22.470739364624,-47.0464057922363,0.0011292046765447,2.4547927750973e-05,1.73830849234946e-05,15529.5488899659,17.9570756786858,1056
"3026",105682,-22.4615249633789,-47.0090713500977,0.0021165787329664,4.60125811514445e-05,2.02220926439622e-05,12733.326994858,360.637940213845,963
"3027",105683,-22.4523582458496,-46.9718437194824,0.0016743125088396,3.63980980182532e-05,1.81633658939973e-05,10224.9061756564,824.293814248941,769
"3028",105684,-22.4432334899902,-46.9347229003906,0.001426307564543,3.10066861857194e-05,1.69711602211464e-05,8364.09875160369,1478.84143394338,1078
"3029",105685,-22.434154510498,-46.897705078125,0.0016805933773866,3.6534638638841e-05,1.80473380169133e-05,8190.25254241559,96.2702470325667,813
"3030",105686,-22.4251194000244,-46.8607902526855,0.0017189360951306,3.73681759811006e-05,1.85789322131313e-05,9779.32995594535,191.5029052848,713
"3031",105687,-22.4161262512207,-46.823974609375,0.0014880432208883,3.2348765671486e-05,1.54918488988187e-05,12464.1521026088,1376.68822200496,824
"3032",105688,-22.4071750640869,-46.7872581481934,0.000897213420103,1.95046395674581e-05,1.51235981320497e-05,15683.6180655738,779.674577435088,1017
"3033",105689,-22.3982639312744,-46.7506370544434,8.88058680175163e-05,1.93056234820688e-06,1.4568819096894e-05,19163.7206500837,52.280632248057,1288
"3034",105690,-22.3893947601318,-46.7141075134277,0.0007024785481917,1.52712727867765e-05,1.74488122866023e-05,22780.2328204319,50.2824430786859,1143
"3035",105691,-22.3805656433105,-46.6776695251465,0.0010475454364495,2.27727268793387e-05,2.0581363060046e-05,26472.7069042414,9.35296518090598,984
"3036",105692,-22.3717765808105,-46.6413192749023,0.0009887308224278,2.14941483136499e-05,1.93437244888628e-05,30209.7019753766,12.2879085409483,770
"3037",105693,-22.3630256652832,-46.6050567626953,0.0007198752755357,1.56494625116466e-05,1.55119978444418e-05,33973.119772776,8.1533561795136,853
"3038",105695,-22.3456382751465,-46.532787322998,8.0031466040964e-05,1.73981447915139e-06,1.49341904034372e-05,41540.1808899242,12.3774859315053,786
"3039",105697,-22.3284015655518,-46.4608383178711,0.0008769569831201,1.90642822417431e-05,1.90917344298214e-05,49127.1920430339,18.5599926897669,936
"3040",105698,-22.3198356628418,-46.424976348877,0.0012172199240012,2.64613026956795e-05,1.86192228284199e-05,50101.8672865394,24.9922778648001,628
"3041",105699,-22.3113059997559,-46.3891944885254,0.0007306042280106,1.58827006089268e-05,2.01962611754425e-05,46282.4080804382,99.5331337371083,604
"3042",105700,-22.3028125762939,-46.3534851074219,0.0024770134332357,5.38481181138195e-05,2.96328325930517e-05,42473.1147348719,239.653570655275,1475
"3043",105701,-22.2943515777588,-46.3178443908691,0.000460032495539,1.0000706424762e-05,1.68149854289368e-05,38674.0799212378,217.437876440766,713
"3044",105705,-22.2608451843262,-46.175952911377,0.0001269632593903,2.76007085631136e-06,1.68470814969623e-05,23602.5251462306,152.907048449671,1073
"3045",105706,-22.2525482177734,-46.1406402587891,0.0005126628420839,1.11448443931295e-05,1.56522073666565e-05,19878.4094304381,250.215408457547,784
"3046",105707,-22.2442836761475,-46.1053848266602,0.0004881729855696,1.06124562080367e-05,1.39117664730293e-05,16185.1010631783,12.0717957634205,933
"3047",105710,-22.2196712493896,-45.9999580383301,0.0003302292943772,7.17889770385227e-06,1.54755434778053e-05,5769.39721152101,161.877129506457,1002
"3048",105711,-22.2115268707275,-45.9649238586426,0.0011428475590946,2.48445121542318e-05,1.60522413352737e-05,3679.8745890078,1534.59869111231,788
"3049",105712,-22.2034111022949,-45.9299392700195,0.0004751205033244,1.03287065940094e-05,1.21669600048335e-05,2530.09275677768,968.529332938458,804
"3050",105713,-22.1953220367432,-45.8950042724609,0.0005621004584099,1.22195751828258e-05,1.28381871036254e-05,4638.22279812611,175.86541343366,1130
"3051",105714,-22.1872634887695,-45.8601150512695,0.001026608650136,2.23175793507835e-05,2.07567791221663e-05,5353.86082186689,34.3440427555492,781
"3052",105717,-22.1632461547852,-45.7557106018066,0.0001959411511052,4.25959024141775e-06,1.54390236275503e-05,14696.3615727304,102.769716988861,910
"3053",105718,-22.1552925109863,-45.7209930419922,0.0001872810471468,4.07132711188751e-06,1.45165931826341e-05,18257.7374740989,14.6090099428832,994
"3054",105721,-22.1315841674805,-45.617057800293,0.0012252846281626,2.66366223513614e-05,1.62162905326113e-05,29135.309073265,12.1807230599836,881
"3055",105722,-22.1237316131592,-45.5824851989746,0.0010126142551598,2.20133533730404e-05,1.4632688362326e-05,32785.1640090638,10.8625920204219,751
"3056",105723,-22.1159019470215,-45.5479393005371,0.0006448927215387,1.40194069899735e-05,1.43837187351892e-05,36439.845864748,21.5356668912702,1272
"3057",105724,-22.1080951690674,-45.5134239196777,0.000377568316253,8.20800687506562e-06,1.14285603558528e-05,40096.755268705,104.124538000684,1032
"3058",105725,-22.1003131866455,-45.4789390563965,0.0003359300335432,7.3028268161579e-06,1.4000326700625e-05,43754.3336985021,9.21576999711548,838
"3059",105727,-22.0848140716553,-45.410041809082,0.0002740261934377,5.95709116169019e-06,1.54329172801226e-05,51069.9172768055,13.1293103901828,226
"3060",105730,-22.0617294311523,-45.3068695068359,0.0001510908618911,3.2845839541551e-06,1.9079116100329e-05,62036.6772884425,25.9723810872945,901
"3061",105731,-22.0540771484375,-45.272518157959,0.0012631669742404,2.74601516139228e-05,2.05139949684963e-05,65689.8614175122,109.59085955988,791
"3062",105733,-22.0388317108154,-45.2038612365723,0.0009539033962937,2.0737030354212e-05,1.49654179040226e-05,72992.8942096685,13.2459079493745,859
"3063",105734,-22.0312385559082,-45.1695556640625,0.000786056923971,1.70881939993706e-05,1.25790811580373e-05,76642.474133138,9.57865400955741,618
"3064",105735,-22.0236625671387,-45.1352577209473,0.0004194447337795,9.11836377781583e-06,1.20703771244735e-05,80291.4644083561,7.1827600427961,922
"3065",105736,-22.0161075592041,-45.1009712219238,0.0003683466165966,8.00753514340613e-06,1.1697339687089e-05,81793.1133459652,7.2347367475475,608
"3066",105737,-22.0085716247559,-45.0666961669922,0.0001539948975732,3.34771516463661e-06,1.09398497443181e-05,82701.3991992832,6.79342350947868,1463
"3067",105738,-22.0010509490967,-45.0324249267578,0.0010142783539777,2.20495294342982e-05,1.46102556755068e-05,83757.5612266494,9.21313530937567,694
"3068",105739,-21.9935512542725,-44.998161315918,0.0007355579509749,1.5990390238585e-05,1.13389369289507e-05,84955.3046815382,6.03134878566416,982
"3069",105741,-21.9785995483398,-44.9296379089355,0.0004577403433359,9.95087702904129e-06,1.09635820990661e-05,83007.5804520947,907.295505734124,1092
"3070",105742,-21.9711494445801,-44.895378112793,0.0003936158918804,8.55686721479287e-06,1.04448317870265e-05,80657.0824061924,389.001206708938,854
"3071",105743,-21.9637145996094,-44.8611183166504,0.0001477621308367,3.21222023558221e-06,1.00392398962867e-05,78404.9426337327,73.4538971010392,872
"3072",105744,-21.9562969207764,-44.8268547058105,0.0004181733565928,9.09072514332365e-06,1.04874015960377e-05,76259.3849210518,18.8018461305228,933
"3073",105745,-21.9488925933838,-44.7925872802734,0.0005194639925321,1.12926954898285e-05,1.29853260659729e-05,74229.9414614055,8.1627215599212,924
"3074",105746,-21.9415054321289,-44.7583122253418,0.0001381241031594,3.0026978947717e-06,1.03200964076677e-05,72325.8150177748,6.51169705960037,1025
"3075",105747,-21.9341335296631,-44.7240295410156,0.000282111251181,6.13285328654456e-06,1.11618346636533e-05,70557.3659569955,3.28007182893249,790
"3076",105748,-21.9267749786377,-44.6897392272949,0.0006853274444438,1.48984227053006e-05,1.26164532048278e-05,68935.2661267899,3.14394435085334,923
"3077",105749,-21.9194316864014,-44.6554374694824,0.0001583180046509,3.44169575328124e-06,1.11196277430281e-05,67469.741844985,4.57922995036713,783
"3078",105750,-21.9121017456055,-44.6211242675781,0.0005394010058807,1.17261088234955e-05,1.23687941595563e-05,66171.5052506119,3.37137915711063,686
"3079",105751,-21.90478515625,-44.5867958068848,0.0005456975213746,1.18629895951017e-05,1.37492388603278e-05,65050.5190062386,2.41309877754613,801
"3080",105752,-21.897481918335,-44.5524482727051,0.000270139328677,5.87259410167462e-06,1.14449176180642e-05,64116.1141366984,38.3738244376875,992
"3081",105753,-21.8901920318604,-44.5180892944336,0.0003433148485783,7.46336627344135e-06,1.1212569916097e-05,63377.1280152718,129.635533643733,796
"3082",105754,-21.8829135894775,-44.4837074279785,0.0001440215064576,3.13090231429669e-06,1.06551733551896e-05,62840.4018996816,19.0754652999219,865
"3083",105757,-21.8611545562744,-44.3804321289062,0.0005003919959563,1.08780868686154e-05,1.12428924694541e-05,62488.9654784574,3.23744555639932,980
"3084",105759,-21.8467044830322,-44.3114547729492,0.0005269263729132,1.1454921150289e-05,9.94445963442558e-06,63314.061385871,4.46184554012076,1280
"3085",105760,-21.8394947052002,-44.276927947998,0.0001806693126127,3.92759375245078e-06,9.91821980278473e-06,64036.6508452483,3.6724134695863,1319
"3086",105761,-21.83229637146,-44.2423667907715,0.0007172326149884,1.55920133693144e-05,1.03333204606315e-05,64957.8373942757,2.89674298284782,1006
"3087",105762,-21.8251094818115,-44.2077713012695,0.0005072689964435,1.10275868792087e-05,9.07700541574741e-06,66069.8482229612,2.44271129481593,24
"3088",105763,-21.8179302215576,-44.1731452941895,0.0006128918284957,1.33237354020821e-05,1.02872800198384e-05,67364.1102694954,1.51643460136476,904
"3089",105764,-21.8107624053955,-44.1384811401367,0.0004085934087925,8.88246540853288e-06,9.38832818064839e-06,68830.5651920601,1.36883173921522,764
"3090",105765,-21.8036022186279,-44.1037788391113,0.0001089075194613,2.36755477089901e-06,8.03331477072788e-06,69335.2928592671,1.45768802029243,735
"3091",105766,-21.7964515686035,-44.0690422058105,0.0002918578766184,6.3447364482272e-06,8.92559546628036e-06,65646.5471320169,2.03609159093,582
"3092",105768,-21.7821750640869,-43.9994354248047,0.0002397699645371,5.2123905334156e-06,1.07670439319918e-05,58256.4745276026,4.935632449817,663
"3093",105769,-21.7750492095947,-43.9645690917969,0.0001731025809021,3.76309958483034e-06,9.03260570339626e-06,54555.5856294585,3.09873976100801,728
"3094",105770,-21.7679309844971,-43.9296569824219,0.0002969084098367,6.45453064862522e-06,8.38120013213484e-06,50850.4383691396,4.52332270538253,1010
"3095",105771,-21.7608203887939,-43.8946952819824,0.0010885729861911,2.366463013459e-05,1.44529085446266e-05,47140.6910527602,10.3784111751753,832
"3096",105772,-21.7537155151367,-43.8596839904785,0.0007139331173675,1.55202851601643e-05,1.28102128655883e-05,43426.3704789265,3.5741195580629,884
"3097",105773,-21.746618270874,-43.8246231079102,3.94208640273064e-05,8.56975304941443e-07,1.07795322037418e-05,39707.6033005277,3.16489506015717,1148
"3098",105774,-21.7395286560059,-43.7895050048828,0.00060552224204,1.31635270008701e-05,1.41964983413345e-05,35983.7347793787,4.5887202719529,1027
"3099",105775,-21.7324447631836,-43.754337310791,0.0014770893540117,3.2110638130689e-05,1.64899756782688e-05,32255.6940403999,9.22717991854716,789
"3100",105776,-21.7253665924072,-43.719108581543,0.0012490643894125,2.7153573682881e-05,1.63976637850283e-05,28522.5937158957,13.4454848386366,786
"3101",105777,-21.7182941436768,-43.6838226318359,0.0003802969094977,8.26732411951525e-06,1.23703002827824e-05,24785.2793535913,5.70566768474136,776
"3102",105778,-21.7112255096436,-43.6484794616699,7.34858754185552e-05,1.59751903083816e-06,1.1220498890907e-05,21044.5033515717,3.47396449882068,787
"3103",105779,-21.7041645050049,-43.6130714416504,0.0004346033201727,9.44789826462511e-06,1.33078892758931e-05,17301.0015278897,14.9444055077598,1050
"3104",105782,-21.6830043792725,-43.5064544677734,0.0009957850852515,2.16475018532947e-05,1.40876718432992e-05,6122.16070611196,35.6756577373202,901
"3105",105783,-21.6759586334229,-43.4707794189453,0.0017099699762184,3.71732603525743e-05,1.93194609892089e-05,2637.51880911153,93.480286500604,747
"3106",105784,-21.6689186096191,-43.4350318908691,0.0021263892849674,4.62258540210314e-05,2.30711175390752e-05,2251.36489084306,1269.14723301887,1090
"3107",105785,-21.6618804931641,-43.3992118835449,0.0009478569809289,2.0605586541933e-05,1.22965793707408e-05,5655.42277420437,199.161664124091,840
"3108",105786,-21.6548442840576,-43.3633155822754,0.0002549911596361,5.54328607904608e-06,1.14902713903575e-05,9374.19596365261,18.0973820197399,950
"3109",105787,-21.6478118896484,-43.3273429870605,0.0003673701885418,7.98630844656145e-06,9.7175725386478e-06,12542.2825296606,91.5812050348383,844
"3110",105788,-21.6407833099365,-43.2912902832031,9.60349352681078e-05,2.0877159840893e-06,8.96428082342027e-06,14198.3825181601,53.3678793107456,993
"3111",105789,-21.6337547302246,-43.2551574707031,0.0003225453046979,7.01185444995645e-06,9.81846915237838e-06,16589.8422493314,5.14401427187989,792
"3112",105791,-21.6197052001953,-43.1826362609863,0.0003584260339266,7.79187030275352e-06,8.85458121047122e-06,22611.6043050201,5.61474854758396,632
"3113",105792,-21.6126823425293,-43.1462440490723,0.000106131263692,2.30720138461038e-06,1.01104906207183e-05,25964.1449088827,3.0263052524788,1457
"3114",105793,-21.6056594848633,-43.1097640991211,8.60233733419591e-05,1.87007333352085e-06,1.03151760413311e-05,29447.3860034574,20.2845331604046,585
"3115",105794,-21.5986385345459,-43.0731925964355,0.0008098085709207,1.76045341504505e-05,1.15538568934426e-05,33023.3376398201,8.2282688302411,703
"3116",105795,-21.5916175842285,-43.0365257263184,0.0004190641448076,9.1100901045138e-06,1.14428130473243e-05,36668.2666009028,36.4971936477901,924
"3117",105796,-21.5845966339111,-42.9997634887695,0.0002791669057842,6.06884577791789e-06,1.01850637292955e-05,40366.287599748,44.2176075131826,831
"3118",105797,-21.5775737762451,-42.9629058837891,0.0005416412805061,1.1774810445786e-05,1.07216274045641e-05,44106.7115105272,28.101126555321,776
"3119",105798,-21.5705528259277,-42.9259452819824,0.0007255613090819,1.57730719365645e-05,1.20003996926243e-05,44220.2519109874,7.77066358229836,992
"3120",105799,-21.5635299682617,-42.8888816833496,0.0001818961336539,3.95426377508556e-06,1.01804025689489e-05,41250.1441406297,7.91692418987502,937
"3121",105800,-21.5565071105957,-42.8517150878906,0.0002773091237031,6.02845921093831e-06,1.14129343273817e-05,38442.5642715848,3.57867354109488,1069
"3122",105801,-21.5494823455811,-42.8144378662109,0.0007166824616433,1.55800535139861e-05,1.10374585347017e-05,35838.7068734701,4.19146325534544,783
"3123",105802,-21.5424537658691,-42.7770538330078,2.38162141386056e-05,5.1774378562186e-07,1.07825990198762e-05,33490.5501813458,4.47577277774751,781
"3124",105804,-21.5283946990967,-42.7019500732422,0.0004727623745566,1.0277442925144e-05,1.12692787297419e-05,29813.1987189914,13.669534053311,807
"3125",105805,-21.5213603973389,-42.6642265319824,0.0005952880928816,1.29410454974277e-05,9.86748273135163e-06,28624.9621763896,1136.06706909059,977
"3126",105806,-21.5143241882324,-42.6263809204102,0.0004070367467647,8.84862492966931e-06,9.34864056034712e-06,27957.2494106916,1111.63948925733,764
"3127",105807,-21.5072822570801,-42.5884132385254,7.44213557481999e-05,1.61785555974348e-06,8.83005213836441e-06,27853.3206894149,33.5521245434016,1160
"3128",105808,-21.5002384185791,-42.5503273010254,0.0002411381728961,5.24213419339503e-06,1.05302706288057e-05,28324.2987642198,8.78743099005788,1287
"3129",105809,-21.4931907653809,-42.5121116638184,0.0005053748373029,1.09864095065859e-05,9.85526639851741e-06,29347.8473030914,8.61519464014133,862
"3130",106087,-22.5261039733887,-47.4762916564941,0.0015010204806458,3.26308800140396e-05,1.95675202121492e-05,6138.97265548129,232.297291475119,826
"3131",106088,-22.5163440704346,-47.4376106262207,0.0040780927083687,8.86541893123649e-05,2.80187341559213e-05,4375.86543158418,139.799341425676,903
"3132",106089,-22.5066375732422,-47.3990669250488,0.0038309499359456,8.32815203466453e-05,2.66630322585115e-05,2181.01323713415,192.450687725354,559
"3133",106090,-22.4969825744629,-47.3606567382812,0.0018107758078258,3.9364691474475e-05,1.82081803359324e-05,3206.7959859218,12.4548530361979,1544
"3134",106091,-22.4873809814453,-47.322380065918,0.0029784781654598,6.4749525336083e-05,2.15831514651654e-05,7047.70807504033,15.3645274136883,635
"3135",106092,-22.4778308868408,-47.2842292785645,0.0018586188161862,4.04047568736132e-05,1.8400951375952e-05,11070.9851729102,9.39566311271652,575
"3136",106093,-22.4683303833008,-47.2462043762207,0.0014188266504788,3.0844057619106e-05,1.71334759215824e-05,14954.7879290748,156.980697391509,715
"3137",106094,-22.4588794708252,-47.2083015441895,0.002842077621608,6.17842961219139e-05,2.32210459216731e-05,18766.1561609695,243.87157494566,911
"3138",106095,-22.4494781494141,-47.1705207824707,0.0016270686028292,3.53710565832444e-05,1.69383110915078e-05,22653.8547686211,172.100051434772,790
"3139",106096,-22.4401245117188,-47.1328582763672,0.0001680335767559,3.65290384252148e-06,1.61397983902134e-05,20161.4886143195,8.57738194829562,798
"3140",106097,-22.4308185577393,-47.0953102111816,0.0017556948732817,3.81672798539512e-05,1.90310238394886e-05,16253.1509340353,15.1269474111388,979
"3141",106098,-22.4215602874756,-47.0578765869141,0.0007584340382891,1.64876964845462e-05,1.53497858264018e-05,12435.6349168924,19.8415710964316,801
"3142",106099,-22.4123458862305,-47.0205535888672,0.0003095149750151,6.7285864133737e-06,1.62770702445414e-05,8809.44843166721,19.663011482499,900
"3143",106100,-22.4031791687012,-46.983341217041,0.0015717476926511,3.41684281011112e-05,1.79297931026667e-05,5723.36174976405,857.362330679283,777
"3144",106101,-22.3940563201904,-46.946231842041,0.0001306227727582,2.83962549474381e-06,1.48207682286738e-05,3227.14208829263,1728.86553962941,820
"3145",106102,-22.3849754333496,-46.9092292785645,0.0016622829352854,3.61365855496842e-05,1.66924401128199e-05,3063.78519233655,1155.25146542967,773
"3146",106103,-22.375940322876,-46.8723297119141,0.000894229789992,1.94397780433064e-05,1.53999608301092e-05,6304.06932985586,19.7124133247847,985
"3147",106104,-22.3669471740723,-46.8355293273926,0.001052183793945,2.28735607379349e-05,1.5228029951686e-05,10060.3173993277,27.9876001478478,893
"3148",106105,-22.3579959869385,-46.7988243103027,4.88848481836612e-05,1.06271409094916e-06,1.38262994369143e-05,13911.8726333888,7.74864085060038,713
"3149",106106,-22.3490867614746,-46.7622146606445,0.001247742347914,2.71248336503049e-05,1.82606199814472e-05,17789.8305586258,6.29822995327533,1289
"3150",106107,-22.340217590332,-46.725700378418,0.0005660459992213,1.23053478091606e-05,1.64096672961023e-05,21674.2189115735,17.2357367683793,1160
"3151",106108,-22.3313884735107,-46.6892738342285,0.000252213972999,5.48291245650034e-06,1.35140981001314e-05,25557.9741923567,30.5131374464002,761
"3152",106109,-22.3225994110107,-46.6529388427734,0.0006446335009968,1.40137717608013e-05,1.51549329530098e-05,29437.007018867,19.1718671724906,953
"3153",106110,-22.3138484954834,-46.6166915893555,0.0010254203189106,2.22917460632743e-05,1.74695323948981e-05,33309.7789328845,262.13088879444,1002
"3154",106111,-22.3051376342773,-46.5805282592773,0.000594697859924,1.29282143461751e-05,1.36857124743983e-05,37175.5008584046,228.827762689616,886
"3155",106113,-22.2878265380859,-46.5084457397461,0.0014585389362764,3.17073681799229e-05,2.28090502787381e-05,44884.1859555493,19.491580549864,1117
"3156",106114,-22.279224395752,-46.4725227355957,0.0003457659386185,7.51665083953412e-06,1.49733905345784e-05,48433.4697854903,20.1475378158885,983
"3157",106116,-22.2621326446533,-46.4009094238281,0.0001825045237637,3.96748964703875e-06,2.39631790464045e-05,46896.302770045,248.771762072909,28
"3158",106117,-22.2536373138428,-46.3652114868164,0.0004607754326571,1.00168572316761e-05,1.70075254573021e-05,43157.6368789844,350.231179751799,808
"3159",106118,-22.2451782226562,-46.3295822143555,0.0003717393683473,8.08129061624641e-06,2.14482643059455e-05,39442.063461044,318.993251017091,718
"3160",106119,-22.2367515563965,-46.2940254211426,0.0004985746909369,1.08385802377597e-05,1.92555526155047e-05,35754.65701302,10.2017907583593,601
"3161",106120,-22.2283592224121,-46.2585334777832,0.000179901168849,3.91089497497887e-06,2.13441308005713e-05,32101.417056986,12.9213863693269,608
"3162",106121,-22.2199993133545,-46.2231063842773,0.0005669699221471,1.23254330901545e-05,2.89098024950363e-05,28492.5225346747,28.9873932111164,793
"3163",106122,-22.2116718292236,-46.187744140625,2.35058769249008e-05,5.10997324454365e-07,2.03314539248822e-05,24943.8500176115,19.2811009399194,1226
"3164",106124,-22.1951122283936,-46.1172027587891,0.000913541218324,1.98595917026978e-05,1.83099527930608e-05,18148.690915175,21.5964350046062,925
"3165",106125,-22.1868782043457,-46.0820159912109,0.0009214386591338,2.00312751985621e-05,1.67529015016044e-05,15028.1823548786,21.2560438450511,820
"3166",106126,-22.178674697876,-46.0468902587891,0.0022979619898251,4.9955695430981e-05,3.16342266160063e-05,12276.8708460154,63.1531102561287,777
"3167",106127,-22.1705017089844,-46.0118141174316,0.0003416466288399,7.42710062695551e-06,2.35010957112536e-05,10189.6270971409,58.2409935330281,812
"3168",106132,-22.1300640106201,-45.8371887207031,0.0005106654298288,1.11014223875827e-05,1.65829915204085e-05,12137.9154300601,9.40136462643325,866
"3169",106133,-22.1220588684082,-45.8024024963379,0.0008433544535364,1.83337924681837e-05,2.54447077168152e-05,14511.231130747,45.9135065361632,703
"3170",106135,-22.1061267852783,-45.7329483032227,0.000164963041243,3.58615307050059e-06,1.05380349850748e-05,20477.8985850926,18.6317394816817,1071
"3171",106136,-22.098201751709,-45.6982803344727,0.0010085742469527,2.1925527107669e-05,1.23128229461145e-05,23762.4090279495,11.0729812291685,969
"3172",106137,-22.0902996063232,-45.6636505126953,0.0001269619206141,2.7600417524809e-06,1.53553028212627e-05,27150.0380761749,49.5628408237446,859
"3173",106138,-22.0824222564697,-45.6290550231934,0.0011086903577961,2.41019642999163e-05,1.40279680636013e-05,30605.1671957332,9.69406401610368,701
"3174",106140,-22.0667419433594,-45.5599594116211,0.0002922501589637,6.35326432529837e-06,1.30469552459545e-05,37639.1367057003,111.325927749447,1031
"3175",106141,-22.0589351654053,-45.5254592895508,0.0013280995444802,2.88717292278307e-05,1.68185251823161e-05,41194.9880922849,127.416960764763,1174
"3176",106142,-22.0511531829834,-45.4909820556641,0.0004724003611045,1.02695730674895e-05,1.23634326882893e-05,44767.9836197138,14.1069574445758,777
"3177",106143,-22.0433940887451,-45.4565353393555,0.0009238740603905,2.00842187041417e-05,1.40541496875812e-05,48353.0284003851,22.7495345706397,849
"3178",106144,-22.0356578826904,-45.4221153259277,0.0004773002820002,1.03760930869612e-05,1.43056249726214e-05,51947.2065270379,27.2347617072422,919
"3179",106145,-22.0279426574707,-45.3877143859863,0.0015088754153112,3.28016394632868e-05,2.14561059692642e-05,55548.9015819236,15.7402593875877,866
"3180",106146,-22.0202484130859,-45.3533363342285,0.0010632972262101,2.31151570915245e-05,2.23574243136682e-05,59155.9183989359,28.0202034634073,933
"3181",106147,-22.0125751495361,-45.318977355957,0.0021924913598923,4.76628556498326e-05,3.50208683812525e-05,62767.2038130573,148.765820677096,1184
"3182",106148,-22.0049228668213,-45.2846374511719,0.001431295844668,3.11151270580012e-05,1.50160603880067e-05,66381.6525823633,45.3009696267768,1735
"3183",106149,-21.9972915649414,-45.2503128051758,0.0005593249243247,1.21592374853208e-05,1.20613922263146e-05,69998.7545549257,28.4865366865222,912
"3184",106150,-21.9896793365479,-45.216007232666,0.0002957584638352,6.42953182250494e-06,1.32941531774122e-05,73617.5182190166,10.3229246842056,960
"3185",106151,-21.9820861816406,-45.1817092895508,0.0004443789384822,9.66041170613607e-06,1.17457466330961e-05,77238.4739170972,8.86990892439096,779
"3186",106152,-21.9745140075684,-45.1474266052246,0.0007219437684398,1.56944297486916e-05,1.28153769765049e-05,80860.3412052289,6.9718742624701,639
"3187",106153,-21.9669589996338,-45.1131553649902,0.0012747524924634,2.77120107057272e-05,1.249607612408e-05,84483.2523634328,4.92164833660339,578
"3188",106154,-21.9594230651855,-45.0788879394531,0.0004457649483811,9.69054235611111e-06,9.71245572145563e-06,88107.5500084758,3.57581833591905,938
"3189",106156,-21.9444046020508,-45.0103759765625,0.0001709766252133,3.7168831568124e-06,9.96352719084825e-06,90238.5997152182,4.64829551230578,787
"3190",106157,-21.9369220733643,-44.9761276245117,3.84819792316193e-05,8.36564765904768e-07,1.04361506600981e-05,89633.6905977035,5.65468446723564,993
"3191",106158,-21.9294567108154,-44.9418792724609,0.0007087163248797,1.54068766278215e-05,1.23860572784906e-05,87311.165845057,5.55117931857905,780
"3192",106159,-21.9220066070557,-44.9076347351074,0.0007175994396675,1.55999878188595e-05,1.13899941425188e-05,85080.9551143575,151.790558940954,773
"3193",106160,-21.9145736694336,-44.8733863830566,0.0001146771533058,2.49298159360478e-06,9.25334643397946e-06,82949.6741216911,25.5401226114028,740
"3194",106163,-21.8923683166504,-44.7706146240234,0.0014430181690841,3.13699601974804e-05,1.59937426360557e-05,77229.9267935952,3.68515033768923,865
"3195",106165,-21.8776397705078,-44.7020683288574,0.0001649437544983,3.58573379344307e-06,1.11340314106201e-05,74063.8045873811,2.84965626491595,740
"3196",106166,-21.8702983856201,-44.6677780151367,0.000196779559701,4.27781651524128e-06,1.33859202833264e-05,72700.9071164853,2.28596846430029,900
"3197",106167,-21.8629684448242,-44.6334762573242,5.61852052669565e-05,1.2214175058034e-06,8.08733511803439e-06,71496.8023274119,1.53621506521429,735
"3198",106170,-21.8410625457764,-44.5304756164551,0.0007246624045365,1.57535305334022e-05,1.23869176604785e-05,68913.8099746333,1.82796679260076,1004
"3199",106171,-21.8337879180908,-44.4961090087891,0.0006339872179523,1.37823308250518e-05,1.14884023787454e-05,68418.2101089384,2.72216774243059,887
"3200",106172,-21.8265228271484,-44.4617195129395,0.0008334172198374,1.81177656486398e-05,1.12254774649045e-05,68113.7994972164,3.16346528628499,856
"3201",106173,-21.8192710876465,-44.4273071289062,0.0007054915477056,1.53367727762088e-05,1.00484576250892e-05,68003.0684434516,2.9108529655924,902
"3202",106174,-21.8120307922363,-44.3928680419922,0.0002576403048806,5.60087619305705e-06,8.51781987876166e-06,68087.4239831578,2.44538472063087,940
"3203",106175,-21.804801940918,-44.3584060668945,0.0004410689816722,9.58845612331061e-06,8.117143806885e-06,68366.5799572488,2.807922828172,1145
"3204",106176,-21.7975845336914,-44.323917388916,0.0002880507527152,6.26197288511321e-06,7.60398870625068e-06,68838.4662065973,13.9587241352396,1531
"3205",106177,-21.790376663208,-44.2893981933594,0.0001645406887291,3.57697149411251e-06,8.40615484776208e-06,69499.7476903963,16.2251079520902,418
"3206",106178,-21.7831802368164,-44.2548522949219,0.0003324889812574,7.22802133168443e-06,6.99502788847894e-06,70345.303679878,2.72706588133667,791
"3207",106180,-21.7688159942627,-44.1856536865234,0.0001135619527303,2.46873810283432e-06,6.96477536621387e-06,72564.5530988935,2.12436871184186,636
"3208",106181,-21.7616481781006,-44.1510047912598,0.0003366971523064,7.31950331100961e-06,7.79366837377893e-06,73469.8621424638,1.40506098486424,578
"3209",106182,-21.7544918060303,-44.1163139343262,4.14375813306833e-05,9.00816985449637e-07,8.24740709504113e-06,69804.4245677384,1.35890894973272,658
"3210",106183,-21.7473411560059,-44.0815887451172,0.0001839124142861,3.99809596274281e-06,7.85261909186374e-06,66137.7544436728,1.86440156456229,901
"3211",106184,-21.7402019500732,-44.046817779541,0.0002576208507889,5.60045327802072e-06,9.48696288105566e-06,62469.1069266306,2.2103635773937,895
"3212",106185,-21.7330684661865,-44.0120086669922,1.77556958647074e-05,3.85993388363204e-07,8.68793176778127e-06,58799.6654563728,2.44818872892655,761
"3213",106187,-21.7188282012939,-43.942253112793,0.0002082839982904,4.52791300631361e-06,9.56570238486165e-06,51458.6450096443,21.9582857132605,806
"3214",106189,-21.7046165466309,-43.8723030090332,0.0002512995051802,5.46303272130899e-06,1.68031874636654e-05,44119.8026382711,3.04622196969289,681
"3215",106190,-21.6975212097168,-43.8372535705566,0.0005372669129428,1.1679715498758e-05,1.53279124788241e-05,40454.695990778,3.43440035937285,788
"3216",106191,-21.6904315948486,-43.8021507263184,0.0005033404413552,1.09421835077228e-05,1.14619469968602e-05,36795.1803768165,5.97768149711323,1042
"3217",106193,-21.6762733459473,-43.7317810058594,0.0005236592569417,1.13838968900382e-05,1.40000829560449e-05,29508.8372953898,28.5333614379983,714
"3218",106194,-21.6692028045654,-43.6965065002441,0.0004660762751882,1.01320929388748e-05,1.20328550110571e-05,25895.091629891,5.17890871220591,869
"3219",106195,-21.6621379852295,-43.6611747741699,0.0005995854808134,1.30344669742044e-05,1.11176777863875e-05,22317.9296216242,2.67006130028346,697
"3220",106197,-21.648021697998,-43.5903167724609,0.0007412539416691,1.61142161232419e-05,1.2480211807997e-05,15389.9881934282,3.90039335302342,858
"3221",106198,-21.6409702301025,-43.5547943115234,0.0006399979884008,1.39129997478449e-05,1.19644164442434e-05,12181.1388176079,7.0857235270085,1025
"3222",106199,-21.6339225769043,-43.5191993713379,4.56616189694614e-05,9.92643890640466e-07,1.13924306788249e-05,9390.38758024435,10.9787083208356,799
"3223",106200,-21.626880645752,-43.4835357666016,0.0003963811759604,8.61698208609596e-06,1.12655434350017e-05,7510.94099282937,23.414626444503,950
"3224",106201,-21.6198406219482,-43.4478034973145,0.00079990012091,1.73891330632614e-05,1.17415593194892e-05,7296.9879370767,19.6270372252169,1032
"3225",106202,-21.6128044128418,-43.411994934082,0.0002341572708246,5.09037545270985e-06,1.04177879620693e-05,8878.88564565074,30.7368208531462,876
"3226",106203,-21.6057720184326,-43.3761100769043,0.0005883647791051,1.27905386761995e-05,1.00489487522282e-05,11547.9168302123,9.41919915181011,1103
"3227",106204,-21.5987415313721,-43.3401489257812,0.0009980813374568,2.16974203794962e-05,1.14668127935147e-05,14730.3846595544,9.45249478534032,891
"3228",106205,-21.5917129516602,-43.3041076660156,0.0008750051310926,1.90218506759265e-05,1.14539507194422e-05,18163.482437721,24.7439761346451,799
"3229",106206,-21.5846881866455,-43.2679862976074,0.0009265476801374,2.01423408725532e-05,1.42514563776786e-05,20884.7323283367,55.2270689914629,1624
"3230",106207,-21.5776634216309,-43.2317810058594,0.0008028087795537,1.74523647729075e-05,1.63357435667422e-05,23190.8544000723,9.32831390288823,1574
"3231",106208,-21.5706424713135,-43.1954917907715,0.0007342223543673,1.59613555297256e-05,1.62146880029468e-05,25867.661607512,19.9778976544977,4
"3232",106209,-21.5636215209961,-43.1591148376465,0.0005516621877177,1.19926562547334e-05,1.12442457975703e-05,28815.9795026986,11.2630877676578,798
"3233",106210,-21.5566005706787,-43.1226463317871,0.000283193735413,6.15638555245823e-06,1.00676970760105e-05,31964.2608870597,4.00388161319581,608
"3234",106211,-21.54958152771,-43.0860862731934,0.0005390479036577,1.17184326882125e-05,1.12971383714466e-05,35261.8985504874,3.27839393784179,629
"3235",106212,-21.5425624847412,-43.0494346618652,0.0002238995884908,4.86738235849771e-06,1.13976193460985e-05,38673.6163543505,306.006918719406,715
"3236",106213,-21.5355434417725,-43.0126838684082,0.0001477391206208,3.21172001349623e-06,9.54621464188676e-06,42174.9429470778,510.785306216822,1032
"3237",106214,-21.5285243988037,-42.9758377075195,0.0001246264673682,2.70927102974383e-06,9.95263599179452e-06,45747.5523029826,11.2392606704314,688
"3238",106218,-21.5004405975342,-42.8274230957031,0.0001657924026403,3.60418266609486e-06,1.08885060399189e-05,40489.4538417227,4.78397406288585,778
"3239",106219,-21.4934177398682,-42.7900505065918,0.0001247203281309,2.71131148110726e-06,9.12312589207431e-06,38401.6716013408,11.3978275458372,692
"3240",106220,-21.4863910675049,-42.752571105957,0.0004782193936989,1.03960737760644e-05,1.04759028545232e-05,36617.1668059009,17.6254787773823,1017
"3241",106221,-21.479362487793,-42.714973449707,0.0003131705452688,6.80805533193052e-06,9.77448962657945e-06,35185.0518299209,8.09876559013958,685
"3242",106222,-21.4723300933838,-42.6772613525391,0.0006459547894337,1.40424954224727e-05,1.05774279290927e-05,34154.2570934644,19.5665511250888,878
"3243",106224,-21.4582576751709,-42.6014747619629,0.0001835483926697,3.99018244934268e-06,9.73791520664236e-06,33446.9893067469,11.8824082940146,916
"3244",106225,-21.4512157440186,-42.5634002685547,0.0010293470331816,2.23771094169933e-05,1.25748729260522e-05,33807.8631797434,28.2986735881417,721
"3245",106226,-21.4441719055176,-42.5251960754395,0.0003717030540428,8.08050117484527e-06,9.56461553869303e-06,34637.378164255,40.6343353324781,976
"3246",106505,-22.4768848419189,-47.4875946044922,0.0020553021095111,4.46804806415457e-05,1.91565159184393e-05,4192.32654906417,475.25150068987,970
"3247",106506,-22.4671249389648,-47.4489288330078,0.000926924378291,2.01505299628479e-05,1.64485263667302e-05,1221.81224952293,433.219519471419,893
"3248",106507,-22.4574184417725,-47.410400390625,0.0019572283854358,4.25484431616496e-05,1.94666463357862e-05,4063.35613136288,224.447785885829,836
"3249",106508,-22.4477653503418,-47.3720054626465,0.0018558492229203,4.03445483243559e-05,1.9250794139225e-05,4939.45420791683,16.2506995754828,910
"3250",106509,-22.4381637573242,-47.333740234375,0.0023336224694503,5.07309232489206e-05,1.89049133041408e-05,8129.82825984773,15.9716088741876,831
"3251",106510,-22.4286136627197,-47.2956047058105,0.0014684028719784,3.19218015647493e-05,1.75478562596254e-05,10484.6516394763,10.5678210439753,859
"3252",106511,-22.4191131591797,-47.2575912475586,0.0024028706684475,5.22363188792951e-05,1.8146822185372e-05,13185.4521845871,9.64046801551182,998
"3253",106512,-22.4096622467041,-47.2197036743164,0.0010016111045843,2.17741544474848e-05,1.68610276887193e-05,16454.7353373774,13.9878078702524,775
"3254",106513,-22.400260925293,-47.1819381713867,0.0014017651192261,3.04731547657866e-05,1.60318286361871e-05,20007.6801691847,16.9818747589659,885
"3255",106514,-22.3909072875977,-47.1442909240723,0.0007202698798209,1.56580408656737e-05,1.61821590154432e-05,19450.3166332788,61.7806305102002,568
"3256",106515,-22.3816013336182,-47.1067581176758,0.0005190079718886,1.12827819975791e-05,1.623858770472e-05,15431.0097134987,9.61582835019703,836
"3257",106516,-22.3723430633545,-47.0693359375,0.0011190780060133,2.43277827394195e-05,1.66215049830498e-05,11430.4323669833,10.7424385922295,666
"3258",106517,-22.363130569458,-47.0320281982422,0.0005025890950491,1.09258498923737e-05,1.55202469613869e-05,7458.98849725237,8.12175306289596,890
"3259",106518,-22.3539619445801,-46.9948272705078,0.0006646257807005,1.44483865369693e-05,1.62335400091251e-05,3570.54232130273,119.728438680935,781
"3260",106519,-22.3448390960693,-46.9577331542969,0.0022684379582642,4.93138686579186e-05,1.97718018171145e-05,1305.62513068579,2095.46204237992,829
"3261",106520,-22.3357601165771,-46.9207458496094,0.0024068580460152,5.23230010003317e-05,1.8804374121828e-05,3784.72110370784,2275.38271641343,696
"3262",106521,-22.3267250061035,-46.8838577270508,0.0007683224066568,1.67026610142784e-05,1.54590688907774e-05,6819.36873546233,63.5048435188761,874
"3263",106522,-22.3177318572998,-46.8470687866211,0.0002666885493454,5.79757715968299e-06,1.49027864608797e-05,10476.3113177053,11.8400707631953,829
"3264",106523,-22.308780670166,-46.8103790283203,0.0018032677835435,3.92014735552948e-05,1.682299625827e-05,14276.1504138795,10.4881011502879,728
"3265",106524,-22.2998714447021,-46.7737846374512,0.002021174528636,4.39385767094791e-05,2.27816144615645e-05,18122.3655336999,8.25335045100951,987
"3266",106525,-22.2910022735596,-46.7372817993164,0.0003313578617962,7.20343177817995e-06,1.5554878700641e-05,21985.329004136,17.2607065091163,885
"3267",106526,-22.2821750640869,-46.700870513916,0.0002419572319922,5.25993982591899e-06,1.53655655594775e-05,25852.7752442932,23.7208990433828,991
"3268",106527,-22.2733860015869,-46.66455078125,0.0003025240530405,6.57660984870745e-06,1.58087186719058e-05,29719.0215018504,31.431963525629,825
"3269",106529,-22.2559242248535,-46.5921630859375,0.0006168377458379,1.34095162138692e-05,1.47660175571218e-05,37438.782258551,265.628870286721,876
"3270",106530,-22.2472496032715,-46.556095123291,0.0002460439927745,5.34878245161963e-06,1.81504128704546e-05,41289.3882390483,16.1584168589665,1056
"3271",106531,-22.2386131286621,-46.5201072692871,0.0007287817352334,1.58430812007282e-05,2.00193990167463e-05,43971.4711313006,32.8140281910449,954
"3272",106533,-22.2214488983154,-46.4483680725098,0.0007328689353016,1.59319333761232e-05,1.71086703630863e-05,42215.9564578201,17.3937132147668,872
"3273",106534,-22.2129211425781,-46.4126091003418,0.000557608613235,1.21219263746752e-05,2.16884709516307e-05,41846.2566199306,25.282609958229,1032
"3274",106535,-22.2044277191162,-46.3769264221191,9.10852600100043e-05,1.98011434804357e-06,1.65768669830868e-05,41826.621561748,13.8194500250252,789
"3275",106536,-22.1959686279297,-46.3413124084473,0.0007315681468753,1.59036553668557e-05,1.23828476716881e-05,40967.5183720391,13.6223144577237,1539
"3276",106543,-22.137674331665,-46.0938377380371,0.0001811065276342,3.93709842683165e-06,1.86889828910353e-05,18898.1043576192,25.464392662689,923
"3277",106544,-22.1294708251953,-46.0587196350098,0.0003507452029225,7.62489571570768e-06,1.78931695700157e-05,16824.5189078522,161.919737012227,611
"3278",106545,-22.1212978363037,-46.0236587524414,5.04552588154183e-05,1.09685345250909e-06,2.46214149228763e-05,15367.0980287632,103.270785831932,747
"3279",106548,-22.0969524383545,-45.9187812805176,0.0005125323532411,1.11420076791546e-05,1.54792523971992e-05,14366.1449038359,30.6210616386518,198
"3280",106549,-22.0888938903809,-45.8839149475098,0.0006515607474284,1.41643640745315e-05,2.09827539947582e-05,15876.1149848478,12.1528585906848,611
"3281",106550,-22.0808639526367,-45.8490982055664,0.000485158396259,1.05469216578058e-05,2.57789070019498e-05,17147.0692450309,11.3537810296986,625
"3282",106551,-22.0728588104248,-45.814323425293,0.000457096768514,9.93688627204392e-06,1.44229588840972e-05,18922.6140822453,10.3662491888703,924
"3283",106552,-22.0648822784424,-45.7795906066895,0.0005447370331239,1.18421094157384e-05,1.75677942024777e-05,21201.7378853583,7.40482044782346,821
"3284",106553,-22.0569305419922,-45.7448959350586,0.0011473179838503,2.4941695301095e-05,1.37535844260128e-05,23838.6959638479,9.12601779936849,675
"3285",106554,-22.0490036010742,-45.7102394104004,0.0002333745678697,5.07336017108173e-06,1.15626817205339e-05,26725.9136725681,68.5494926538688,786
"3286",106555,-22.0411033630371,-45.6756210327148,0.0008831889026623,1.91997587535297e-05,1.5547315342701e-05,29788.8875684002,96.8224128498785,833
"3287",106556,-22.0332279205322,-45.6410369873047,0.0016757622361183,3.64296138286591e-05,1.43158322316594e-05,32977.5880335838,8.49771121605665,895
"3288",106557,-22.0253753662109,-45.6064872741699,0.0012202566031192,2.6527317459113e-05,1.60251274792245e-05,36257.7382036882,7.45019857937431,675
"3289",106558,-22.0175476074219,-45.5719680786133,0.0006757095925422,1.468933896831e-05,1.2465939107642e-05,39605.6753600925,10.9833384509624,832
"3290",106559,-22.009744644165,-45.5374794006348,0.0002607994192658,5.66955259273527e-06,1.29116897369386e-05,43004.612908185,12.7399564543507,905
"3291",106560,-22.0019626617432,-45.5030174255371,0.0008489650972478,1.8455762983649e-05,1.45187304951833e-05,46443.0330191842,15.2109621946674,771
"3292",106561,-21.9942035675049,-45.4685821533203,0.0011626164305198,2.52742702286923e-05,1.78714708454208e-05,49911.9474698908,20.9347805137914,965
"3293",106563,-21.9787540435791,-45.3997840881348,0.0002237353373857,4.86381168229855e-06,1.28456222228124e-05,56917.0520600332,19.5695227473733,1062
"3294",106564,-21.971061706543,-45.3654174804688,0.0002067166051347,4.49383924205904e-06,1.17570743896067e-05,60444.7903765087,450.208959840558,818
"3295",106565,-21.9633884429932,-45.3310737609863,0.0001957746408152,4.2559704525047e-06,1.18034167826409e-05,63985.0084946778,105.525510169617,839
"3296",106566,-21.955738067627,-45.296745300293,0.0001814447150536,3.94445032725343e-06,1.6409652744187e-05,67535.7985277167,50.5381521069026,874
"3297",106568,-21.9404964447021,-45.2281379699707,0.0002230419559055,4.84873817185871e-06,1.10742157630739e-05,74661.9089257017,10.7885521634134,895
"3298",106570,-21.9253330230713,-45.1595840454102,0.0002768040076261,6.01747842665645e-06,1.06678371594171e-05,81812.8835421052,4.11580810443322,813
"3299",106571,-21.9177799224854,-45.1253204345703,0.0005785571138403,1.2577328561747e-05,1.11217968878918e-05,85395.8145001114,4.44703791072776,1341
"3300",106572,-21.9102458953857,-45.0910682678223,0.0007100216316757,1.54352528625168e-05,1.05498429547879e-05,88982.4399087356,200.870512846505,1022
"3301",106573,-21.9027290344238,-45.0568237304688,0.0007534363867307,1.63790518854512e-05,1.10977634903975e-05,92572.5834786597,71.8304578076406,1516
"3302",106574,-21.8952293395996,-45.0225830078125,0.0006007080864947,1.30588714455371e-05,1.20343393064104e-05,95562.0124437467,19.029767779524,857
"3303",106575,-21.8877468109131,-44.9883460998535,0.000706130227627,1.53506571223261e-05,1.07437708720681e-05,93968.5824835174,6.87228618091874,597
"3304",106576,-21.8802833557129,-44.9541091918945,0.0005128488901391,1.11488889160682e-05,1.06365414467291e-05,91756.9481965551,4.25962317160197,26
"3305",106578,-21.8654022216797,-44.8856391906738,0.0004004824331786,8.70613985171076e-06,1.09320089904941e-05,87618.869622732,3.74846754716401,639
"3306",106579,-21.8579864501953,-44.8513984680176,5.29630577617013e-07,1.15137082090655e-08,1.01000850918354e-05,85705.3651384969,35.0386944653756,744
"3307",106581,-21.8432025909424,-44.7829055786133,0.0002181774498239,4.74298803965212e-06,9.08943729882594e-06,82225.7731071927,138.45825667512,850
"3308",106582,-21.8358325958252,-44.748649597168,0.0002344417398489,5.09655956193455e-06,9.87245675787563e-06,80674.5993315161,3.37475321165435,858
"3309",106583,-21.8284759521484,-44.7143821716309,0.0005865068924322,1.27501498354832e-05,9.60136276262347e-06,79259.0858630328,2.9423096538671,687
"3310",106584,-21.8211345672607,-44.680103302002,0.0003054885637538,6.64105573378038e-06,9.21958053368144e-06,77986.5561364339,1.94685434657531,926
"3311",106585,-21.8138084411621,-44.6458129882812,0.0002597454049464,5.64663923796616e-06,8.89265720616095e-06,76864.2227905424,1.507616585015,829
"3312",106586,-21.8064937591553,-44.6115112304688,0.0003813886814896,8.29105829325272e-06,8.78622722666478e-06,75899.2396008048,1.37294615326222,669
"3313",106587,-21.7991943359375,-44.5771903991699,0.0006896889262861,1.49932375279604e-05,1.06735606095754e-05,75097.089154583,1.29252298435672,831
"3314",106588,-21.7919063568115,-44.5428504943848,0.0004330991632741,9.41519920161227e-06,8.00127327238442e-06,74463.6570499566,2.58036117508754,821
"3315",106590,-21.7773685455322,-44.4741172790527,0.0001101802354241,2.39522250922164e-06,8.21422599983634e-06,73719.8674238413,4.2492527350224,970
"3316",106591,-21.7701187133789,-44.4397163391113,0.0004019892257929,8.73889621288981e-06,8.17282398202224e-06,73615.0614712704,5.39420924686428,811
"3317",106592,-21.7628803253174,-44.4052925109863,0.0003473820088402,7.55178280087421e-06,7.84094027039828e-06,73690.2951866664,13.4855448186124,911
"3318",106593,-21.7556533813477,-44.3708419799805,0.0005531133792828,1.20242038974538e-05,7.95271716924617e-06,73945.2715483725,3.39875619497621,896
"3319",106594,-21.7484359741211,-44.3363647460938,0.0005476705846376,1.1905882274732e-05,7.95917821960757e-06,74378.7114914955,196.909117861889,852
"3320",106595,-21.7412300109863,-44.3018608093262,0.0004771480798808,1.03727843452361e-05,7.91716593084857e-06,74987.6709209062,326.564441373368,862
"3321",106596,-21.7340354919434,-44.2673225402832,0.0003775966815737,8.20862351247342e-06,7.81274320615921e-06,75768.2847858166,1.91566724920341,777
"3322",106597,-21.7268505096436,-44.2327537536621,0.0003591986333049,7.80866594141116e-06,7.549238489446e-06,76715.9583467139,1.86065647972863,930
"3323",106598,-21.7196750640869,-44.1981506347656,0.0001570316708239,3.41373197443318e-06,6.23457299298025e-06,77825.0375810709,1.76933848289425,956
"3324",106599,-21.7125091552734,-44.1635131835938,0.0001945221738424,4.22874290961772e-06,6.80040966472006e-06,74339.0879541026,1.60173152595326,765
"3325",106601,-21.698205947876,-44.0941200256348,0.0003892517324857,8.46199418447213e-06,9.74656359176151e-06,67094.5511181119,1.60703215264923,569
"3326",106602,-21.6910667419434,-44.0593643188477,5.12692033680651e-05,1.11454789930576e-06,7.34610694053117e-06,63477.1844882816,2.81348994424411,667
"3327",106603,-21.6839351654053,-44.0245666503906,0.0005810830080008,1.26322393043665e-05,1.19241458378383e-05,59864.5483086363,3.17008877310555,866
"3328",106604,-21.6768131256104,-43.9897232055664,0.0004065354169142,8.83772645465797e-06,1.05231074485346e-05,56257.9567134949,2.93593501918743,771
"3329",106606,-21.6625919342041,-43.9198951721191,0.0001740816028359,3.78438267034653e-06,8.40383472677786e-06,49071.8685410543,3.40928798225261,814
"3330",106607,-21.6554908752441,-43.8849105834961,0.0002638278983795,5.73538909520721e-06,9.31736576603726e-06,45498.9101688044,3.28435033267258,807
"3331",106609,-21.6413097381592,-43.8147811889648,0.0003592553639464,7.80989921622677e-06,1.02315170806833e-05,38416.561838145,5.68949547483602,656
"3332",106611,-21.6271553039551,-43.7444343566895,0.0003821478512691,8.30756198411109e-06,1.12233219624613e-05,31478.6926269962,31.4112841077481,811
"3333",106612,-21.6200866699219,-43.709171295166,0.0001111896203838,2.41716566051764e-06,1.0050644959847e-05,28102.0529302324,14.7729929160847,876
"3334",106613,-21.6130237579346,-43.6738510131836,0.0002688187933017,5.84388681090786e-06,1.25105862025521e-05,24824.4233338264,4.11168410676407,724
"3335",106614,-21.6059646606445,-43.6384696960449,0.0009768015734152,2.12348168133758e-05,1.60938416229328e-05,21693.397770896,2.68847683451385,840
"3336",106615,-21.5989112854004,-43.6030197143555,0.00175265953294,3.81012941943482e-05,1.75282129930565e-05,18785.3066152546,3.2815038895501,858
"3337",106616,-21.5918617248535,-43.5675086975098,0.0012612468344741,2.74184094450902e-05,1.42780791065888e-05,16225.997943641,3.55286855387439,932
"3338",106617,-21.5848159790039,-43.5319290161133,0.0011056622133764,2.4036135073402e-05,1.34807060021558e-05,14209.6233181612,47.163851035815,785
"3339",106618,-21.5777759552002,-43.4962768554688,0.0004790585971932,1.04143173302873e-05,1.35828322527232e-05,12997.1373560415,41.4810447852726,1151
"3340",106619,-21.5707378387451,-43.4605560302734,0.0007328122046601,1.59307001013076e-05,1.17670942927361e-05,12825.5727562812,24.0000638741174,862
"3341",106620,-21.5637054443359,-43.4247589111328,0.000492263239721,1.0701374776545e-05,1.03712472991901e-05,13739.4411969774,2.57192844086567,1032
"3342",106621,-21.5566730499268,-43.3888893127441,0.0001073037806236,2.33269088312227e-06,1.02987160062185e-05,15554.5210765793,4.12802055197692,809
"3343",106622,-21.5496463775635,-43.3529396057129,0.0003238184599467,7.03953173797345e-06,1.035592322296e-05,18004.7815082452,6.0434098635187,708
"3344",106623,-21.5426197052002,-43.3169136047363,6.38659996639035e-05,1.38839129704138e-06,1.23587888083421e-05,20872.2731585447,32.5696810768153,1686
"3345",106624,-21.5355968475342,-43.2808036804199,0.001046172939823,2.27428899961524e-05,1.25413225759985e-05,24011.9291024422,9.23949651073691,881
"3346",106625,-21.5285739898682,-43.2446098327637,0.0008970961098384,1.95020893443143e-05,1.26886243378976e-05,27333.9257106028,9.07206363174043,655
"3347",106626,-21.5215549468994,-43.2083320617676,0.0005977421533316,1.29943946376443e-05,1.1798585546785e-05,29836.1006399101,71.6847390032466,627
"3348",106627,-21.5145359039307,-43.1719665527344,0.000810732912214,1.76246285263915e-05,1.14488057079143e-05,32400.989949711,121.568408284361,668
"3349",106628,-21.5075187683105,-43.1355094909668,0.0002188731323258,4.75811157230055e-06,9.10232301976066e-06,35206.9328093938,76.5302213590154,825
"3350",106632,-21.4794521331787,-42.9887504577637,0.0003355477920194,7.29451721781516e-06,9.70636665442726e-06,47995.8785119941,123.004834436598,384
"3351",106633,-21.4724349975586,-42.9518165588379,5.89533133279474e-05,1.28159376799886e-06,8.83255052031018e-06,51450.3943068647,41.3595918841756,809
"3352",106635,-21.4583988189697,-42.8776359558105,0.0003228982604923,7.01952740200795e-06,9.59684166446095e-06,47481.3871543245,6.60837860232183,818
"3353",106636,-21.451379776001,-42.840389251709,0.0008905423819669,1.93596169992816e-05,1.08995409391355e-05,45359.0077104926,9.67788951261769,857
"3354",106638,-21.4373340606689,-42.7655601501465,0.0004545681131276,9.88191550277406e-06,1.04895671029226e-05,41893.605281835,13.7562046720098,813
"3355",106639,-21.4303073883057,-42.7279777526855,0.0004633569697034,1.0072977602249e-05,9.6483699962846e-06,40623.8181694468,140.036036020508,666
"3356",106640,-21.4232788085938,-42.6902770996094,7.99047163582145e-05,1.73705905126553e-06,9.34925174078671e-06,39708.8074458704,871.897594698277,832
"3357",106641,-21.4162464141846,-42.652458190918,0.0005933151969657,1.28981564557762e-05,9.80101776804077e-06,39177.3321700701,45.3767895551525,906
"3358",106642,-21.4092121124268,-42.6145172119141,0.0011878651639563,2.58231557381805e-05,1.24777425298817e-05,39048.5023820351,28.0024236097061,782
"3359",106643,-21.402172088623,-42.5764541625977,0.0002418509666313,5.25762970937649e-06,1.06313409560244e-05,39330.5128610367,16.4079034378663,837
"3360",106644,-21.3951301574707,-42.5382652282715,2.08898846949523e-05,4.54127928151138e-07,1.00580091384472e-05,40018.0506222343,5.97853936948972,749
"3361",106923,-22.4276714324951,-47.4988861083984,0.000511203534188,1.11131203084369e-05,1.70945095305797e-05,3598.7202580585,280.491449236758,851
"3362",106924,-22.417911529541,-47.4602355957031,0.0024352402688236,5.29400058439933e-05,2.00062531803269e-05,6813.35757306574,7.51788955768234,900
"3363",106925,-22.4082050323486,-47.4217185974121,0.0009684931283118,2.10541984415613e-05,1.73295757122105e-05,7017.99404782232,289.142092435036,685
"3364",106926,-22.3985500335693,-47.3833389282227,0.0017356472017127,3.7731460906798e-05,1.84414293471491e-05,3816.40318848088,594.40427038219,1358
"3365",106927,-22.3889484405518,-47.3450889587402,0.0016833850604598,3.65953274013009e-05,1.62444030138431e-05,3720.3694500076,505.539802229217,1464
"3366",106928,-22.3793983459473,-47.3069686889648,0.0010124906693818,2.20106667256914e-05,1.62034993991256e-05,6835.34390556183,249.777453259096,789
"3367",106929,-22.3698978424072,-47.268970489502,0.0017422353193978,3.78746808564756e-05,1.9748275008169e-05,10623.9444367913,7.99868676507963,556
"3368",106930,-22.3604469299316,-47.2310981750488,0.0002834150309354,6.16119632468326e-06,1.52685333887348e-05,14557.953970096,8.01393583181451,660
"3369",106932,-22.3416919708252,-47.1557083129883,0.0006378967791533,1.3867321285943e-05,1.61713742272696e-05,20315.6763614561,433.593285777889,683
"3370",106933,-22.3323879241943,-47.1181907653809,0.0010130989758181,2.20238907786552e-05,1.69192062458023e-05,16573.1159486277,180.527462128823,805
"3371",106934,-22.323127746582,-47.0807838439941,0.001416703351424,3.07978989440016e-05,1.77034035004908e-05,13011.3033042637,9.90208834919036,930
"3372",106935,-22.3139152526855,-47.0434913635254,0.0013301779945322,2.89169129246147e-05,1.68048773048213e-05,9813.75267868025,5.13738132784769,24
"3373",106936,-22.3047466278076,-47.0063056945801,0.0011386940896045,2.47542193392292e-05,1.68859769473784e-05,7443.42428634263,23.8895147122719,851
"3374",106937,-22.2956237792969,-46.9692230224609,0.0018787705776048,4.08428386435844e-05,1.82320563908434e-05,6803.57537848307,154.418123818621,703
"3375",106938,-22.2865467071533,-46.9322509765625,0.0012591959130077,2.73738241958199e-05,1.57227041199803e-05,8287.32486688264,553.93786538775,799
"3376",106939,-22.2775096893311,-46.8953742980957,0.0015738326692371,3.42137536790688e-05,1.74396445800085e-05,10768.7242652727,27.7539214545602,662
"3377",106940,-22.268518447876,-46.8586006164551,0.0007526336230512,1.63616005011136e-05,1.57641679834342e-05,13453.5991523968,18.1240423766494,831
"3378",106941,-22.2595672607422,-46.8219261169434,0.0003490617336865,7.58829855840304e-06,1.42235285238712e-05,16637.098458275,11.0930700450631,780
"3379",106944,-22.2329616546631,-46.7124557495117,9.52127802520408e-05,2.06984304895741e-06,1.74553533724975e-05,27318.4124384006,17.4732649452185,867
"3380",106945,-22.2241725921631,-46.6761474609375,0.0003067517618546,6.66851656205836e-06,1.62198266480118e-05,31027.639866471,15.5278673447186,923
"3381",106946,-22.2154235839844,-46.6399269104004,0.0011800679640146,2.56536513916217e-05,1.77605616045184e-05,34766.5365009348,24.6931994793672,913
"3382",106948,-22.1980381011963,-46.5677337646484,0.0001618981536921,3.51952508026443e-06,1.65525998454541e-05,40137.7514373987,19.1587888544136,919
"3383",106950,-22.1808032989502,-46.4958648681641,0.0009483706526225,2.06167533178814e-05,2.17648630496114e-05,37453.9946997908,24.112286364483,844
"3384",106951,-22.1722393035889,-46.4600448608398,0.0011754767983802,2.55538434430491e-05,3.24116845149547e-05,36653.4806777654,18.0277118791623,677
"3385",106952,-22.1637115478516,-46.4243011474609,0.0008474311944155,1.84224172699032e-05,2.2198411897989e-05,36245.7736315451,23.8545362934004,1022
"3386",106953,-22.1552181243896,-46.3886299133301,0.0005130759800522,1.11538256533095e-05,1.76433750311844e-05,36241.3017523483,10.4384047497536,918
"3387",106955,-22.138334274292,-46.317497253418,0.0003171015896441,6.89351281835116e-06,1.55389243445825e-05,37419.9242587777,40.860670197986,1019
"3388",106956,-22.1299438476562,-46.2820320129395,0.0009780008658708,2.12608883884968e-05,2.16302814806113e-05,36658.9022523404,19.1206858494306,1511
"3389",106957,-22.1215858459473,-46.2466316223145,0.0008936469203035,1.94271069631213e-05,1.65924830071162e-05,33582.2539118088,13.5381538836667,789
"3390",106958,-22.1132583618164,-46.211296081543,0.0010024803887063,2.17930519283982e-05,2.13468665606342e-05,30669.6589742419,177.589914759374,707
"3391",106963,-22.072093963623,-46.0354919433594,0.0006680312926619,1.45224194056937e-05,1.48408262248267e-05,20480.550718775,10.7884579518225,575
"3392",106964,-22.0639514923096,-46.0004959106445,0.0006937334946997,1.50811629282543e-05,1.65337951330002e-05,19560.4471626469,10.954734581991,683
"3393",106965,-22.0558376312256,-45.9655494689941,0.0002641531164044,5.74245905227144e-06,2.54973401752068e-05,19331.01738557,39.596527769965,940
"3394",106966,-22.0477504730225,-45.9306526184082,0.0007564713923784,1.64450302690966e-05,3.1752835639054e-05,19813.2195854716,73.293079965333,798
"3395",106967,-22.0396938323975,-45.8958015441895,0.0017174565800814,3.73360126104672e-05,2.78991738014156e-05,20954.5855588542,10.0909052833297,889
"3396",106969,-22.0236587524414,-45.8262329101562,0.0001278810009353,2.78002175946312e-06,1.31756278278772e-05,23841.5242078234,77.7153887605912,790
"3397",106970,-22.015682220459,-45.7915115356445,0.0007835448777768,1.70335842994973e-05,1.20455324577051e-05,25702.848970637,18.4181274560609,660
"3398",106971,-22.0077323913574,-45.7568321228027,0.0004554012921289,9.90002808975987e-06,1.21733237392618e-05,27930.5950026726,6.16569981233638,830
"3399",106972,-21.9998073577881,-45.7221870422363,0.0009885948529699,2.14911924558692e-05,1.37773440656019e-05,30443.2243123556,6.50319187263946,811
"3400",106973,-21.991907119751,-45.6875839233398,0.0006281454679992,1.36553362608538e-05,1.15211278171046e-05,33174.2286662375,48.3359362969668,861
"3401",106974,-21.9840316772461,-45.6530113220215,0.0002710498638407,5.89238834436401e-06,1.05346298369113e-05,36073.3060865251,52.2940884871243,836
"3402",106975,-21.9761810302734,-45.6184730529785,0.0006919092447787,1.50415053212782e-05,1.22336450658622e-05,39101.7654067545,29.0185067808439,807
"3403",106976,-21.9683532714844,-45.5839653015137,0.0008766634564381,1.90579012269154e-05,1.18652187666157e-05,42231.1359619842,14.6525720256946,861
"3404",106977,-21.9605503082275,-45.549488067627,0.0008975877753982,1.95127777260495e-05,1.38523055284168e-05,45439.5384647252,7.53557381985962,710
"3405",106978,-21.9527702331543,-45.5150413513184,0.000187743970855,4.08139067076263e-06,1.25155902424012e-05,48710.6499938006,11.3295453665503,827
"3406",106979,-21.9450130462646,-45.4806175231934,0.0001569623264003,3.41222448696499e-06,1.19408732643933e-05,52032.4898203537,25.205973342455,801
"3407",106980,-21.93727684021,-45.4462203979492,2.63717862480917e-05,5.73299701045471e-07,1.56046389747644e-05,55395.1622059259,15.1209154897526,713
"3408",106982,-21.9218730926514,-45.3774909973145,0.0004013183315692,8.72431155585218e-06,1.31519500428112e-05,62215.1165903138,9.84070438768156,1009
"3409",106983,-21.9142017364502,-45.3431587219238,0.0001453969944122,3.16080422635423e-06,1.03821939774207e-05,65661.8721947348,13.5004983101114,918
"3410",106984,-21.906551361084,-45.3088417053223,0.0003415642522668,7.42530983188772e-06,1.17630552267656e-05,69128.2159576109,20.1080739437696,1434
"3411",106985,-21.8989219665527,-45.274543762207,0.0008952375537774,1.94616859516827e-05,1.30216958496021e-05,72610.6878312305,10.3932682731233,1670
"3412",106986,-21.8913116455078,-45.2402572631836,0.0003894043111358,8.4653111116495e-06,1.62512606038945e-05,76107.5100991245,34.5399348151293,896
"3413",106987,-21.8837223052979,-45.2059898376465,0.0007471834651369,1.62431188073242e-05,2.01033999474021e-05,79615.7709431599,6.19571334580231,771
"3414",106988,-21.8761501312256,-45.1717300415039,8.50460510264384e-05,1.84882719622692e-06,1.34440651891055e-05,83134.9430707335,5.94773993415501,637
"3415",106989,-21.8685989379883,-45.1374816894531,0.0009184669106616,1.99666719709057e-05,1.33672738229507e-05,86662.9963148582,6.52427374519271,629
"3416",106990,-21.8610649108887,-45.1032409667969,0.0006650450268352,1.44575005833758e-05,1.06412908280618e-05,90199.229214633,93.51788606865,664
"3417",106991,-21.8535480499268,-45.0690040588379,0.0007201946573331,1.56564055941999e-05,1.06902089100913e-05,93742.9284173394,6.07807314326244,889
"3418",106992,-21.8460502624512,-45.0347785949707,0.0001867677729023,4.06016897613881e-06,9.1616429926944e-06,97292.3819881891,5.00980556514705,473
"3419",106993,-21.8385696411133,-45.0005531311035,0.0007035303242446,1.52941374835791e-05,1.28798392324825e-05,98431.6308029558,4.37289150436084,850
"3420",106994,-21.8311061859131,-44.9663276672363,0.0007974088257469,1.73349744727602e-05,1.13676851469791e-05,96323.7694489763,4.33604372968078,832
"3421",106995,-21.8236598968506,-44.9321060180664,0.0007136615968192,1.55143825395498e-05,1.14265340016573e-05,94308.7580334889,4.5645953634228,777
"3422",106997,-21.8088150024414,-44.863655090332,0.0003287752579126,7.14728821549215e-06,1.1514359357534e-05,90580.3881099107,4.45442182736547,712
"3423",106998,-21.8014163970947,-44.8294219970703,0.0005881212055101,1.27852435980458e-05,1.05287099358975e-05,88879.395856674,145.883255089201,873
"3424",106999,-21.7940311431885,-44.7951850891113,0.0010960979125229,2.38282154896297e-05,1.36319058583467e-05,87296.1379967875,37.2125043834759,681
"3425",107000,-21.7866630554199,-44.7609405517578,0.0002017451433857,4.38576398664736e-06,1.15278726298129e-05,85836.5612392652,2.94655731069356,784
"3426",107001,-21.7793083190918,-44.7266845703125,0.000118832066164,2.58330578617461e-06,9.47046009969199e-06,84507.2569024027,2.65012667074135,945
"3427",107002,-21.7719688415527,-44.6924209594727,0.0005695148520317,1.23807576528634e-05,1.19909600471146e-05,83314.5898700093,1.69177316508018,900
"3428",107003,-21.7646427154541,-44.6581420898438,0.0009324044076493,2.02696610358544e-05,1.4757974895474e-05,82264.3652075569,1.66657886171346,677
"3429",107004,-21.7573318481445,-44.623851776123,0.0005003310398024,1.08767617348349e-05,9.38426182983676e-06,81362.2445389712,1.57140046156175,798
"3430",107005,-21.7500324249268,-44.589542388916,0.0001983250722332,4.31141461376683e-06,7.80043228587601e-06,80613.3806622713,2.40990251443629,851
"3431",107006,-21.7427463531494,-44.5552177429199,0.0003579384683689,7.78127105149906e-06,7.96758195065195e-06,80022.244343547,3.64725602527781,925
"3432",107007,-21.7354717254639,-44.5208702087402,0.0008093456053757,1.75944696820807e-05,1.12934712888091e-05,79592.4708476312,4.07764280452103,1109
"3433",107008,-21.7282123565674,-44.4865074157715,0.0004231520142639,9.19895683182403e-06,8.06340176495723e-06,79326.7685672739,4.16874231968135,674
"3434",107009,-21.7209625244141,-44.4521179199219,2.50700355763911e-05,5.45000773399806e-07,7.26249118088163e-06,79227.3034966427,36.1899599035457,1387
"3435",107010,-21.7137241363525,-44.4177055358887,0.0006578199863724,1.43004344863584e-05,8.4661305663758e-06,79294.9051283869,30.2576001624634,752
"3436",107011,-21.7064990997314,-44.3832664489746,0.0003340701596243,7.26239477444324e-06,7.20281104804599e-06,79529.165623238,3.89444603020107,844
"3437",107012,-21.6992835998535,-44.348804473877,0.0003858144245896,8.38727009977447e-06,7.44955059417407e-06,79929.4035816369,61.7655166515139,552
"3438",107013,-21.6920795440674,-44.3143081665039,0.0004780584058607,1.0392574040452e-05,7.4545159804984e-06,80493.1648076855,51.8411653676251,654
"3439",107014,-21.684886932373,-44.27978515625,0.0001840130107666,4.00028284275322e-06,6.92638968757819e-06,81217.4762781844,1.09754763990324,710
"3440",107015,-21.6777038574219,-44.2452278137207,0.0002462397260387,5.35303752258187e-06,6.91377545081195e-06,82098.6614362263,1.05102380412823,775
"3441",107016,-21.6705284118652,-44.210636138916,0.0002390090376138,5.19584864377975e-06,6.59675015413086e-06,79184.4337802323,1.14683984817746,918
"3442",107017,-21.6633644104004,-44.1760101318359,0.0002032193242484,4.41781139670638e-06,7.40196628612466e-06,75614.9116762728,1.2487072402914,57
"3443",107018,-21.6562099456787,-44.1413459777832,5.18438259859977e-05,1.12703969534778e-06,6.87348210703931e-06,72052.4266476091,2.26233023248804,797
"3444",107019,-21.6490650177002,-44.1066436767578,0.000222522155127,4.83743815493654e-06,7.50743856769986e-06,68498.6630151156,2.95886150462058,804
"3445",107020,-21.6419277191162,-44.0718994140625,0.0001242432740582,2.70094074039662e-06,7.50553635953111e-06,64955.2925422947,11.9127969702838,683
"3446",107021,-21.6347980499268,-44.0371131896973,0.0002912788977482,6.33214995104936e-06,8.66976188262925e-06,61424.8473594173,3.41427947317695,800
"3447",107022,-21.6276779174805,-44.0022811889648,0.0002467613885528,5.36437801201828e-06,8.84316432347987e-06,57910.0536474436,3.55805401650963,759
"3448",107023,-21.6205635070801,-43.9674034118652,0.0001641226140236,3.5678829135577e-06,7.74129784986144e-06,54414.9004753652,3.23706462063189,851
"3449",107024,-21.6134586334229,-43.9324798583984,0.0005943053056398,1.29196805573883e-05,1.22410783660598e-05,50944.3461138331,2.98068156520833,741
"3450",107025,-21.6063594818115,-43.8975067138672,0.0002369542880842,5.15118017574423e-06,9.14859629119746e-06,47504.505577004,3.12210847393341,689
"3451",107026,-21.5992679595947,-43.8624801635742,0.0002885071498894,6.27189456281485e-06,9.81723133008927e-06,44103.3693072156,13.3844064472363,847
"3452",107027,-21.5921840667725,-43.8274002075195,1.0814347831456e-05,2.3509451807513e-07,9.46980890148552e-06,40752.0622935798,7.16206782763057,879
"3453",107028,-21.5851039886475,-43.7922668457031,1.19743777986514e-05,2.60312560840248e-07,1.05954059108626e-05,37465.6464917631,37.5783817404222,943
"3454",107029,-21.578031539917,-43.7570762634277,0.0006607429531868,1.43639772431925e-05,1.32839641082683e-05,34264.0197741674,29.9011656155624,839
"3455",107030,-21.5709648132324,-43.7218284606934,0.0004773982636834,1.03782231235527e-05,1.07745054265251e-05,31175.4254456159,8.8816564450627,939
"3456",107031,-21.5639038085938,-43.6865196228027,8.42037097754655e-05,1.83051542990142e-06,9.79259948508115e-06,28238.8841785975,3.94414273339,1002
"3457",107033,-21.5497951507568,-43.6157150268555,0.0003180754029017,6.91468267177697e-06,1.17142481030896e-05,23064.3291532294,14.3327133045447,793
"3458",107035,-21.5357036590576,-43.5446434020996,0.0002654980216902,5.77169612370199e-06,1.19669639389031e-05,19459.9591052183,16.6599473493441,1322
"3459",107036,-21.5286655426025,-43.5090065002441,0.0007254393131006,1.57704198500142e-05,1.25154401757754e-05,18560.6820618518,46.9810691911935,698
"3460",107037,-21.5216293334961,-43.4732971191406,0.0004316543308959,9.38378980208654e-06,1.11075050881482e-05,18407.0105492774,3.52061138720232,1175
"3461",107038,-21.5145988464355,-43.4375152587891,0.0001624669034754,3.53188920598768e-06,9.02976171346381e-06,19020.9723061375,5.95494338227391,824
"3462",107039,-21.5075702667236,-43.4016532897949,0.0001078716936717,2.34503681895148e-06,9.61942805588478e-06,20337.7909719914,2.66352453293835,574
"3463",107040,-21.5005435943604,-43.3657188415527,0.0007269121342687,1.58024377014954e-05,1.02735493783257e-05,22236.7753580948,3.73235692007213,673
"3464",107041,-21.4935207366943,-43.329704284668,0.0006394847350748,1.39018420668435e-05,1.02438998510479e-05,24586.9920221803,31.6205921699316,668
"3465",107042,-21.4864978790283,-43.2936058044434,0.0006200529423949,1.34794117911952e-05,1.08852937046322e-05,27275.9863146023,22.5963391376683,876
"3466",107043,-21.4794788360596,-43.2574272155762,0.0005809656558994,1.2629688171728e-05,1.2445686479623e-05,30216.0972729236,6.31903997828447,982
"3467",107044,-21.4724617004395,-43.2211608886719,0.001546018924273,3.36091070494149e-05,1.37481119963923e-05,33344.4425810916,4.80161306937256,784
"3468",107045,-21.4654445648193,-43.1848068237305,0.0008972239629656,1.95048687601229e-05,1.20764334496926e-05,36502.5651421883,19.1185332784408,854
"3469",107047,-21.4514141082764,-43.1118316650391,0.0001363417422908,2.96395091936574e-06,1.00399392977124e-05,41699.0049573486,72.1968829703823,670
"3470",107048,-21.4444007873535,-43.0752029418945,0.0001500872294855,3.26276585838059e-06,9.19715876079863e-06,44582.3848448348,37.8259024068711,850
"3471",107049,-21.4373874664307,-43.0384788513184,0.0002327624752069,5.06005380884744e-06,8.94765707926126e-06,47613.8973540494,7.94047147385672,727
"3472",107050,-21.4303722381592,-43.0016555786133,0.0004777131689479,1.0385068890173e-05,8.83628945302917e-06,50769.6667135885,29.291950351221,868
"3473",107052,-21.4163417816162,-42.9277114868164,2.02712851091746e-05,4.40680111069014e-07,7.21090555089177e-06,54465.6017862638,4.68055827995343,903
"3474",107053,-21.4093265533447,-42.8905792236328,0.0004132283356739,8.9832246885635e-06,8.90598130354192e-06,52320.3283043847,8.17887238092852,762
"3475",107054,-21.402307510376,-42.853343963623,0.0006205501722433,1.34902211357257e-05,9.51618403632892e-06,50384.3330185409,9.37402069121302,885
"3476",107055,-21.3952884674072,-42.8159980773926,0.0001069315590029,2.32459910876059e-06,1.03661805042066e-05,48684.3538872312,63.9248956134825,820
"3477",107056,-21.3882675170898,-42.7785415649414,0.0004984732368029,1.08363747131079e-05,1.53524524648674e-05,47248.8804631327,22.592200742944,681
"3478",107057,-21.3812446594238,-42.7409706115723,0.0003730955486389,8.11077279649908e-06,9.04722401173785e-06,46105.3675931507,276.613236782077,936
"3479",107058,-21.3742179870605,-42.7032852172852,0.0005598560001089,1.21707826110651e-05,9.31711565499427e-06,45279.2174152591,1229.48178957661,841
"3480",107059,-21.3671875,-42.6654777526855,0.0002093200437229,4.55043573310832e-06,9.51610400079517e-06,44790.9114926647,846.643479532776,932
"3481",107061,-21.353120803833,-42.5895004272461,0.0007751525081403,1.68511414813111e-05,1.05529816210037e-05,44877.1270857614,6.79874256387012,893
"3482",107062,-21.3460807800293,-42.5513229370117,0.0002048268806902,4.45275827587466e-06,9.85324277280597e-06,45456.5919832588,8.25675222939191,777
"3483",107063,-21.3390369415283,-42.5130195617676,0.0005323758614395,1.15733882921631e-05,9.61115347308805e-06,46382.9370084066,50.5965906029519,587
"3484",107342,-22.3687114715576,-47.4715728759766,0.0001006827687888,2.18875584323541e-06,2.52661902777618e-05,9319.65322892393,5.72195652758845,845
"3485",107343,-22.3590049743652,-47.4330749511719,0.0007828690468159,1.70188923220849e-05,2.77110921160784e-05,6397.58261473666,240.539405006473,626
"3486",107344,-22.3493499755859,-47.3947067260742,0.0026237891579512,5.70388947380707e-05,2.40199224208482e-05,2799.13091031137,2001.46245545823,688
"3487",107345,-22.3397483825684,-47.3564720153809,0.002477768335666,5.38645290362183e-05,1.95339871424949e-05,2942.11450653862,1232.5458664372,673
"3488",107346,-22.3301982879639,-47.3183631896973,0.0014520477125188,3.15662546199746e-05,1.64040829986334e-05,6560.05971667836,531.745322661625,914
"3489",107347,-22.3206977844238,-47.2803802490234,0.0012599787623912,2.73908426606795e-05,1.56430851347977e-05,10517.8854625074,10.394533373151,938
"3490",107348,-22.3112468719482,-47.2425231933594,0.0009112868865486,1.98105844901875e-05,1.57641552505083e-05,14528.8325323855,5.53819465642315,785
"3491",107349,-22.3018455505371,-47.2047843933105,0.0005988955927023,1.30194694065722e-05,1.54506542457966e-05,18549.9997057861,45.525968043669,875
"3492",107350,-22.2924919128418,-47.167163848877,0.0019143627796438,4.16165821661707e-05,2.07499342650408e-05,22568.8507859521,161.521823464069,711
"3493",107351,-22.2831859588623,-47.1296577453613,0.0008927904382289,1.94084877875866e-05,1.63078348123236e-05,19338.1183868604,81.7524917317249,855
"3494",107352,-22.2739276885986,-47.0922660827637,0.0008464991551591,1.84021555469371e-05,1.82464791578241e-05,16451.4413764403,15.8176667206738,694
"3495",107353,-22.2647151947021,-47.0549850463867,0.0008510746738465,1.85016233444912e-05,1.63017739396309e-05,14130.4070086225,9.99951051625638,865
"3496",107354,-22.2555465698242,-47.0178146362305,0.0014354902305058,3.12063093588222e-05,1.76361463672947e-05,12677.7541255307,25.3618067012821,791
"3497",107355,-22.2464237213135,-46.9807472229004,0.0014579383278032,3.16943114739843e-05,1.80635961442022e-05,12390.2075030428,48.6837283826601,906
"3498",107356,-22.2373466491699,-46.9437866210938,0.0003656636254163,7.94920924818143e-06,1.49486486407113e-05,13332.8519444558,111.69615222034,783
"3499",107357,-22.2283115386963,-46.906925201416,0.0005646481495205,1.2274959772185e-05,1.49888874148019e-05,15271.0084577705,13.4652129929019,878
"3500",107358,-22.2193183898926,-46.8701629638672,0.0006151819306978,1.33735202325624e-05,1.47313076013234e-05,17743.8105890305,9.423539831813,703
"3501",107359,-22.2103672027588,-46.8334999084473,0.0002139252246706,4.65054836240597e-06,1.41964519571047e-05,20306.7365362056,8.7029189022497,976
"3502",107360,-22.2014579772949,-46.796932220459,0.0020966664451407,4.55797053291462e-05,2.65950493485434e-05,23245.2989430186,480.592329920301,897
"3503",107363,-22.1749744415283,-46.6877784729004,0.0008665617206133,1.88382982742041e-05,1.80483984877355e-05,33236.6447509491,22.1169367949217,944
"3504",107365,-22.1575145721436,-46.6154479980469,0.0016698948820703,3.63020626537036e-05,3.39358921337407e-05,37130.9450075702,36.3193609731455,887
"3505",107366,-22.1488418579102,-46.5794067382812,0.0024114212646964,5.24222014064435e-05,2.70016953436425e-05,35083.8908918185,42.5516132381044,660
"3506",107367,-22.1402053833008,-46.5434455871582,0.001942623843206,4.22309531131759e-05,2.04766020033276e-05,33364.975029206,33.7667581578254,990
"3507",107369,-22.1230430603027,-46.4717559814453,0.0008634181904199,1.87699606613023e-05,1.73873067979002e-05,31106.1986009658,17.9219393740613,870
"3508",107370,-22.1145153045654,-46.4360237121582,0.0008658892365929,1.88236790563678e-05,1.54135668708477e-05,30646.5883900331,19.527120331287,1025
"3509",107371,-22.1060218811035,-46.4003677368164,7.60536011057411e-05,1.65333915447263e-06,1.47261789607001e-05,30662.3545279635,17.5729122868307,684
"3510",107372,-22.0975646972656,-46.3647766113281,0.0002526609987398,5.49263040738879e-06,2.83775771094952e-05,31150.3051436668,11.1905325867555,838
"3511",107373,-22.0891399383545,-46.3292579650879,0.0012110083371226,2.63262681983178e-05,2.4309498257935e-05,32085.4533775981,8.75927047910176,822
"3512",107374,-22.0807495117188,-46.2938079833984,0.0005722915993828,1.24411217257148e-05,2.00092490558745e-05,33427.9134599424,8.05665448732998,551
"3513",107375,-22.0723915100098,-46.2584190368652,0.0006373907635861,1.38563209475251e-05,1.74554570548935e-05,35128.8750772708,13.7816597918587,825
"3514",107378,-22.0475082397461,-46.1526298522949,0.0006726360134052,1.46225220305496e-05,1.62220057973173e-05,30138.2478335321,7.78969663721028,709
"3515",107381,-22.0229034423828,-46.0473556518555,0.0004260461555531,9.26187294680858e-06,1.49710394907743e-05,25798.9526403925,5.79008486802726,781
"3516",107382,-22.0147609710693,-46.0123710632324,0.0015473212188226,3.36374178004917e-05,2.38277061725967e-05,25094.2725822908,7.72189221499819,679
"3517",107383,-22.0066471099854,-45.9774398803711,0.0006707718512188,1.4581996765628e-05,2.24919785978273e-05,24934.7732376102,7.58871991804264,96
"3518",107388,-21.9664974212646,-45.8034629821777,0.0008878615662979,1.93013383977814e-05,1.3222446796135e-05,30568.9754281525,7.90626585910548,808
"3519",107389,-21.9585475921631,-45.7687950134277,8.66852935814677e-05,1.88446290394495e-06,1.30745193018811e-05,32475.4534777505,7.65545110304809,754
"3520",107391,-21.9427223205566,-45.6995697021484,0.000704825422872,1.53222918015672e-05,1.32794339151587e-05,37099.5359234733,7.18433892425608,683
"3521",107392,-21.9348487854004,-45.6650123596191,0.0008973416915978,1.95074280782137e-05,1.25820934044896e-05,39720.2124026929,7.17665146988274,856
"3522",107393,-21.9269981384277,-45.630485534668,0.0003535065752657,7.68492554925615e-06,1.04807813841035e-05,42496.0651510732,216.972281118344,774
"3523",107395,-21.9113693237305,-45.5615272521973,0.000823024467536,1.78918362507829e-05,1.14105523607577e-05,48401.2023205008,112.267869332159,892
"3524",107396,-21.9035911560059,-45.5270919799805,0.000980396689556,2.13129715120886e-05,1.25737333291909e-05,51488.6012496564,9.12996502532118,900
"3525",107397,-21.8958339691162,-45.4926795959473,0.0001845963406594,4.01296392738004e-06,1.21521998153185e-05,54645.4835056148,7.96899466647784,921
"3526",107398,-21.8880996704102,-45.4582939147949,0.0008404647051065,1.82709718501428e-05,1.90979280887404e-05,57859.4965727816,6.37854140764214,901
"3527",107399,-21.8803882598877,-45.4239311218262,0.0008313492289744,1.80728093255311e-05,1.80154602276161e-05,61121.3399530561,8.13284535611994,834
"3528",107400,-21.8726959228516,-45.389591217041,0.0005772750682808,1.25494580061059e-05,1.35857144414331e-05,64423.5168634566,252.587953806449,912
"3529",107401,-21.865026473999,-45.3552703857422,0.0009061091695912,1.9698025425896e-05,1.48592425830429e-05,67759.735643317,20.8071535876002,700
"3530",107402,-21.8573780059814,-45.3209648132324,0.00085621942344,1.86134657269577e-05,1.15310267574387e-05,71125.2623313258,194.633269882118,787
"3531",107403,-21.8497486114502,-45.286678314209,0.0006490837185992,1.41105156217236e-05,1.19140067909029e-05,74515.6158750076,239.118957813248,885
"3532",107404,-21.8421401977539,-45.2524070739746,0.0009552674418955,2.07666835194686e-05,1.43742290674709e-05,77927.4261586158,80.8907337223906,1053
"3533",107405,-21.8345508575439,-45.2181510925293,0.0017826466137194,3.87531872547697e-05,2.18917321035406e-05,81357.8289936969,10.9552254623978,665
"3534",107406,-21.8269805908203,-45.1839027404785,0.0003402626480237,7.39701408747351e-06,2.0473529730225e-05,84804.9759943163,5.24049003072823,817
"3535",107408,-21.811897277832,-45.1154365539551,0.000604606435445,1.31436181618483e-05,1.04965201899176e-05,91740.6622197907,4.96624494873655,889
"3536",107409,-21.8043823242188,-45.0812149047852,0.0009197483705065,1.9994529793621e-05,1.20205831990461e-05,95226.2873626949,5.38496542785934,587
"3537",107410,-21.7968845367432,-45.0470008850098,0.0001131820540649,2.46047943619487e-06,1.03390266303904e-05,98721.9482525209,5.25078253782757,809
"3538",107411,-21.7894058227539,-45.0127868652344,0.0002527538972572,5.49464994037407e-06,1.01860578070045e-05,102227.077344756,5.15523884459988,715
"3539",107412,-21.7819442749023,-44.9785766601562,0.0013940633907623,3.03057258861372e-05,1.61082625709241e-05,100996.877218297,5.0866302641831,702
"3540",107413,-21.7744979858398,-44.9443664550781,0.0009057445204234,1.96900982700754e-05,1.39028697958565e-05,99077.8789229836,5.08185385106449,831
"3541",107414,-21.767068862915,-44.9101524353027,0.0010768123393063,2.3408963897964e-05,1.68805418070406e-05,97255.9288438717,5.17365348836116,980
"3542",107415,-21.7596549987793,-44.8759384155273,0.0010584709380054,2.30102377827279e-05,1.41088139571366e-05,95536.9916208678,4.00792042838993,849
"3543",107417,-21.7448749542236,-44.8074951171875,0.0004035438378195,8.77269212651299e-06,1.60346244229004e-05,92429.5148740052,3.16553777388277,685
"3544",107420,-21.7228145599365,-44.7047653198242,0.0006375459779519,1.38596951728687e-05,1.09991879071458e-05,88677.8517070755,1.82035278638246,793
"3545",107421,-21.7154903411865,-44.6704978942871,0.0005834940184286,1.2684652574535e-05,1.01764462669962e-05,87691.0296865297,1.89969174866022,859
"3546",107422,-21.708179473877,-44.6362190246582,0.0009702702700451,2.10928319575032e-05,1.24717662401963e-05,86844.403015351,1.96079188270229,669
"3547",107423,-21.7008819580078,-44.601921081543,0.0006134890481916,1.33367184389499e-05,9.79444484983105e-06,86141.904384369,117.478214646808,886
"3548",107424,-21.6935977935791,-44.5676078796387,0.0010097332924488,2.1950723748887e-05,1.24349489851738e-05,85587.4250365788,23.8409145580144,780
"3549",107425,-21.6863250732422,-44.533275604248,0.0002216098209828,4.81760480397497e-06,7.99441477283835e-06,85184.0916475066,2.45045889861635,884
"3550",107426,-21.6790657043457,-44.4989204406738,0.0004922038733639,1.07000842035632e-05,8.62096294440562e-06,84933.9603940775,2.61932506461792,678
"3551",107427,-21.671817779541,-44.4645462036133,0.0003847251209663,8.36358958622441e-06,7.29353041606373e-06,84838.9387270082,2.69715588495452,809
"3552",107428,-21.6645812988281,-44.4301452636719,0.0004182927168585,9.09331993170781e-06,7.31555974198272e-06,84899.6161450377,132.256609467275,903
"3553",107429,-21.6573581695557,-44.3957214355469,0.0001196577773043,2.60125602835615e-06,6.9092361627554e-06,85115.817597693,3.76585346813425,1118
"3554",107430,-21.6501445770264,-44.3612670898438,0.0003997978583356,8.69125778990565e-06,7.79506535764085e-06,85486.9634848954,2.81856794501273,892
"3555",107431,-21.6429424285889,-44.3267860412598,0.0007204806533991,1.56626228999812e-05,8.28845804790035e-06,86011.2233790379,1.54019120494692,773
"3556",107432,-21.6357498168945,-44.2922744750977,0.0004906271715299,1.06658080767374e-05,7.79785023041768e-06,86686.3335153384,0.956418136531509,894
"3557",107433,-21.6285667419434,-44.2577285766602,2.08160545867031e-06,4.52522925797894e-08,6.73923386784736e-06,84290.0789169211,0.970106805017762,702
"3558",107434,-21.621395111084,-44.2231483459473,9.46747072703147e-05,2.05814581022423e-06,6.34155503576039e-06,80779.7170212356,1.04451205141224,804
"3559",107435,-21.6142330169678,-44.188533782959,0.0003202034922651,6.9609454840247e-06,7.52050709706964e-06,77280.9917906136,0.910086806828167,1026
"3560",107436,-21.6070804595947,-44.153881072998,0.0003292520923423,7.15765418135561e-06,8.49404477776261e-06,73795.6510240336,2.63943335313185,872
"3561",107437,-21.5999355316162,-44.1191902160645,0.0002550407989474,5.54436519450974e-06,8.06151911092456e-06,70326.2843318304,62.3855524384792,669
"3562",107438,-21.5928001403809,-44.0844612121582,0.0002136444372808,4.64444428871502e-06,7.68560767028248e-06,66875.953887813,26.8422612484082,599
"3563",107439,-21.58567237854,-44.0496864318848,0.0002351894254388,5.11281359649729e-06,7.94443621998653e-06,63447.6575537193,3.80591410505533,769
"3564",107440,-21.5785522460938,-44.0148658752441,0.0002249499839308,4.89021704197512e-06,7.99165627540788e-06,60045.9919370753,4.21522561067031,830
"3565",107441,-21.5714416503906,-43.9800033569336,0.000371016554709,8.06557727628388e-06,9.80708045972278e-06,56676.9631292473,3.24144002202856,600
"3566",107442,-21.564338684082,-43.9450874328613,0.0001742619924698,3.7883041841269e-06,8.02436807134654e-06,53346.4978385974,27.7733148693821,708
"3567",107443,-21.5572414398193,-43.9101257324219,0.0001945817075466,4.23003712057834e-06,8.74091529112775e-06,50064.2746316635,37.6478155392874,737
"3568",107444,-21.5501518249512,-43.875114440918,0.0004867501593253,1.05815252027242e-05,1.10815808511688e-05,46841.0640567474,14.4430299812457,944
"3569",107446,-21.5359916687012,-43.8049278259277,0.0002666186192072,5.79605693928897e-06,1.0141156053578e-05,40631.6957764462,5.45318462494498,1064
"3570",107447,-21.5289192199707,-43.7697486877441,0.0003073300504183,6.68108805257361e-06,1.07380810732138e-05,37687.5639722854,4.46443138265834,867
"3571",107448,-21.5218544006348,-43.7345123291016,0.0004663294294005,1.01375962913153e-05,1.05260614873259e-05,34889.2299304751,3.40161760378735,678
"3572",107449,-21.5147953033447,-43.6992149353027,0.000156729693117,3.40716724167578e-06,9.613742804504e-06,32276.3990152664,6.04607053662179,824
"3573",107450,-21.507740020752,-43.6638565063477,0.0007035238813841,1.5293997421395e-05,1.24315829452826e-05,29900.1617783779,5.38053193416519,834
"3574",107451,-21.5006904602051,-43.6284332275391,0.000852499884786,1.85326061910018e-05,1.23135578178335e-05,27823.2525262284,18.8936790769935,863
"3575",107452,-21.4936447143555,-43.592945098877,0.0010729104760685,2.33241407840978e-05,1.4273403394327e-05,26120.1346619587,282.190880769845,692
"3576",107453,-21.4866046905518,-43.5573883056641,0.0013159050504327,2.86066315311473e-05,1.37932429424836e-05,24870.3046434433,814.456211652279,953
"3577",107454,-21.4795665740967,-43.5217628479004,0.0012309787780395,2.67604082182515e-05,1.30101107060909e-05,24147.8633397145,135.961575200668,882
"3578",107455,-21.4725341796875,-43.4860649108887,0.0005725422852265,1.24465714179678e-05,1.20017948574969e-05,24003.2687695873,55.6106661748662,970
"3579",107456,-21.465503692627,-43.4502944946289,0.0013127680467732,2.8538435799419e-05,1.48790522871423e-05,24450.5560530742,11.9619230009604,698
"3580",107457,-21.4584770202637,-43.4144477844238,0.0003129378910671,6.80299763189396e-06,1.07028035927215e-05,25461.6588932952,3.77892096614915,768
"3581",107458,-21.451452255249,-43.3785247802734,0.000545341950783,1.18552597996313e-05,1.02371313914773e-05,26976.6879426631,13.029289318823,841
"3582",107459,-21.4444313049316,-43.3425216674805,0.0010248286635032,2.22788839892019e-05,1.438444814994e-05,28919.5398555504,17.154363992978,876
"3583",107460,-21.4374122619629,-43.3064384460449,0.0006269130826694,1.36285452754237e-05,1.19469577839482e-05,31213.5593697576,6.0439927286069,981
"3584",107461,-21.4303951263428,-43.2702713012695,0.0002289668564117,4.97754035677644e-06,1.11902518256102e-05,33790.256099867,7.40453058271149,822
"3585",107462,-21.4233798980713,-43.234016418457,0.0001152594477389,2.50564016823773e-06,1.09074153442634e-05,36592.8636100592,4.36958681119148,685
"3586",107463,-21.4163646697998,-43.1976776123047,0.0001122587691497,2.44040802499512e-06,1.0717541044869e-05,39575.8972017338,4.56050617342407,570
"3587",107464,-21.409351348877,-43.161247253418,0.0010269035992678,2.2323991288431e-05,1.23641639220295e-05,42704.2648702143,6.51023825988191,725
"3588",107465,-21.4023399353027,-43.1247253417969,0.0010658779683581,2.3171260181698e-05,1.24776179291075e-05,45617.3547022266,7.78061877653793,785
"3589",107467,-21.3883152008057,-43.051399230957,0.0001407941458637,3.0607423013862e-06,8.86581892700633e-06,51045.8789206392,63.0768078273718,770
"3590",107468,-21.3813037872314,-43.0145874023438,2.30299838221981e-05,5.00651822221698e-07,1.00494653452188e-05,53984.301200714,13.9869340474483,776
"3591",107469,-21.3742923736572,-42.9776802062988,0.0005279022570903,1.14761360237026e-05,8.60333602759056e-06,57044.3119735706,3.40942326071707,786
"3592",107470,-21.3672790527344,-42.9406661987305,0.000117730943657,2.55936834037129e-06,7.37506343284622e-06,59282.1295115992,3.88102499685139,1036
"3593",107472,-21.3532485961914,-42.866325378418,0.0003293677291367,7.16016802471131e-06,1.01295227068476e-05,55523.5732311452,15.7889767952819,306
"3594",107473,-21.3462333679199,-42.8289947509766,0.000672233334626,1.4613768144045e-05,1.08320391518646e-05,53968.2981232776,80.0445346089008,889
"3595",107476,-21.3251686096191,-42.7163162231445,0.0002972453839902,6.46185617370065e-06,9.58382224780507e-06,50859.4484594941,162.549112747376,676
"3596",107477,-21.3181419372559,-42.678524017334,0.0006934791690582,1.50756341099623e-05,9.7474285212229e-06,50404.5361326716,20.1996219929699,825
"3597",107478,-21.3111114501953,-42.6406097412109,0.0002965724816021,6.44722786091734e-06,9.47058015299262e-06,50262.4191975264,82.8606465479297,847
"3598",107480,-21.2970409393311,-42.5644111633301,0.0007918125738797,1.72133168234723e-05,1.0450889931235e-05,50932.8821736798,60.5044383256839,872
"3599",107481,-21.2900009155273,-42.5261192321777,0.0001943257084349,4.2244719224982e-06,8.65092715685023e-06,51739.0228978218,6.4221468633597,776
"3600",107760,-22.3195247650146,-47.4829368591309,0.0013174315899959,2.86398171738256e-05,2.0002404198749e-05,12045.5510196348,9.09618182782828,866
"3601",107761,-22.3098182678223,-47.444450378418,0.0018886447214754,4.1057493945118e-05,3.04181521642022e-05,9547.74840012559,8.99476600166438,1180
"3602",107762,-22.3001651763916,-47.4060974121094,0.0020533764472929,4.46386184194125e-05,1.96970304386923e-05,7772.41435297501,261.80864597229,769
"3603",107763,-22.2905616760254,-47.3678741455078,0.0022508785696118,4.89321428176481e-05,1.99538444576319e-05,7970.25851619828,196.29010916013,658
"3604",107764,-22.2810115814209,-47.3297805786133,0.0020284680140321,4.40971307398286e-05,1.93447376659606e-05,10007.0092238332,12.023038829665,915
"3605",107765,-22.2715110778809,-47.2918128967285,0.0027347435825504,5.94509474467486e-05,2.07018692890415e-05,13035.119119868,9.1646947005583,947
"3606",107766,-22.2620601654053,-47.2539672851562,0.00202146738593,4.39449431723915e-05,1.8526530766394e-05,16507.9807679332,6.54911160473316,678
"3607",107767,-22.2526588439941,-47.2162437438965,0.0018779880629153,4.08258274546824e-05,1.77645797521109e-05,20189.2172579334,5.5722199494919,918
"3608",107768,-22.2433052062988,-47.1786346435547,0.0014562482901965,3.16575715260115e-05,1.87965652003186e-05,23976.9244076184,29.1025385236536,864
"3609",107769,-22.234001159668,-47.1411437988281,0.0008972430405265,1.95052834897069e-05,1.67031521414174e-05,23149.6671938215,18.4210378951578,794
"3610",107770,-22.2247409820557,-47.1037673950195,9.32123557504383e-05,2.02635555979214e-06,1.67014532053145e-05,20848.2967943033,4.07787798413276,827
"3611",107773,-22.1972389221191,-46.9922866821289,0.0011256137440796,2.44698640017305e-05,1.64866069098935e-05,17981.8611827293,21.8070098445452,764
"3612",107774,-22.188159942627,-46.9553413391113,0.001318893951975,2.86716076516313e-05,1.63427193911048e-05,18693.561347587,15.9896720709523,668
"3613",107775,-22.1791248321533,-46.9184913635254,0.0008938546816352,1.94316235138103e-05,1.37317947519477e-05,20166.4969480251,13.2715013308803,598
"3614",107776,-22.1701335906982,-46.8817443847656,0.000170066278315,3.69709300684917e-06,1.50212017615559e-05,22243.9474207471,10.0911488921703,843
"3615",107777,-22.1611824035645,-46.8450965881348,0.0009019300123327,1.96071741811465e-05,1.84977361641359e-05,24708.0693660747,8.62130696911293,699
"3616",107778,-22.1522731781006,-46.8085403442383,0.0002850423970812,6.19657384959282e-06,2.17643791984301e-05,27205.4248912007,11.6520003482334,785
"3617",107779,-22.1434059143066,-46.7720794677734,0.0001377794205836,2.99520479529747e-06,1.80657170858467e-05,29999.0534760634,24.088495653588,788
"3618",107781,-22.125789642334,-46.6994247436523,0.0001524186141068,3.31344813275791e-06,1.64080083777662e-05,36182.562667394,60.3873525592726,847
"3619",107782,-22.1170406341553,-46.6632308959961,0.0014706289221067,3.19701939588413e-05,2.68730727839284e-05,35164.2837820139,45.1441877252008,681
"3620",107783,-22.1083297729492,-46.6271209716797,0.0003844757320621,8.35816808830714e-06,1.67678790603532e-05,32555.402600843,67.2116763042941,794
"3621",107784,-22.0996570587158,-46.5910911560059,0.0003882983564835,8.44126861920813e-06,1.37974830067833e-05,30224.6981511279,171.03794958985,856
"3622",107785,-22.0910224914551,-46.5551452636719,0.0011056913317588,2.40367680817144e-05,1.96277851500781e-05,28237.4847825566,449.675059895678,674
"3623",107786,-22.0824241638184,-46.5192756652832,0.0007432061283907,1.61566549650161e-05,2.75854181381874e-05,26666.2496941268,21.1711065150456,831
"3624",107787,-22.073860168457,-46.4834823608398,0.0002645827798914,5.75179956285865e-06,1.30806256493088e-05,25583.6221114378,19.6456784411523,1138
"3625",107789,-22.0568408966064,-46.4121170043945,0.0009682059608167,2.10479556699283e-05,1.41281061587506e-05,25094.5661089803,45.8746143728527,930
"3626",107790,-22.0483837127686,-46.3765411376953,0.0001950113919519,4.2393780859129e-06,1.80075348907849e-05,25712.5307527311,14.5065752326533,873
"3627",107794,-22.0148868560791,-46.2349128723145,0.0006814548250986,1.4814235328231e-05,1.91715953405946e-05,32778.8984442163,8.14605327734509,683
"3628",107796,-21.9983310699463,-46.1644706726074,0.0002048832557193,4.4539838199853e-06,1.58900165843079e-05,35026.9905646437,3.7788921083372,918
"3629",107797,-21.9900989532471,-46.129337310791,0.0007268748995556,1.58016282512108e-05,1.53645560203586e-05,33582.4567575949,4.01522086982342,771
"3630",107798,-21.9818992614746,-46.0942573547363,0.000806647050922,1.75358054548269e-05,1.65743913385086e-05,32207.5992245789,4.92799030371277,973
"3631",107799,-21.9737281799316,-46.0592346191406,0.0002037599388131,4.42956388724269e-06,1.37591332531883e-05,31216.4389458573,6.02567886073625,656
"3632",107800,-21.9655857086182,-46.0242652893066,0.0002238395527456,4.86607723360066e-06,2.05383439606521e-05,30652.5746002416,5.87776960343042,968
"3633",107802,-21.9493885040283,-45.9544715881348,0.0002508835850676,5.45399097973132e-06,1.67077741934918e-05,30873.4284080436,34.4996167557455,784
"3634",107803,-21.9413318634033,-45.9196434020996,0.0007592211550218,1.65048077178653e-05,1.78838636202272e-05,31644.9634402543,57.9587333412361,1156
"3635",107804,-21.9333038330078,-45.8848648071289,0.0009467822783335,2.05822234420339e-05,1.79808594111819e-05,32819.1793700652,8.41634871886298,825
"3636",107805,-21.9253005981445,-45.8501243591309,0.0001876510723377,4.07937113777734e-06,1.19470787467435e-05,34311.8157153089,9.41574316914125,564
"3637",107806,-21.9173259735107,-45.8154296875,0.0002830179791999,6.15256476521608e-06,1.16414248623187e-05,35651.0004574112,27.3587680579645,673
"3638",107807,-21.9093761444092,-45.7807731628418,0.0004033672448713,8.76885314937681e-06,1.20618196888245e-05,37308.0375795097,46.410753079372,650
"3639",107808,-21.9014530181885,-45.7461547851562,0.0004202907985018,9.13675648916978e-06,1.16448909466271e-05,39241.2105258953,30.4976381843429,827
"3640",107810,-21.8856811523438,-45.6770286560059,0.0009735870044096,2.11649348784704e-05,1.27848497868399e-05,43780.8356317535,7.64553168877238,701
"3641",107811,-21.8778324127197,-45.6425132751465,0.0001728142942738,3.7568324842141e-06,1.16981827886775e-05,46319.6757877775,72.9794586001706,863
"3642",107812,-21.8700065612793,-45.6080322265625,0.0009677586422185,2.1038231352577e-05,1.29737618408399e-05,49000.2321099967,320.094915667528,853
"3643",107813,-21.8622055053711,-45.5735778808594,0.0003066316694457,6.66590585751692e-06,1.20784116006689e-05,51799.9535461969,166.487559351362,678
"3644",107814,-21.8544254302979,-45.5391540527344,0.0005375203600124,1.16852252176614e-05,1.21149623737438e-05,54699.9448809916,8.970170356836,831
"3645",107815,-21.8466701507568,-45.5047569274902,4.57748083135812e-05,9.95104528556112e-07,1.26608983919141e-05,57684.3413222969,7.16278958714829,802
"3646",107816,-21.8389377593994,-45.4703826904297,0.000748379577999,1.62691212608479e-05,1.7933030903805e-05,60740.5243183036,29.8420930962607,852
"3647",107817,-21.831226348877,-45.43603515625,0.0009829745868046,2.13690127566224e-05,1.19573769552517e-05,63857.5527653416,86.0602436932557,845
"3648",107818,-21.8235359191895,-45.4017028808594,0.0011684815253829,2.54017722909339e-05,1.44240202644141e-05,67027.2787759307,241.020281903607,795
"3649",107819,-21.8158664703369,-45.3673934936523,0.0013924588674854,3.02708449453348e-05,1.56970745592844e-05,70241.6483028753,84.0187065825665,778
"3650",107820,-21.8082180023193,-45.3331031799316,7.06985590568365e-05,1.53692519688775e-06,1.15889306471217e-05,73494.6811582076,10.9631880317108,942
"3651",107821,-21.8005905151367,-45.298828125,0.0005838039451191,1.26913901112857e-05,1.09771517600166e-05,76781.4194509241,18.534079705536,933
"3652",107822,-21.7929821014404,-45.2645683288574,0.0002621565408844,5.69905523661873e-06,1.13039368443424e-05,80097.5586759429,22.7820513954773,882
"3653",107823,-21.7853946685791,-45.2303237915039,0.0002679319586604,5.82460779696703e-06,1.04329110399703e-05,83439.200352366,13.8782941512542,674
"3654",107824,-21.7778263092041,-45.1960906982422,0.0012963943954673,2.81824868579861e-05,1.54267600009916e-05,86803.5820626199,6.74649971478115,1119
"3655",107825,-21.7702751159668,-45.161865234375,0.0003174614066665,6.90133492753375e-06,9.91070373856928e-06,90188.4053643586,4.31998971062335,1155
"3656",107826,-21.7627449035645,-45.1276473999023,0.0003378859437361,7.34534660296049e-06,1.08029389593867e-05,93591.0742464231,4.58447156373436,834
"3657",107827,-21.7552299499512,-45.0934371948242,0.0010928077863354,2.37566910072928e-05,1.20210170280188e-05,97009.9117913925,5.41644549454142,672
"3658",107828,-21.7477340698242,-45.0592346191406,0.0010567766330495,2.29734050662955e-05,1.19136539069586e-05,100442.913131854,6.58640187961345,965
"3659",107829,-21.7402572631836,-45.025032043457,0.0005041025815444,1.0958751772705e-05,1.12999214252341e-05,103889.214601942,7.19310100728802,553
"3660",107832,-21.7179222106934,-44.922435760498,0.0008978805490187,1.95191423699725e-05,1.23643048937083e-05,102195.79808438,7.99494156581531,823
"3661",107833,-21.7105102539062,-44.8882331848145,0.0002090716589009,4.54503606306389e-06,9.94088532024762e-06,100561.689178946,5.93872280027623,799
"3662",107834,-21.7031135559082,-44.8540267944336,0.0001378462338834,2.9966572583362e-06,9.86074428510619e-06,99033.0523750913,2.36260652892806,857
"3663",107835,-21.6957321166992,-44.8198127746582,0.0009475206970819,2.05982760235202e-05,2.03551098820753e-05,97614.616469494,2.36564387463972,749
"3664",107836,-21.6883659362793,-44.7855911254883,0.0010358107283536,2.25176245294278e-05,1.70089006132912e-05,96311.2947500899,1.94891634077129,1035
"3665",107837,-21.6810150146484,-44.7513618469238,0.0006865615032438,1.49252500705188e-05,1.00188590295147e-05,95127.8636164936,1.69333459076364,850
"3666",107838,-21.673677444458,-44.7171211242676,0.0002366404705753,5.14435805598623e-06,1.32660306917387e-05,94068.8888695808,1.68250305679795,386
"3667",107840,-21.6590442657471,-44.6485977172852,0.0001092182201318,2.37430913330172e-06,9.34711351874284e-06,92340.8049796889,2.05407083347318,829
"3668",107842,-21.6444644927979,-44.5800132751465,0.0005322037450241,1.15696466309601e-05,8.20512741483981e-06,91157.1952729913,2.15026224685455,808
"3669",107843,-21.6371936798096,-44.5456924438477,0.0003501776873235,7.61255842007813e-06,7.80238769948483e-06,90776.8939054325,2.17916188565868,847
"3670",107844,-21.6299362182617,-44.5113487243652,0.0003296732629678,7.16681006451836e-06,8.17656109575182e-06,90540.2715717337,2.20843326340399,1049
"3671",107845,-21.6226902008057,-44.4769859313965,0.0007407770026475,1.61038478836417e-05,9.30928763409611e-06,90448.9923832921,2.24465098871224,676
"3672",107846,-21.6154556274414,-44.4425964355469,0.0006443296406359,1.40071661007823e-05,8.77901584317442e-06,90503.5491794818,2.25124517074432,683
"3673",107847,-21.6082324981689,-44.4081840515137,0.0002366699027334,5.14499788550893e-06,7.83398991188733e-06,90704.0295013123,2.4935562447076,985
"3674",107848,-21.6010208129883,-44.3737449645996,0.0004521393639151,9.82911660685204e-06,8.50490050652297e-06,91049.6731758998,2.3181913733495,936
"3675",107849,-21.5938186645508,-44.3392753601074,0.0005098745896248,1.10842302092351e-05,8.4098073784844e-06,91539.3120590882,1.96831533079854,1138
"3676",107850,-21.5866279602051,-44.3047714233398,0.0004327640926931,9.40791505854577e-06,7.45680699765217e-06,89608.6780859044,1.24352389808331,832
"3677",107851,-21.5794486999512,-44.2702407836914,0.0004333447868702,9.42053884500638e-06,8.09039283922175e-06,86160.1673845859,1.31389904498401,682
"3678",107852,-21.5722770690918,-44.2356719970703,0.0002660598893271,5.7839106375468e-06,7.31228556105634e-06,82726.6720605826,1.81528752318693,650
"3679",107853,-21.5651168823242,-44.2010726928711,0.0005469940424518,1.18911748359096e-05,9.50293087953469e-06,79311.362132729,7.91564526980215,600
"3680",107854,-21.5579643249512,-44.166431427002,0.0001686544133008,3.66640028914844e-06,7.65860477258684e-06,75916.0138617514,6.10241672763644,682
"3681",107855,-21.5508232116699,-44.1317520141602,0.0005670791579177,1.23278077808209e-05,9.88139072433114e-06,72544.3489811954,3.02088006830257,768
"3682",107856,-21.5436878204346,-44.0970306396484,0.0002676583671927,5.81866015636479e-06,8.96683832252165e-06,69200.1623348767,3.52523033670319,830
"3683",107857,-21.5365619659424,-44.0622711181641,0.0006272635491768,1.36361641125404e-05,1.14830736492877e-05,65888.6056046429,4.43773420465674,730
"3684",107858,-21.5294456481934,-44.0274620056152,0.000353809682565,7.6915148383705e-06,8.98970120033482e-06,62614.3588954822,6.62656701662763,1015
"3685",107859,-21.5223350524902,-43.9926109313965,0.0007019288968876,1.52593238453846e-05,1.23403724501259e-05,59385.3733055128,6.9747043776737,176
"3686",107860,-21.5152339935303,-43.9577102661133,0.0003553386904968,7.72475414123619e-06,9.56733947532484e-06,56209.3746938216,4.69639399941859,675
"3687",107861,-21.5081386566162,-43.9227600097656,0.0003948830853914,8.58441489981487e-06,9.4545130195911e-06,53097.0348745082,2.68422320815895,851
"3688",107863,-21.493968963623,-43.8527069091797,0.0005267892738629,1.14519407361513e-05,1.01113746495685e-05,47117.6443046964,8.99102790615268,785
"3689",107864,-21.4868927001953,-43.8175964355469,0.00019911252366,4.3285331230436e-06,9.03472300706198e-06,44285.6601814045,5.79038926939275,848
"3690",107865,-21.4798240661621,-43.7824287414551,0.0008810381586954,1.9153003449901e-05,1.17693734864588e-05,41589.4892838508,4.68611370794651,682
"3691",107866,-21.4727611541748,-43.7472076416016,0.0002797522020046,6.08156960879569e-06,1.03348265838576e-05,39059.3233262194,4.47534670305914,845
"3692",107867,-21.4657020568848,-43.7119216918945,1.91004612588586e-05,4.15227418670838e-07,9.68965741776628e-06,36730.3517901351,3.2799994421372,933
"3693",107869,-21.451602935791,-43.6411666870117,0.0005846562016813,1.27099174278555e-05,1.1803635970864e-05,32852.8589477018,9.2562041479564,836
"3694",107870,-21.44455909729,-43.6056900024414,0.0006052317694411,1.31572123791557e-05,1.11345152618014e-05,31405.1408162575,12.1714564242194,655
"3695",107872,-21.4304847717285,-43.5345306396484,0.0003769849445234,8.1953248809441e-06,1.32994837258593e-05,29743.9483285443,312.430112832674,822
"3696",107873,-21.423454284668,-43.4988479614258,0.0006301724170043,1.369940036966e-05,1.29493355416344e-05,29605.0736293207,153.458133056956,729
"3697",107874,-21.4164257049561,-43.4630889892578,0.0008874644518073,1.92927054740721e-05,1.21433195090503e-05,29946.7162726128,5.23715817214588,669
"3698",107876,-21.402379989624,-43.3913421630859,0.0016152401803992,3.51139169652015e-05,1.34402289404534e-05,31998.7536179096,5.68777258864612,984
"3699",107877,-21.3953590393066,-43.3553504943848,0.0001368812377222,2.97567908091878e-06,1.12308971438324e-05,33631.4377329347,3.76111425713827,1113
"3700",107878,-21.3883438110352,-43.319278717041,0.0003924008269677,8.53045276016928e-06,1.14824160846183e-05,35602.0392602361,3.25088546432333,825
"3701",107879,-21.3813285827637,-43.2831268310547,0.0003029224644706,6.58527096675243e-06,1.17930730993976e-05,37860.8191092307,12.2746865096022,739
"3702",107880,-21.3743152618408,-43.246883392334,0.0008148887245624,1.77149722730974e-05,1.11326671685674e-05,40362.1683128069,52.221085988357,682
"3703",107881,-21.367301940918,-43.2105560302734,0.0010862269482458,2.36136293096934e-05,1.24884700198891e-05,43066.0373063318,51.4556225574973,1263
"3704",107882,-21.3602924346924,-43.1741371154785,0.0008910654250939,1.93709875020431e-05,1.13345458885306e-05,45938.9762757496,6.62643783478456,562
"3705",107883,-21.3532810211182,-43.1376304626465,0.0003844197126454,8.35695027490146e-06,9.12642099137884e-06,48953.624723176,8.56118632378597,822
"3706",107884,-21.3462715148926,-43.1010284423828,0.000626084380201,1.3610530004371e-05,1.01730147434864e-05,52087.6166434535,32.7359422226376,704
"3707",107885,-21.339262008667,-43.0643272399902,0.0005043184592068,1.09634447653661e-05,1.07157957245363e-05,54837.1414376466,211.172524165788,811
"3708",107886,-21.3322525024414,-43.027530670166,0.0004754269157274,1.03353677332052e-05,9.60355646384414e-06,57566.1751242605,22.3763583139975,686
"3709",107887,-21.3252429962158,-42.9906349182129,0.0001449496130589,3.15107854476082e-06,8.77253296494018e-06,60429.4628317951,15.529992149344,689
"3710",107888,-21.3182315826416,-42.9536361694336,0.0005325626207195,1.15774482765119e-05,9.10990729607875e-06,63411.0978199164,7.78718817403602,820
"3711",107889,-21.3112201690674,-42.9165306091309,0.0004145473649259,9.01189923752099e-06,1.02616286312696e-05,62391.0731642073,14.567506844244,680
"3712",107892,-21.2901763916016,-42.8045692443848,0.0005328898259904,1.15845614345744e-05,1.01596560853068e-05,58106.6615506303,71.1903381726508,870
"3713",107894,-21.2761383056641,-42.729362487793,0.0003311207728984,7.198277671705e-06,9.09378650248982e-06,56445.3271645194,8.56045076141767,836
"3714",107895,-21.2691135406494,-42.6915817260742,0.0001106581157728,2.40561121245264e-06,1.00229617601144e-05,56017.1313449168,8.09776505128115,835
"3715",107896,-21.2620868682861,-42.6536827087402,3.00027623723054e-06,6.52233964615334e-08,9.03831551113399e-06,55870.0208959204,9.10967870571003,685
"3716",107897,-21.2550563812256,-42.6156578063965,0.0002303618612131,5.00786654811236e-06,9.43942450248869e-06,56008.9147574603,7.82744052917471,1234
"3717",107899,-21.2409820556641,-42.5392303466797,0.0007822620791557,1.70056973729515e-05,1.05737008198048e-05,57143.1873500208,12.2076743173142,900
"3718",108178,-22.2703304290771,-47.4942207336426,0.0009116629989875,1.98187608475564e-05,2.36494779528584e-05,16309.4677298195,12.4619788360531,798
"3719",108179,-22.2606239318848,-47.4557495117188,0.0010243405122309,2.22682720050216e-05,1.54142653627787e-05,14276.4104480535,7.77824010369859,1004
"3720",108180,-22.2509689331055,-47.4174118041992,0.0017340262784273,3.76962234440725e-05,1.71819920069538e-05,13247.2552752789,9.96857758672736,675
"3721",108181,-22.2413673400879,-47.3792037963867,0.0016810053857625,3.6543595342664e-05,1.74344186234521e-05,13452.2495959534,16.4759454059738,668
"3722",108183,-22.2223167419434,-47.3031692504883,0.0018533187685534,4.02895384468138e-05,1.87667210411746e-05,17085.5075925811,5.27909967950767,893
"3723",108184,-22.2128658294678,-47.2653388977051,0.0012663954330491,2.75303355010692e-05,1.72432446561288e-05,19917.6437907606,5.48099220443806,1135
"3724",108185,-22.2034645080566,-47.2276268005371,0.002242614973511,4.87524994241539e-05,2.11742062674602e-05,23107.5546190522,4.99226967768788,732
"3725",108186,-22.1941108703613,-47.1900367736816,0.0014883705516695,3.23558815580327e-05,2.01211332750972e-05,26520.2699162034,29.8536665595936,668
"3726",108187,-22.1848049163818,-47.1525573730469,0.000989374355413,2.15081381611526e-05,1.8939270375995e-05,27571.637538039,10.1410339020714,831
"3727",108188,-22.1755466461182,-47.1151924133301,0.0003404030103411,7.40006544219796e-06,1.59087558131432e-05,25710.702535146,3.36527284096775,822
"3728",108189,-22.1663341522217,-47.0779418945312,0.0013910534871683,3.02402931993129e-05,1.85125791176688e-05,24374.7147491796,2.73798814962441,776
"3729",108190,-22.1571655273438,-47.0407943725586,0.0012745792882924,2.77082453976618e-05,1.69038321473636e-05,23646.0941366363,6.40161704425135,723
"3730",108192,-22.1389656066895,-46.9668235778809,0.0017241226814803,3.74809278582688e-05,1.99951555259759e-05,24161.9179909285,11.7331906326312,858
"3731",108193,-22.1299304962158,-46.929988861084,0.0002910686680479,6.32757974017295e-06,1.50271571328631e-05,25355.4453761787,11.4599595454779,783
"3732",108194,-22.1209373474121,-46.8932571411133,0.0010124597101821,2.20099936996121e-05,1.64148696057964e-05,27070.745785801,10.5516168238833,667
"3733",108195,-22.111988067627,-46.8566207885742,0.0004466093396331,9.70889868767699e-06,1.58292968990281e-05,29211.4973700547,8.79923053111629,926
"3734",108196,-22.1030788421631,-46.8200798034668,0.0012167367094662,2.6450798031874e-05,2.05249434657162e-05,31667.1844471142,11.2405925140483,760
"3735",108197,-22.0942115783691,-46.7836303710938,0.001089611207135,2.36872001551092e-05,2.21739501284901e-05,34121.8588662697,13.7775616294588,858
"3736",108199,-22.0765972137451,-46.7110023498535,8.32227476621483e-05,1.80919016656844e-06,2.14180818147724e-05,34410.3864629567,28.6938758552656,870
"3737",108200,-22.0678482055664,-46.6748199462891,0.0002280290018461,4.9571522140468e-06,1.68912720255321e-05,31280.6593290814,33.4739323819659,692
"3738",108204,-22.0332317352295,-46.5309181213379,0.0001668160748522,3.62643640983151e-06,2.26629435928771e-05,21429.9056850527,276.038250802352,700
"3739",108205,-22.0246696472168,-46.4951362609863,0.0001629090866117,3.5415018828644e-06,1.47019045471097e-05,20102.7298047868,15.0605658594535,670
"3740",108206,-22.0161418914795,-46.4594306945801,0.0005922850505157,1.28757619677344e-05,1.5342096958193e-05,19454.0237916426,11.1351082065527,854
"3741",108207,-22.0076503753662,-46.4237976074219,0.0003515992375469,7.64346168580232e-06,2.454104469507e-05,19546.725964691,11.820029354132,834
"3742",108208,-21.9991931915283,-46.3882369995117,3.32705549226375e-05,7.23272933100816e-07,1.38728646561503e-05,20365.8837155706,10.1719671870817,1068
"3743",108209,-21.9907703399658,-46.3527450561523,0.0001723343953017,3.74639989786374e-06,1.42198077810463e-05,21825.8271229416,44.2402853917563,679
"3744",108210,-21.9823799133301,-46.3173179626465,0.0013500888599082,2.93497578240931e-05,2.20966030610725e-05,23805.3790999327,12.4679049674462,721
"3745",108211,-21.9740238189697,-46.2819557189941,0.001111254114221,2.41576981352409e-05,2.7979080186924e-05,26183.8667987846,5.81264645940794,848
"3746",108212,-21.9656982421875,-46.2466583251953,0.0011923837009817,2.59213848039508e-05,2.26852680498268e-05,28859.7007593209,4.74038746784111,1162
"3747",108213,-21.957405090332,-46.2114181518555,0.0007195240978035,1.56418282131199e-05,1.78950358531438e-05,31755.9956530536,4.18107381348035,790
"3748",108214,-21.9491443634033,-46.1762428283691,0.0011507174713187,2.50155972025823e-05,2.73493642453104e-05,34814.8767758067,4.49934476110504,672
"3749",108215,-21.9409122467041,-46.1411209106445,0.0011910896064364,2.58932523138355e-05,2.63351175817661e-05,37995.9167600244,4.68457010050056,590
"3750",108216,-21.9327125549316,-46.1060562133789,0.0004013104244222,8.72413966135355e-06,2.04893985937815e-05,37520.4237814464,5.78756761513113,594
"3751",108217,-21.9245414733887,-46.071044921875,0.0011698846465151,2.54322749242419e-05,3.44738509738818e-05,36687.7056887644,5.84558892685165,824
"3752",108218,-21.9082889556885,-46.0011787414551,0.0016708455805201,3.63227300113067e-05,3.23972744808998e-05,36139.21275495,8.21255754371999,791
"3753",108219,-21.9002056121826,-45.9663162231445,0.0018208226538263,3.95831011701375e-05,2.85115456790663e-05,36436.654549393,9.94720643332367,682
"3754",108220,-21.8921489715576,-45.9315032958984,0.0007568210639874,1.6452631825814e-05,1.55722736963071e-05,37104.9209063243,13.6253062503872,719
"3755",108222,-21.8761196136475,-45.8620109558105,0.0003507394922053,7.62477156968089e-06,1.22701021609828e-05,39461.6212507077,16.0071647322991,856
"3756",108223,-21.8681449890137,-45.8273277282715,0.0003193887841916,6.94323443894973e-06,1.19222904686467e-05,40871.6096883136,15.2383548540524,975
"3757",108224,-21.8601970672607,-45.7926826477051,0.0008864463961799,1.92705738299992e-05,1.21423381642671e-05,42333.5414482887,37.7271703279226,790
"3758",108225,-21.85227394104,-45.7580795288086,0.0010001453119912,2.17422893911134e-05,1.24985972433933e-05,44054.7826849601,38.7409695957731,690
"3759",108226,-21.8443756103516,-45.7235107421875,0.0003360714208611,7.30590045350255e-06,1.09850834633107e-05,46005.3327447431,19.2205289589438,838
"3760",108227,-21.8365039825439,-45.6889762878418,0.0002964817795145,6.44525607640389e-06,1.27037774291239e-05,48156.1957635011,44.7076737446477,830
"3761",108228,-21.8286552429199,-45.6544723510742,0.0014089832984609,3.06300717056729e-05,1.35881255118875e-05,50481.4192524156,23.7291308433966,794
"3762",108229,-21.8208312988281,-45.620002746582,0.0006405130407074,1.39241965371184e-05,1.28540932564647e-05,52956.8918358903,4.82740341681341,878
"3763",108230,-21.8130302429199,-45.585563659668,0.0002540808127378,5.52349592908286e-06,1.1788326446549e-05,55562.1107151476,6.24621318971752,682
"3764",108231,-21.8052520751953,-45.5511512756348,3.09379073542004e-05,6.72563203352183e-07,1.17393101390917e-05,58279.2118110066,26.0120912352636,926
"3765",108232,-21.7974967956543,-45.5167655944824,0.0006412123839254,1.39393996505532e-05,1.18101343105081e-05,61092.675603936,35.9212111985574,665
"3766",108233,-21.7897644042969,-45.4824066162109,6.25542500074516e-05,1.35987500016199e-06,1.68289952853229e-05,63989.2268616393,9.8869257288105,1025
"3767",108236,-21.7666969299316,-45.379451751709,0.0010488187799637,2.28004082600819e-05,1.49293164213304e-05,73075.7001880713,6.50061831640817,673
"3768",108237,-21.7590503692627,-45.3451728820801,0.0003956236378144,8.60051386553096e-06,1.71105257322779e-05,75872.4471304879,7.84161945935964,737
"3769",108238,-21.7514228820801,-45.3109130859375,0.0011626086488831,2.52741010626778e-05,1.45081585287699e-05,78424.8498845621,36.0769181044371,848
"3770",108239,-21.7438163757324,-45.2766647338867,0.0006048824743629,1.31496190078906e-05,1.3459089132084e-05,81061.7325348957,412.837196583383,1326
"3771",108240,-21.7362289428711,-45.242431640625,0.0009486460221523,2.06227396120084e-05,1.46122165460838e-05,83774.4477161425,184.535757468981,836
"3772",108241,-21.7286605834961,-45.2082061767578,0.0012005283133476,2.60984415945131e-05,1.29296386148781e-05,86556.3191187925,78.2748036736683,540
"3773",108242,-21.7211112976074,-45.1739959716797,0.0006338651382975,1.3779676919512e-05,1.05906628959929e-05,89400.0181506963,4.77605960641886,748
"3774",108243,-21.7135810852051,-45.1397895812988,0.0003723972931766,8.09559332992649e-06,1.17609361041104e-05,92300.6801383644,6.01460982250866,847
"3775",108244,-21.7060680389404,-45.1055946350098,0.0006432233931263,1.39831172418781e-05,1.15045195343555e-05,95252.1879918086,6.83731692316446,827
"3776",108245,-21.6985740661621,-45.0713996887207,0.0006327337050606,1.37550805447972e-05,1.20513841466163e-05,98250.967350361,8.63309969054654,765
"3777",108246,-21.6910972595215,-45.0372123718262,0.0011327453212288,2.46248982875841e-05,1.19684000310372e-05,101291.950929178,10.5773217079071,674
"3778",108247,-21.6836376190186,-45.0030250549316,0.0011049489803554,2.40206300077261e-05,1.11073677544482e-05,104372.073841366,8.8965676908937,944
"3779",108248,-21.6761932373047,-44.9688377380371,0.0009816691126616,2.13406328839483e-05,1.21921393656521e-05,107487.863442943,4.99482513286151,942
"3780",108249,-21.6687660217285,-44.9346504211426,0.0005403015002229,1.17456847874564e-05,1.1120228919026e-05,107197.791155254,7.47686872730357,990
"3781",108250,-21.66135597229,-44.9004592895508,0.0003410467315916,7.41405938242679e-06,1.07979476524633e-05,105641.674658589,20.5143809848142,788
"3782",108251,-21.653959274292,-44.8662643432617,0.0010114105280081,2.1987185391481e-05,1.32438908622134e-05,104188.191179372,6.28145440477141,858
"3783",108252,-21.6465797424316,-44.8320655822754,0.000444182933279,9.65615072345827e-06,1.06159641291015e-05,102841.345434342,2.2302535280396,1138
"3784",108253,-21.6392154693604,-44.7978553771973,0.0005810851835121,1.2632286598091e-05,1.00609213404823e-05,101605.135625524,2.01681781339836,677
"3785",108254,-21.6318645477295,-44.7636375427246,9.44273474488e-05,2.0527684228e-06,8.68094957695575e-06,100484.110539965,1.92372155505277,672
"3786",108256,-21.6172065734863,-44.6951637268066,8.40485372464173e-05,1.82714211405255e-06,1.05126309790649e-05,98602.0494634001,1.91353614493749,652
"3787",108257,-21.6098976135254,-44.6609077453613,0.0003113656239293,6.76881791150663e-06,9.30362148210406e-06,97848.3380636505,1.98445423425442,902
"3788",108258,-21.6026039123535,-44.626636505127,0.0004349389764684,9.45519514061743e-06,9.62698140938301e-06,97223.3878867286,1.88064064946615,903
"3789",108259,-21.5953216552734,-44.5923461914062,0.0004415191870066,9.59824319579639e-06,8.87035821506288e-06,96730.0939235244,1.69791374164883,750
"3790",108260,-21.5880527496338,-44.5580368041992,0.000204680995921,4.44958686784958e-06,7.41044959795545e-06,96370.4626898813,1.81046794041132,838
"3791",108261,-21.5807952880859,-44.5237083435059,0.0007967652927618,1.73209846252576e-05,1.29443742480362e-05,96146.3809850789,1.79651101905161,756
"3792",108262,-21.5735511779785,-44.4893569946289,0.0012844681587012,2.79232208413305e-05,1.34650808831793e-05,96058.6898002496,2.0916079390226,830
"3793",108263,-21.5663166046143,-44.4549827575684,0.0006603535784961,1.43555125760031e-05,8.89287366589997e-06,96108.4056856696,2.1545375038658,855
"3794",108264,-21.5590953826904,-44.420581817627,0.0002671439842742,5.80747791900649e-06,9.00680788618047e-06,96295.0743547887,2.09834774318223,773
"3795",108265,-21.5518856048584,-44.3861503601074,0.0002800663332891,6.08839854976395e-06,8.20346667751437e-06,96618.3378472313,1.90162417659122,788
"3796",108266,-21.5446853637695,-44.351692199707,0.0005471019394462,1.18935204227455e-05,7.96162476035533e-06,95096.4163515293,1.6821243466327,717
"3797",108267,-21.5374965667725,-44.3172035217285,0.0005395729131123,1.1729845937225e-05,8.42523240862647e-06,91709.1781168418,1.5781226744493,929
"3798",108268,-21.5303173065186,-44.2826843261719,0.000193601535102,4.20872902395786e-06,8.03548755357042e-06,88340.8809805504,1.56940055730036,698
"3799",108269,-21.5231494903564,-44.2481307983398,0.0006654708831774,1.44667583299452e-05,9.19562171475263e-06,84993.7154726326,2.50168467795818,782
"3800",108270,-21.5159893035889,-44.2135391235352,0.000282516021798,6.14165264778421e-06,7.31362797523616e-06,81670.4242712226,3.99958983653426,782
"3801",108271,-21.5088386535645,-44.1789093017578,0.0004634517299564,1.00750376077485e-05,8.80504558153916e-06,78374.5091139111,37.5758799701238,678
"3802",108272,-21.5016975402832,-44.1442451477051,0.0006828538880654,1.4844649740553e-05,1.03033416962717e-05,75110.48899472,12.2992452687908,921
"3803",108273,-21.4945659637451,-44.1095352172852,0.0002986231102113,6.49180674372474e-06,8.5472383943852e-06,71882.0739946964,5.93960503774483,1051
"3804",108274,-21.4874420166016,-44.0747871398926,0.0005031212167523,1.09374177554855e-05,9.52980826696148e-06,68695.8120084492,4.20787512508798,675
"3805",108275,-21.4803256988525,-44.0399894714355,0.0006550699308718,1.42406506711268e-05,1.16561468530563e-05,65557.3585134275,5.6349408277012,650
"3806",108276,-21.473217010498,-44.0051498413086,0.0007164402268244,1.55747875396628e-05,1.29008767544292e-05,62475.5115244785,24.7315151024817,900
"3807",108277,-21.4661178588867,-43.9702606201172,0.000201021032808,4.37002245234908e-06,7.83375071478076e-06,59459.0248932406,45.9258203312649,660
"3808",108278,-21.4590244293213,-43.9353256225586,0.0006212729858816,1.35059344756883e-05,1.04250020740437e-05,56519.8518584941,22.0661828133163,711
"3809",108279,-21.4519386291504,-43.900333404541,0.000862493430759,1.87498571904143e-05,1.24043335745228e-05,53670.4880367082,3.42700631380317,975
"3810",108280,-21.4448585510254,-43.865291595459,7.5842058777198e-05,1.64874040819996e-06,7.98259134171531e-06,50928.0253113375,3.60107742239053,894
"3811",108281,-21.4377841949463,-43.8301963806152,1.92441404465171e-05,4.18350879272111e-07,8.92479329195339e-06,48311.4775865078,4.24726159340317,657
"3812",108282,-21.4307174682617,-43.7950439453125,0.000515397208801,1.12042871478479e-05,1.06494089777698e-05,45843.2556048576,12.6088870254545,774
"3813",108283,-21.423656463623,-43.7598304748535,0.0001480438386352,3.2183443181566e-06,1.03464781204821e-05,43549.8793605416,19.9531768771991,1314
"3814",108284,-21.4165992736816,-43.7245597839355,0.0007485409005312,1.62726282724179e-05,1.29074569485965e-05,41462.4383280614,6.77519917455681,803
"3815",108285,-21.4095478057861,-43.6892242431641,0.0007024589685897,1.52708471432561e-05,1.16248393169371e-05,39614.455820962,4.22463582400203,566
"3816",108286,-21.4025020599365,-43.6538276672363,0.0013756748812738,2.9905975679867e-05,1.79474209289765e-05,38042.9738642911,11.7696638977509,678
"3817",108288,-21.3884239196777,-43.5828285217285,0.0003980727196903,8.65375477587804e-06,9.90331591310678e-06,35875.8313328964,12.3373270127344,878
"3818",108290,-21.374361038208,-43.5115547180176,0.0003861075329041,8.39364201965509e-06,1.21770872283378e-05,35210.497232698,13.8927470068008,653
"3819",108291,-21.3673362731934,-43.4758110046387,0.0010197630690527,2.21687623707112e-05,1.29298286992707e-05,35480.2371269398,18.2833559091547,895
"3820",108294,-21.3462753295898,-43.3681106567383,8.08171237167699e-05,1.75689399384282e-06,1.17211784527171e-05,38588.1487743032,30.2915048452746,906
"3821",108295,-21.339262008667,-43.3320503234863,0.0007793678960297,1.69427803484723e-05,1.22796227515209e-05,40299.2627373249,3.85158114472818,804
"3822",108296,-21.3322486877441,-43.2959098815918,0.0006172905450512,1.34193596750265e-05,1.11684903458809e-05,42290.4278531343,17.7508511845868,700
"3823",108298,-21.3182277679443,-43.2233657836914,0.0002807343198583,6.10291999691981e-06,1.27969033201225e-05,46974.2426443169,7.60169012274376,807
"3824",108299,-21.3112182617188,-43.1869583129883,0.0005961723963991,1.29602694869391e-05,9.8529517345014e-06,49605.2111487087,30.8740535902687,840
"3825",108300,-21.3042106628418,-43.150463104248,0.0003350393917571,7.28346503819921e-06,9.69229586189613e-06,52393.3254011531,93.3727882922188,372
"3826",108301,-21.2972030639648,-43.1138725280762,0.0009759899403434,2.12171726161614e-05,1.14898921310669e-05,55317.3484289005,14.8671283577636,679
"3827",108302,-21.2901954650879,-43.0771865844727,0.0011224135669181,2.44002949330024e-05,1.25603291962761e-05,58358.7848344874,19.1469838419171,666
"3828",108303,-21.2831897735596,-43.0404014587402,0.0006779809937143,1.47387172546587e-05,1.14079603008577e-05,61457.8262454201,115.8238703221,856
"3829",108304,-21.2761821746826,-43.0035171508789,0.0003382312224857,7.35285266273422e-06,9.3791550170863e-06,64133.3598985857,199.931687130609,862
"3830",108305,-21.269172668457,-42.9665298461914,0.0006005185241519,1.30547505250433e-05,1.22342335089343e-05,66936.2239749955,33.3696002254083,904
"3831",108306,-21.2621631622314,-42.9294395446777,0.0003610571056924,7.84906751505332e-06,9.34751278691692e-06,67559.9686002366,56.5888572439057,663
"3832",108307,-21.2551536560059,-42.8922424316406,0.0012375297446851,2.6902820536634e-05,1.22578640002757e-05,66030.6677291328,50.7062048287313,892
"3833",108308,-21.2481422424316,-42.8549346923828,0.0011383557975932,2.47468651650706e-05,1.2399666957208e-05,64699.5873240785,17.6476628022397,897
"3834",108309,-21.2411270141602,-42.8175163269043,0.0009883031671051,2.14848514588084e-05,1.14177219074918e-05,63581.4722823447,9.78988468478071,658
"3835",108311,-21.2270927429199,-42.7423324584961,0.0005890165539312,1.28047076941584e-05,1.05826502476702e-05,62035.3994689533,6.18069769216874,750
"3836",108312,-21.2200717926025,-42.7045669555664,0.0006726229185005,1.46222373587079e-05,1.10736255010124e-05,61629.5320007816,6.38125618646306,924
"3837",108313,-21.2130470275879,-42.6666793823242,0.0004496844667301,9.77574927674141e-06,8.76812646311009e-06,61478.9616976405,10.8541759023382,856
"3838",108315,-21.1989860534668,-42.5905303955078,0.0004851380635955,1.05464796433807e-05,1.05285789686604e-05,61957.6593128134,366.97166011859,1548
"3839",108316,-21.191951751709,-42.5522651672363,0.0007666223282285,1.66657027875772e-05,1.12233710751752e-05,62585.6747730499,10.7188413123304,697
"3840",108317,-21.1849098205566,-42.5138702392578,0.000915619166335,1.99047644855455e-05,9.99690837488743e-06,63467.4942516072,23.8126352966919,823
"3841",108596,-22.2113990783691,-47.4669647216797,0.0013638892160088,2.96497655654093e-05,1.59623596118763e-05,19466.3805945052,6.8614636358271,849
"3842",108597,-22.2017459869385,-47.4286422729492,0.0015095573544385,3.28164642269257e-05,1.64747325470671e-05,18791.2279445605,565.273147440892,548
"3843",108598,-22.1921443939209,-47.3904495239258,0.0024254794188891,5.2727813454112e-05,2.02215760509716e-05,19000.7441723564,2289.0364469571,794
"3844",108599,-22.1825923919678,-47.3523826599121,0.0020633766034734,4.48560131189879e-05,1.76816593011608e-05,20058.6041700396,1670.40676988469,842
"3845",108600,-22.1730918884277,-47.3144454956055,0.0011805764479504,2.5664705390227e-05,1.64752764248988e-05,21833.6916728479,12.4571217242923,770
"3846",108601,-22.1636428833008,-47.2766265869141,0.0006077638554415,1.32122577269911e-05,1.5718203940196e-05,24161.6462073456,3.89000861527474,988
"3847",108602,-22.1542415618896,-47.2389297485352,0.0025004408453241,5.43574096809607e-05,1.93621090147644e-05,26656.4697721083,3.97094278636861,820
"3848",108603,-22.1448879241943,-47.2013511657715,0.002471527965099,5.37288688065019e-05,1.97575081983814e-05,29250.9506504327,2.79442094366494,779
"3849",108604,-22.1355819702148,-47.1638870239258,0.0008724910767341,1.89671973203076e-05,1.66058816830628e-05,32135.5840795687,2.4342468188131,886
"3850",108605,-22.1263236999512,-47.126537322998,1.52577002836551e-05,3.31689136601199e-07,1.56734022311866e-05,30820.3380254122,2.60046611088421,18
"3851",108606,-22.1171112060547,-47.089298248291,0.0001823896191126,3.96499171984033e-06,1.56989171955502e-05,29750.9095198876,2.33484232874477,654
"3852",108607,-22.1079444885254,-47.0521659851074,0.0009842615691013,2.13969906326383e-05,1.64546727319248e-05,29192.7027257481,5.20736063189702,766
"3853",108608,-22.0988216400146,-47.0151443481445,0.0010783649013319,2.34427152463468e-05,1.87594632734545e-05,29170.438572181,192.234701309654,650
"3854",108609,-22.0897426605225,-46.9782218933105,0.0015764355848659,3.42703388014343e-05,1.82144613063429e-05,29680.2951939286,519.149066423409,1017
"3855",108612,-22.0627670288086,-46.8680610656738,0.0005702729758922,1.23972386063542e-05,1.58384209498763e-05,34001.4776563685,8.82198318585537,673
"3856",108613,-22.0538597106934,-46.8315315246582,0.0014764582883799,3.20969193126075e-05,2.05002361326478e-05,36176.0117406409,14.9291449434587,847
"3857",108614,-22.0449905395508,-46.7950973510742,0.0021254603416309,4.62056596006732e-05,1.8069878933602e-05,38556.7980742455,20.6420739359275,652
"3858",108615,-22.0361652374268,-46.7587547302246,0.0025900580221787,5.6305609177798e-05,3.32909294229466e-05,34944.090391643,87.0133988897831,926
"3859",108616,-22.0273761749268,-46.7224998474121,0.0015478799905395,3.36495650117286e-05,1.86285924428375e-05,31408.645957861,10.1901379957644,899
"3860",108617,-22.0186290740967,-46.6863288879395,0.0001725419892864,3.75091281057394e-06,1.68767364812084e-05,27975.8328197214,11.5449954354013,1103
"3861",108619,-22.0012474060059,-46.6142425537109,0.0006703421877318,1.45726562550408e-05,1.90229766303673e-05,21591.5075582583,8.37029989643849,854
"3862",108620,-21.9926128387451,-46.5783233642578,0.0006419518904294,1.39554758789018e-05,2.37059903156478e-05,18792.1010519526,12.4353788533064,809
"3863",108621,-21.9840145111084,-46.54248046875,0.0003777539459406,8.21204230305739e-06,1.5834060832276e-05,16428.9924136781,12.4719594629866,884
"3864",108623,-21.966926574707,-46.471019744873,0.0002589323912616,5.6289650274266e-06,1.40260272019077e-05,13860.3539034164,3.46513215860418,605
"3865",108624,-21.9584350585938,-46.4354019165039,0.0020816170945181,4.52525455330033e-05,2.78937150142156e-05,14040.6850254252,25.8449244318954,665
"3866",108625,-21.9499778747559,-46.3998527526855,0.0010403783817309,2.2616921341978e-05,1.63181757670827e-05,15205.6604826448,176.689065385739,779
"3867",108626,-21.9415550231934,-46.364372253418,0.0007068473096296,1.53662458615145e-05,1.43530423883931e-05,17150.6298287745,69.4304041773493,797
"3868",108627,-21.9331645965576,-46.3289566040039,0.000483684863866,1.05148883449147e-05,1.84243854164379e-05,19640.9591456579,8.2418631895225,615
"3869",108628,-21.9248085021973,-46.2936096191406,0.0005535895652428,1.20345557661494e-05,1.82942876563175e-05,22492.2358069728,6.24763775300861,739
"3870",108629,-21.9164848327637,-46.2583236694336,0.0001405982452524,3.05648359244515e-06,1.86699398909695e-05,25581.2687125114,5.18689076931197,1092
"3871",108630,-21.9081916809082,-46.2230987548828,0.0010591183199721,2.30243113037432e-05,1.66824138432276e-05,28828.9280011046,5.89187532563556,800
"3872",108631,-21.8999309539795,-46.1879348754883,0.0002957094311568,6.42846589471446e-06,1.36378230308765e-05,32184.8268540193,6.7599865873536,662
"3873",108633,-21.8835010528564,-46.1177749633789,0.0002767021142062,6.01526335231028e-06,1.87266414286569e-05,39102.5531680925,5.69228078133969,822
"3874",108637,-21.8509960174561,-45.978084564209,5.68950390515965e-05,1.23684867503471e-06,1.22165556604159e-05,42012.1969520041,12.7662138891,916
"3875",108639,-21.8349132537842,-45.9085311889648,0.0003778603368118,8.214355148084e-06,1.16980809252709e-05,43504.3749994733,29.6591905268235,666
"3876",108640,-21.8269138336182,-45.8738174438477,0.0006299964097706,1.36955741254496e-05,1.1654403351713e-05,44692.1730451192,22.9307159507128,904
"3877",108641,-21.8189392089844,-45.8391456604004,0.0009489080875937,2.06284366868204e-05,1.15034599730279e-05,46144.7600527351,11.7972618920069,649
"3878",108642,-21.8109912872314,-45.804515838623,0.0001541499550512,3.35108597937506e-06,1.01632267615059e-05,47492.7139007922,9.62489543020912,858
"3879",108643,-21.8030700683594,-45.7699241638184,7.59405268127011e-05,1.65088101766742e-06,1.10764085547999e-05,49041.0392417044,13.0102314331005,661
"3880",108644,-21.7951736450195,-45.7353668212891,0.0003640602317318,7.91435286373599e-06,1.1007430657628e-05,50807.6927198072,14.2748761930848,892
"3881",108645,-21.7873020172119,-45.7008438110352,0.0010013933024311,2.17694196180673e-05,1.33889061544323e-05,52028.0674749116,28.3165128487479,704
"3882",108646,-21.7794532775879,-45.6663551330566,0.0005372713058022,1.16798109957017e-05,1.22324036055943e-05,53220.5704910771,15.7535806620065,951
"3883",108647,-21.7716293334961,-45.6318969726562,0.0005401293001341,1.17419413072639e-05,1.17223480629036e-05,54635.9335722897,4.76686133837263,657
"3884",108649,-21.7560539245605,-45.5630683898926,0.0017585583482286,3.82295293093193e-05,1.66550435096724e-05,58064.8230964075,150.048043588534,811
"3885",108651,-21.7405681610107,-45.4943466186523,0.0015545442511211,3.37944402417634e-05,1.9869346942869e-05,62174.3045225522,8.49778911586778,1705
"3886",108652,-21.7328586578369,-45.4600219726562,0.0008361882355529,1.8178005120717e-05,2.33093142014695e-05,64443.3359947176,11.4789735468679,800
"3887",108653,-21.725170135498,-45.4257164001465,0.000632375205896,1.37472870846977e-05,1.29950230984832e-05,66835.8299172431,11.8611427269344,1413
"3888",108654,-21.7175025939941,-45.3914337158203,0.0015794239006936,3.43353021889925e-05,1.58394122991012e-05,69338.2819129777,10.1475870460289,659
"3889",108655,-21.7098560333252,-45.3571662902832,0.000822058875201,1.7870845113066e-05,2.26245156227378e-05,71939.4673767514,8.04201195100765,868
"3890",108656,-21.7022304534912,-45.3229141235352,0.0007022953031992,1.52672891999828e-05,1.24702573884861e-05,74628.7571451263,39.7479528283818,549
"3891",108657,-21.6946258544922,-45.2886810302734,0.0003365180909895,7.31561067368602e-06,1.17951649372117e-05,77396.3187645377,1011.95813886469,667
"3892",108658,-21.6870384216309,-45.2544593811035,0.0008890858771337,1.9327953850734e-05,1.18105062938412e-05,80234.2577782566,1480.23703763808,672
"3893",108659,-21.6794719696045,-45.2202491760254,0.0011297718156129,2.45602568611503e-05,1.32611248773173e-05,83135.3241242779,885.301376702379,802
"3894",108661,-21.6643943786621,-45.15185546875,0.000499667969052,1.08623471533065e-05,1.79043236130383e-05,89101.6584889579,7.58714197805826,961
"3895",108663,-21.6493892669678,-45.0834884643555,0.0003916940786439,8.51508866617223e-06,1.08234426079434e-05,95252.2803071363,8.94547855521998,651
"3896",108664,-21.6419143676758,-45.0493125915527,0.0009287355751439,2.01899038074771e-05,1.07486166598392e-05,98385.8760974929,7.43072777851156,700
"3897",108665,-21.6344547271729,-45.0151405334473,0.0017034563279594,3.70316593034659e-05,1.47743776324205e-05,101553.437087845,4.11978480716378,785
"3898",108666,-21.6270122528076,-44.9809646606445,0.0010524629287829,2.28796288865851e-05,1.2981010513613e-05,104752.621052665,3.57308831380837,648
"3899",108667,-21.6195869445801,-44.9467887878418,0.0004603635497915,1.00079032563372e-05,1.12048110167962e-05,107980.228456268,3.24581042183936,787
"3900",108668,-21.6121768951416,-44.9126091003418,0.0002950317384602,6.4137334447878e-06,9.71889312495477e-06,110770.152484705,2.1392908571093,662
"3901",108669,-21.6047821044922,-44.8784255981445,0.0007813869378878,1.69866725627799e-05,1.24189482448855e-05,109385.531705734,1.30165807158444,654
"3902",108670,-21.5974044799805,-44.84423828125,0.000893849577551,1.94315125554567e-05,1.37016486405628e-05,108103.979640189,1.27518518858454,974
"3903",108671,-21.5900402069092,-44.8100395202637,0.0001579775685058,3.43429496751924e-06,1.13755177153507e-05,106929.155105244,1.53001370356255,853
"3904",108672,-21.582691192627,-44.7758331298828,0.0002745868059719,5.96927839069394e-06,9.89149611996254e-06,105864.702913793,2.20967247431601,664
"3905",108673,-21.5753574371338,-44.7416152954102,0.000316068389111,6.87105193719617e-06,1.09183629319887e-05,104913.843006255,2.66743499782734,721
"3906",108674,-21.5680351257324,-44.7073860168457,0.0009314988092228,2.02499741135398e-05,1.43772122100927e-05,104080.154069609,2.3820656293098,883
"3907",108675,-21.5607280731201,-44.6731414794922,0.0005036986058257,1.09499696918647e-05,8.62334036355605e-06,103366.018024647,1.96421282495069,674
"3908",108676,-21.5534343719482,-44.6388816833496,9.9124788903282e-05,2.15488671528874e-06,8.11085374152754e-06,102774.248670928,1.81599193691533,858
"3909",108677,-21.5461540222168,-44.6046028137207,0.0003590020842239,7.80439313530223e-06,9.08548463485204e-06,102306.969198463,1.4532927973047,1608
"3910",108678,-21.5388870239258,-44.5703086853027,0.0007284818493644,1.58365619427059e-05,1.16897172119934e-05,101966.17937785,1.44089132377121,819
"3911",108679,-21.5316314697266,-44.5359878540039,0.0002303009050592,5.00654141433188e-06,9.32333387027029e-06,101753.176623311,1.50870488679344,657
"3912",108680,-21.5243873596191,-44.5016479492188,0.0006377140362019,1.38633486130857e-05,1.11750723590376e-05,101669.203220588,1.75021265268104,783
"3913",108681,-21.5171566009521,-44.46728515625,0.0008392241616093,1.82440035132458e-05,9.99111125565832e-06,101714.473073515,1.93988194510344,889
"3914",108682,-21.5099353790283,-44.4328956604004,0.0004727126724901,1.02763624454383e-05,9.97407914837822e-06,101889.385563386,1.95972490566603,549
"3915",108683,-21.5027275085449,-44.3984794616699,0.0009322435034846,2.02661631192314e-05,1.15122966235504e-05,100722.969016855,1.86048875499182,660
"3916",108684,-21.4955291748047,-44.3640327453613,0.000624200763923,1.3569581824413e-05,9.00749728316441e-06,97395.8591825131,48.0390888616924,805
"3917",108685,-21.4883422851562,-44.3295555114746,0.0008005839008546,1.74039978446672e-05,9.42312817642232e-06,94090.2460544241,76.162401656892,823
"3918",108686,-21.481164932251,-44.2950477600098,0.0002085736969092,4.53421080237604e-06,7.26739972378709e-06,90808.8707586931,64.8314211129182,1006
"3919",108687,-21.4739971160889,-44.2605056762695,0.0001259837354155,2.73877685685875e-06,7.23474522601464e-06,87554.4366525261,3.89039902944261,754
"3920",108688,-21.4668388366699,-44.2259254455566,0.0003179000232194,6.91087006998714e-06,9.1221963884891e-06,84330.1079433118,13.7747611169257,779
"3921",108689,-21.4596900939941,-44.1913108825684,1.21182570183009e-05,2.63440369963064e-07,7.17028115104767e-06,81140.3437411296,65.9127758013795,920
"3922",108690,-21.4525508880615,-44.1566543579102,0.0003212287438145,6.98323356118635e-06,7.69122016208712e-06,77989.09820683,11.8339547676989,782
"3923",108691,-21.4454193115234,-44.1219596862793,0.0002745701549429,5.96891641180264e-06,7.82061761128716e-06,74882.2730688702,7.57786380312967,663
"3924",108692,-21.4382972717285,-44.0872192382812,0.0006940148468856,1.50872792801238e-05,1.13314190457459e-05,71825.3872629113,3.20149745953726,173
"3925",108693,-21.4311828613281,-44.0524368286133,0.0002460752866682,5.34946275365655e-06,1.06505840449245e-05,68826.2526148619,3.40524688515887,907
"3926",108694,-21.4240779876709,-44.0176086425781,0.0005029581370763,1.0933872545138e-05,9.54136976361042e-06,65892.9912437572,13.0225555277062,673
"3927",108695,-21.4169788360596,-43.9827346801758,0.0005988563916616,1.30186172100366e-05,1.03689708339516e-05,63035.7773000528,67.9548667123602,815
"3928",108696,-21.4098873138428,-43.9478073120117,0.000235636744037,5.12253791384865e-06,7.75230000726879e-06,60265.468984036,38.6105564337471,659
"3929",108697,-21.4028015136719,-43.9128303527832,0.0003820245165115,8.30488079373026e-06,8.6330601334339e-06,57596.0662894743,3.34373807731725,905
"3930",108698,-21.3957233428955,-43.877799987793,0.0003415897936065,7.42586507840315e-06,8.86892485141288e-06,55042.7972914626,3.7313725778035,886
"3931",108699,-21.3886528015137,-43.842716217041,0.0006820961407356,1.48281769725145e-05,1.15296097646933e-05,52623.679036378,5.5456504275641,705
"3932",108700,-21.3815879821777,-43.8075752258301,0.0006506479530798,1.41445207191282e-05,1.02103904282558e-05,50359.0585484555,7.92471170185044,960
"3933",108701,-21.3745269775391,-43.7723731994629,0.0005048681523476,1.09753946162527e-05,1.31015622173436e-05,48271.8748357109,26.1695527126256,794
"3934",108702,-21.3674736022949,-43.7371139526367,0.0006861714173282,1.49167699419195e-05,1.18649904834456e-05,46387.4930560767,14.8598989144583,868
"3935",108703,-21.360424041748,-43.701789855957,7.40471364224504e-05,1.60972035700979e-06,8.9952281996375e-06,44732.8377491979,7.92300151221196,1381
"3936",108704,-21.3533802032471,-43.6664047241211,1.07742695263369e-05,2.34223250572541e-07,9.63465299719246e-06,43335.9427309162,12.9397827460679,818
"3937",108705,-21.3463401794434,-43.6309547424316,0.0004595773116307,9.99081112240674e-06,1.07407813629834e-05,42224.0260377852,27.7352415507257,1667
"3938",108706,-21.3393058776855,-43.5954322814941,0.0012009399033559,2.61073892033892e-05,1.94820422620978e-05,41421.3224103109,24.0040096397028,902
"3939",108707,-21.3322734832764,-43.5598449707031,0.0004472891450859,9.7236770670861e-06,1.54577028297354e-05,40948.6465353764,13.8490298300568,665
"3940",108709,-21.3182220458984,-43.4884490966797,0.0011383136261429,2.47459483944112e-05,1.3707915059058e-05,41037.1423388123,10.9689591624599,796
"3941",108710,-21.3112030029297,-43.4526405334473,0.0004611923777702,1.0025921255874e-05,1.1844449545606e-05,41600.1455473535,9.23242633602388,911
"3942",108711,-21.3041839599609,-43.4167518615723,0.00048468890418,1.05367153082625e-05,1.16822902782587e-05,42496.6551139115,14.0128929069885,631
"3943",108712,-21.2971687316895,-43.380786895752,0.000537789579539,1.16910778160673e-05,1.18432226372533e-05,43707.7954280595,13.0641066283051,608
"3944",108713,-21.2901573181152,-43.3447380065918,7.74321379140019e-05,1.68330734595656e-06,1.20420154416934e-05,45210.4106645968,6.85932092846138,872
"3945",108714,-21.283145904541,-43.3086090087891,0.0006970447484491,1.51531467054156e-05,1.18321231639129e-05,46978.879558782,8.76085331321944,800
"3946",108715,-21.2761363983154,-43.2723922729492,0.0004925469347654,1.07075420601177e-05,1.08248023025226e-05,48986.4206521693,17.8670844873411,661
"3947",108716,-21.2691287994385,-43.2360877990723,0.0010943108136416,2.37893655139487e-05,1.3683630641026e-05,51206.9162474088,13.117814258009,915
"3948",108717,-21.2621231079102,-43.1996955871582,0.0011159382411278,2.42595269810408e-05,1.25236247185967e-05,53615.8222885482,377.132511339663,804
"3949",108718,-21.2551174163818,-43.1632118225098,0.0008453415321127,1.83769898285391e-05,1.08074473246234e-05,56191.125577136,51.6645761211004,647
"3950",108719,-21.2481117248535,-43.1266326904297,0.0005089700371172,1.10645660242881e-05,9.58461896516383e-06,58913.0620186223,15.2763419167611,952
"3951",108720,-21.2411060333252,-43.089958190918,0.0002065788366962,4.4908442760061e-06,9.25739550439175e-06,61764.0712710008,21.7252962369799,793
"3952",108721,-21.2341022491455,-43.0531845092773,0.0003353530000822,7.2902826104837e-06,1.01040241133887e-05,64728.9302549774,19.5107545522564,657
"3953",108722,-21.2270965576172,-43.0163154602051,2.14609118032172e-07,4.66541560939504e-09,8.93280412128661e-06,67794.49034639,47.0285121396244,1163
"3954",108723,-21.2200908660889,-42.9793395996094,0.0002473300546625,5.37674031875213e-06,9.42929091252154e-06,70738.4940688122,25.4549038586085,652
"3955",108724,-21.2130832672119,-42.9422607421875,0.0013215043982199,2.87283564830432e-05,1.53947621583939e-05,72791.806593118,15.2919388092136,835
"3956",108725,-21.206075668335,-42.9050750732422,0.0010794398549478,2.34660838032141e-05,1.44184768942068e-05,71362.7481212643,65.6402183601493,705
"3957",108726,-21.1990661621094,-42.8677787780762,0.0007027524952718,1.52772281580837e-05,1.14345057227183e-05,70120.4469091449,167.16858208889,843
"3958",108727,-21.1920547485352,-42.8303718566895,0.0005449194413813,1.18460748126381e-05,1.01064906630199e-05,69076.9156727856,125.383307685622,943
"3959",108728,-21.1850414276123,-42.792854309082,0.0001174316225842,2.55286136052746e-06,9.87765361060156e-06,68243.2386988985,14.667238112582,1031
"3960",108729,-21.1780242919922,-42.7552185058594,0.0001387195970892,3.01564341498306e-06,8.57118175190408e-06,67629.1159064023,12.0109511091171,868
"3961",108730,-21.1710052490234,-42.7174644470215,6.37191631085443e-05,1.38519919801183e-06,8.27185704110889e-06,67242.5103274581,12.6605067711543,792
"3962",108731,-21.1639842987061,-42.6795883178711,0.0002133084881279,4.63714104625979e-06,7.78602679929463e-06,67089.4310232544,12.9811260617531,657
"3963",108732,-21.1569576263428,-42.6415901184082,0.0001687395720182,3.6682515656139e-06,8.21183311927598e-06,67174.1237153908,65.0581816393984,795
"3964",108733,-21.1499290466309,-42.6034622192383,0.0003132718738925,6.81025812809821e-06,9.62102058110759e-06,67497.4445852505,53.5746811428573,859
"3965",108734,-21.1428966522217,-42.5652122497559,0.0006397218239726,1.39069961733185e-05,1.06826446426567e-05,68058.5782035901,8.84965453255993,541
"3966",108735,-21.1358585357666,-42.5268287658691,0.0002002683268074,4.35365927842213e-06,9.59768294706009e-06,68854.1644619037,7.09088764998735,674
"3967",109014,-22.1621990203857,-47.478271484375,0.000956496438448,2.07934008358279e-05,1.50395835589734e-05,17836.694666239,25.7800183972918,804
"3968",109015,-22.1525459289551,-47.4399642944336,0.0014279596143751,3.10426003125031e-05,1.63119784701848e-05,16330.6669158069,124.385960714199,883
"3969",109016,-22.1429424285889,-47.401782989502,0.0023986490050447,5.21445435879286e-05,1.85000590136042e-05,15785.5242645161,260.284656209636,676
"3970",109017,-22.1333923339844,-47.3637313842773,0.0015046283151605,3.27093111991417e-05,1.56827645696467e-05,16287.5425503722,115.645053755041,639
"3971",109018,-22.1238918304443,-47.3258056640625,0.0010577636458037,2.29948618652998e-05,1.55191210069461e-05,17737.9900071361,57.8513703943508,918
"3972",109019,-22.1144409179688,-47.2880020141602,0.0012256862610229,2.66453535004985e-05,1.62842025019927e-05,19922.5715100163,21.6631404682641,657
"3973",109020,-22.1050395965576,-47.2503204345703,0.0013565452754846,2.94901146844495e-05,1.71262272488093e-05,22622.3127796466,19.2230567194769,821
"3974",109021,-22.0956878662109,-47.2127571105957,0.0012308282493904,2.67571358563146e-05,1.75866152858362e-05,25669.124950002,5.3813157126565,889
"3975",109022,-22.0863819122314,-47.1753082275391,0.0004063590331497,8.83389202499529e-06,1.53319761011517e-05,28948.3445500108,4.44177717185423,738
"3976",109023,-22.0771236419678,-47.1379699707031,0.0007837284574634,1.70375751622487e-05,1.49370753206313e-05,32385.1352534477,4.73066759291291,673
"3977",109024,-22.0679111480713,-47.1007461547852,0.0007118613611964,1.54752469825326e-05,1.42417757160729e-05,35197.2118657231,5.57324918825227,771
"3978",109025,-22.058744430542,-47.0636291503906,0.0007789476876496,1.69336453836877e-05,1.54021290654782e-05,34755.8016436454,7.26317642162919,922
"3979",109026,-22.0496215820312,-47.0266151428223,0.0024372082698391,5.29827884747647e-05,2.16885928239208e-05,34765.3543924997,7.87085702725437,658
"3980",109027,-22.0405445098877,-46.9897079467773,0.0012874365602328,2.79877513094107e-05,1.79737853613915e-05,35221.4107894877,737.825642108952,570
"3981",109029,-22.022518157959,-46.9161949157715,0.0014727574089192,3.20164654112887e-05,1.69580944202607e-05,37377.8188747332,10.5381377644582,1059
"3982",109030,-22.0135688781738,-46.8795890808105,0.0004487475325731,9.7553811428952e-06,1.3819228115608e-05,39002.6058577295,9.07800202078508,685
"3983",109031,-22.00465965271,-46.843074798584,0.0011509469040902,2.50205848715268e-05,1.43812785609043e-05,40543.0702370695,14.4593495273641,730
"3984",109032,-21.995792388916,-46.8066520690918,0.0013615576535812,2.95990794256795e-05,1.3987771126267e-05,36725.5573865838,1113.56355699588,905
"3985",109033,-21.986967086792,-46.770320892334,0.0010447089043736,2.27110631385585e-05,1.3319036042958e-05,32939.1011470592,1574.48730034505,891
"3986",109034,-21.9781799316406,-46.7340774536133,0.0012843495096603,2.79206415143562e-05,1.93701853277162e-05,29191.0820140281,219.325103588437,1337
"3987",109035,-21.9694309234619,-46.6979217529297,0.0012580146103573,2.73481437034206e-05,2.1057230696897e-05,25493.9414382906,21.524111566388,865
"3988",109037,-21.9520511627197,-46.625862121582,0.0005771398937213,1.25465194287244e-05,1.41970613185549e-05,18349.5216892217,5.39090922061096,809
"3989",109040,-21.9262561798096,-46.5183715820312,0.0001215133106597,2.6415937099955e-06,1.72280033439165e-05,9554.40216168144,2.0004874439005,1512
"3990",109041,-21.9177303314209,-46.4826927185059,0.0006481692926172,1.4090636796027e-05,1.48495391840697e-05,8276.32369596893,3.1062328002221,647
"3991",109042,-21.9092407226562,-46.4470863342285,0.0016712284705136,3.63310537068173e-05,1.8565295249573e-05,8653.96053254719,10.476198659891,818
"3992",109043,-21.9007835388184,-46.411548614502,0.0001040193756125,2.26129077418591e-06,1.47909595398232e-05,10501.3770737422,82.836637183283,746
"3993",109044,-21.8923625946045,-46.3760833740234,3.64743378895582e-05,7.9292038890344e-07,1.95066168089397e-05,13209.0251404856,47.2081884041488,602
"3994",109046,-21.875617980957,-46.3053436279297,0.0003569701984815,7.76022170612123e-06,2.10265279747546e-05,19714.368361512,6.55127872063957,899
"3995",109047,-21.8672943115234,-46.2700729370117,0.000727586710127,1.58171023940668e-05,1.81046398211038e-05,23200.9909836475,6.27600967921892,572
"3996",109048,-21.859001159668,-46.2348594665527,0.0013153896215953,2.85954265564214e-05,2.4878585463739e-05,26759.9911784048,6.6747103392415,645
"3997",109049,-21.8507423400879,-46.19970703125,0.0003656931203295,7.94985044194618e-06,2.43657214014092e-05,30363.0948019214,7.36568690800132,831
"3998",109050,-21.8425121307373,-46.1646118164062,0.0003550217352312,7.71786380937556e-06,2.90744119411102e-05,33994.3335484829,7.42340816093944,945
"3999",109051,-21.8343124389648,-46.1295738220215,0.000704052446963,1.53054879774572e-05,2.17112137761433e-05,37643.606705644,7.38005153807201,745
"4000",109052,-21.8261432647705,-46.0945892333984,0.0009045700790011,1.96645669348072e-05,2.04015977942618e-05,41304.7384346138,10.4200597721194,736
"4001",109053,-21.8180046081543,-46.0596542358398,0.0003071452574658,6.67707081447588e-06,1.09542388599948e-05,44973.6811194764,11.3585069489603,672
"4002",109054,-21.8098926544189,-46.0247688293457,5.87737865771487e-05,1.27769101254671e-06,1.28382416733075e-05,47344.6544679126,19.597970958732,790
"4003",109055,-21.8018112182617,-45.9899368286133,0.0005680248359567,1.23483659990598e-05,1.29136815303355e-05,46482.0851638914,15.9091457818292,1068
"4004",109056,-21.7937564849854,-45.9551467895508,0.0004740816548292,1.03061229310697e-05,1.17185272756615e-05,45459.975126598,199.12515827615,731
"4005",109057,-21.7857303619385,-45.9204025268555,0.0007830644244677,1.70231396623421e-05,1.15136199383414e-05,44727.3459829793,12.0400284361354,654
"4006",109059,-21.7697563171387,-45.8510475158691,0.0009586647538526,2.08405381272314e-05,1.39420653795241e-05,44176.332412451,131.634660649658,508
"4007",109061,-21.7538890838623,-45.7818450927734,0.0011720862639776,2.5480136173428e-05,1.22246710816398e-05,44864.1731710654,31.3144440366376,951
"4008",109062,-21.7459926605225,-45.7473030090332,0.000308374065753,6.70378403810901e-06,1.23957734103897e-05,45655.9705084594,24.1253646413529,790
"4009",109063,-21.7381210327148,-45.7127914428711,0.0008799479765002,1.91293038369622e-05,1.20616214189795e-05,46727.0644761458,10.2953153616351,695
"4010",109064,-21.7302742004395,-45.6783180236816,0.000437667402366,9.51450874708826e-06,1.12924144559656e-05,48057.4507047676,6.75229282349468,339
"4011",109067,-21.7068767547607,-45.5750694274902,0.0004071094590472,8.850205631461e-06,1.08332706076908e-05,53386.7508090057,8.38729381822302,1074
"4012",109068,-21.699125289917,-45.5407066345215,0.0006606612878385,1.43622019095346e-05,1.39930971272406e-05,55535.9269077377,8.21857718809908,857
"4013",109069,-21.6913948059082,-45.5063705444336,0.0005703976912627,1.23999498100602e-05,1.35409654831165e-05,57837.1199781319,9.38700024035583,762
"4014",109070,-21.6836853027344,-45.4720573425293,0.0006559362864209,1.42594844874111e-05,1.20744170999387e-05,60272.660050625,10.7090730095225,682
"4015",109071,-21.6759986877441,-45.4377632141113,0.00010338638549,2.24753011934808e-06,1.2344720744295e-05,62826.8742340727,11.2873669399989,879
"4016",109072,-21.6683330535889,-45.403491973877,0.0002419642605673,5.26009262102889e-06,1.53795899677789e-05,65485.0067600575,12.4530901447118,843
"4017",109073,-21.6606864929199,-45.3692359924316,0.0009504205700068,2.06613167392788e-05,1.23495010484476e-05,68235.0673504745,17.8029829608229,805
"4018",109074,-21.6530628204346,-45.3349990844727,0.0005208565289649,1.1322968020977e-05,1.42953776958166e-05,71065.8899758792,31.5280201605073,1774
"4019",109075,-21.6454582214355,-45.3007736206055,0.0006570899349753,1.42845638038125e-05,1.07343339550425e-05,73968.3924071466,20.9302021401198,656
"4020",109076,-21.6378726959229,-45.2665672302246,0.0016037245295592,3.48635767295491e-05,1.42414228321286e-05,76933.4914311788,38.7654544481634,823
"4021",109077,-21.6303062438965,-45.2323684692383,0.000400897621148,8.71516567713115e-06,1.04699483927106e-05,79955.0085526933,17.1612008438095,603
"4022",109078,-21.6227607727051,-45.1981773376465,0.0007240156082843,1.57394697453128e-05,1.51524736793363e-05,83026.6861664338,8.47243082712545,915
"4023",109079,-21.6152324676514,-45.1639976501465,0.0014101046908763,3.06544498016592e-05,2.34101917158114e-05,86142.4888292164,6.7747718657498,606
"4024",109080,-21.6077213287354,-45.129825592041,0.0009768542040546,2.12359609577106e-05,1.42388698805007e-05,89297.9829334816,6.14906901783378,675
"4025",109081,-21.6002292633057,-45.0956573486328,0.0007313120222534,1.58980874402914e-05,1.08371959868236e-05,92489.4005203744,32.5247607034197,811
"4026",109082,-21.5927543640137,-45.0614929199219,0.0003932905274268,8.54979407449719e-06,1.10923328975332e-05,95712.9977160575,143.099411149182,901
"4027",109085,-21.5704307556152,-44.9590034484863,0.000289045986392,6.28360839982633e-06,9.21254013519501e-06,105548.28975399,3.32210485296705,636
"4028",109086,-21.5630226135254,-44.9248352050781,0.0010718202101998,2.33004393521696e-05,1.33698367790203e-05,108873.770389673,2.69533315875677,872
"4029",109087,-21.5556297302246,-44.8906669616699,0.0006613049044972,1.43761935760267e-05,1.20780523502617e-05,112218.992983744,10.1381079503266,670
"4030",109088,-21.5482521057129,-44.8564872741699,8.29069010706007e-05,1.80232393631741e-06,8.265400538221e-06,113401.829185228,1.82579043754806,848
"4031",109091,-21.5262088775635,-44.7539024353027,0.0001145030287261,2.489196276656e-06,9.53551534621511e-06,110365.01021114,5.50366280329312,797
"4032",109092,-21.5188884735107,-44.7196846008301,0.0003171802636643,6.89522312313784e-06,8.88633348949952e-06,109572.36157335,8.04467406625761,994
"4033",109093,-21.5115833282471,-44.6854515075684,0.0001518299395684,3.30065086018294e-06,9.55347877606982e-06,108893.619837761,8.01784610333509,649
"4034",109095,-21.4970111846924,-44.6169395446777,0.0004312549572205,9.37510776566342e-06,1.20387330753147e-05,107887.370697567,39.7337804324016,993
"4035",109096,-21.48974609375,-44.5826530456543,2.57063647950417e-05,5.58834017283516e-07,7.90477770351572e-06,107562.965878274,1.4259445229727,818
"4036",109097,-21.4824924468994,-44.5483474731445,0.0002000391450565,4.34867706644582e-06,8.02222439233446e-06,107359.819877908,1.59302480692732,724
"4037",109098,-21.4752502441406,-44.5140190124512,0.0002602257327453,5.65708114663721e-06,1.08016010926804e-05,107278.700556975,1.99412650637874,671
"4038",109099,-21.4680194854736,-44.4796676635742,0.0001419288528268,3.08540984406136e-06,9.06471177586354e-06,107320.092377624,2.09984750128581,879
"4039",109100,-21.4608001708984,-44.4452896118164,0.0003340312305226,7.26154848962324e-06,9.84669895842671e-06,106479.237700761,9.13761714394873,901
"4040",109101,-21.4535942077637,-44.4108848571777,0.0006648316593782,1.44528621603968e-05,1.03419652077719e-05,103210.115409272,7.7842127744527,874
"4041",109102,-21.4463977813721,-44.3764495849609,0.0006920909418113,1.5045455256768e-05,1.29098243633052e-05,99964.5989303782,18.1416394916394,952
"4042",109103,-21.4392108917236,-44.3419876098633,0.000474868395031,1.03232259789365e-05,8.28587144496851e-06,96745.7679884658,5.24057072425399,861
"4043",109104,-21.432035446167,-44.3074913024902,0.0008673557822476,1.88555604836438e-05,9.91329943644814e-06,93555.8488505364,2.43985528628073,800
"4044",109105,-21.4248695373535,-44.2729568481445,0.0003702337471622,8.048559720919e-06,7.66539142205147e-06,90397.9846192259,2.72344879982842,838
"4045",109106,-21.4177131652832,-44.2383918762207,0.0006629336094192,1.44116002047667e-05,8.72978307597805e-06,87276.8572080267,3.07256060787077,1363
"4046",109107,-21.4105663299561,-44.2037887573242,0.0002239148379885,4.8677138693165e-06,1.08931862996542e-05,84196.1891002452,2.72062731427479,653
"4047",109108,-21.4034290313721,-44.1691436767578,0.0003687695862026,8.01673013484105e-06,8.56209044286516e-06,81160.7166024817,6.91439146731073,792
"4048",109109,-21.3962993621826,-44.1344604492188,0.0004939411446684,1.07378509710543e-05,9.69006396189798e-06,78176.7205790456,9.04001872995963,647
"4049",109110,-21.3891792297363,-44.0997352600098,0.0003318036951895,7.21312380846939e-06,1.11997596832225e-05,75250.4173341241,1.01857971344352,551
"4050",109111,-21.3820667266846,-44.0649642944336,1.24293734415915e-05,2.70203770469379e-07,8.03133298177272e-06,72389.1675516837,1.7485677518219,661
"4051",109112,-21.3749618530273,-44.0301475524902,0.0003438736202951,7.47551348467823e-06,7.92158516560448e-06,69601.7040401051,2.49671417925822,672
"4052",109114,-21.3607749938965,-43.9603691101074,0.000120239716125,2.61390687228413e-06,8.24370727059431e-06,64288.7083955499,6.23743308111888,865
"4053",109115,-21.3536911010742,-43.9254035949707,0.0002714243446462,5.90052923143958e-06,7.95286814536666e-06,61787.2098891398,10.4593701332093,915
"4054",109116,-21.3466148376465,-43.8903846740723,0.0003207212221241,6.97220048095915e-06,8.72659711603774e-06,59407.5883191251,4.26449375326764,705
"4055",109117,-21.3395462036133,-43.8553123474121,0.0004408621825859,9.58396049099974e-06,1.01176483440213e-05,57166.0871437677,7.74786365726692,902
"4056",109119,-21.3254241943359,-43.7849960327148,0.0001962302012543,4.2658739403123e-06,8.65065157995559e-06,53170.5495730095,73.6800747205235,780
"4057",109120,-21.3183727264404,-43.7497482299805,4.43986562004284e-05,9.65188178270182e-07,9.12683026399463e-06,51456.4433392457,104.951649984356,678
"4058",109121,-21.3113250732422,-43.7144355773926,0.0001606367754902,3.49210381500598e-06,1.02693575172452e-05,49959.8350734968,94.9530586241418,154
"4059",109122,-21.3042831420898,-43.6790618896484,0.00067257752562,1.46212505569565e-05,9.04652642930159e-06,48702.2889396574,43.2229298271397,1219
"4060",109124,-21.2902126312256,-43.6081161499023,0.0002301995764355,5.00433861816418e-06,1.03693901110091e-05,46983.2293673501,56.719310960977,818
"4061",109125,-21.2831840515137,-43.5725364685059,0.0004252701255609,9.24500272958539e-06,1.28348892758368e-05,46554.1044135419,24.2448809826679,778
"4062",109127,-21.269136428833,-43.5011672973633,6.34755045325619e-06,1.379902272447e-07,1.16571682156064e-05,46605.4389549081,10.60597479501,670
"4063",109128,-21.2621173858643,-43.4653701782227,0.0007300863726413,1.58714428835083e-05,1.26696904771961e-05,47088.2627907887,20.1062469204268,941
"4064",109129,-21.2551021575928,-43.4294967651367,0.0006903968460392,1.50086270878091e-05,1.25079677673057e-05,47867.8277487552,27.4446795242525,855
"4065",109130,-21.2480888366699,-43.3935432434082,6.90079095875262e-05,1.50017194755492e-06,1.19584619824309e-05,48931.9940547896,16.1208606038739,930
"4066",109131,-21.2410774230957,-43.3575057983398,0.000541024523045,1.17614026748925e-05,1.14077693069703e-05,50264.6017810868,22.2652803781742,637
"4067",109132,-21.2340698242188,-43.3213882446289,1.37580591399455e-05,2.99088242172729e-07,1.15731390906149e-05,51846.5240456626,15.8464573686227,814
"4068",109133,-21.2270622253418,-43.2851829528809,0.0004078327747265,8.86592988535995e-06,1.12503266791464e-05,53658.0872404905,16.2920927641914,836
"4069",109134,-21.2200565338135,-43.248893737793,0.0002794786314552,6.0756224229408e-06,1.19114793051267e-05,55678.3789502616,18.468536849516,917
"4070",109136,-21.2060489654541,-43.1760406494141,0.0005372386731323,1.16791015898343e-05,1.26369277495542e-05,60266.8587346643,10.3393046549191,871
"4071",109137,-21.199047088623,-43.1394729614258,0.0003836768173641,8.34080037748208e-06,8.59225201566005e-06,62798.644373396,11.7041147772236,833
"4072",109138,-21.1920433044434,-43.1028137207031,0.0003554016966518,7.72612384025706e-06,9.47015996644041e-06,65467.0892861957,15.7352213380351,580
"4073",109139,-21.1850414276123,-43.0660514831543,6.92666594659386e-06,1.50579694491171e-07,1.24093294289196e-05,68258.1050102251,20.5699319645065,966
"4074",109140,-21.1780395507812,-43.0291938781738,0.0001056637797773,2.29703869081277e-06,1.21547182061477e-05,71158.6664583991,446.413801049906,677
"4075",109141,-21.1710357666016,-42.9922294616699,0.0003338672931931,7.25798463463434e-06,9.53198195929872e-06,74158.3701402192,239.253545611635,700
"4076",109142,-21.1640319824219,-42.9551658630371,0.0006755334597983,1.46855099956156e-05,9.98937866825145e-06,77246.6411064781,680.042189803074,826
"4077",109143,-21.1570262908936,-42.9179916381836,0.0006255550615605,1.35990230774041e-05,1.11752824523137e-05,76736.6940182283,387.947363263548,1052
"4078",109144,-21.1500186920166,-42.8807106018066,0.000815042098111,1.77183064806741e-05,1.08128888314241e-05,75570.89315541,98.9707920137514,649
"4079",109145,-21.143009185791,-42.8433151245117,0.0006023917649145,1.30954731503152e-05,1.0667557035049e-05,74591.0827878205,73.1679109876097,760
"4080",109146,-21.1359977722168,-42.8058090209961,0.0006339051760733,1.37805473059416e-05,1.0304905117664e-05,73806.6927493043,202.628496351541,714
"4081",109147,-21.1289844512939,-42.7681846618652,0.0009228458802681,2.00618669623509e-05,9.70770361163886e-06,73225.5930549594,16.6577801178531,753
"4082",109148,-21.1219692230225,-42.7304420471191,0.0006078967289795,1.32151462821639e-05,9.46831733017461e-06,72854.6269449957,23.7231375406194,816
"4083",109149,-21.1149482727051,-42.6925811767578,0.000682620146108,1.48395683936542e-05,1.02402646007249e-05,72699.4151921378,15.6939644376314,964
"4084",109150,-21.1079273223877,-42.6545944213867,0.0004536902943073,9.86283248494146e-06,9.33617684495403e-06,72762.5970756696,11.6812200118308,615
"4085",109151,-21.1009006500244,-42.6164817810059,0.000484878592033,1.05408389572403e-05,8.92109801498009e-06,73046.3523933208,31.988295188105,688
"4086",109152,-21.0938701629639,-42.5782432556152,5.51083689970255e-05,1.19800802167447e-06,9.50151479628403e-06,70813.1524539043,21.5021509915649,919
"4087",109153,-21.0868339538574,-42.5398712158203,0.0003525036227074,7.66312223277055e-06,9.3062062660465e-06,67839.6518437445,9.00391263599033,571
"4088",109154,-21.0797939300537,-42.5013656616211,0.0006467207367677,1.40591464514728e-05,1.12060624815058e-05,64975.6736369249,12.3121569092964,844
"4089",109433,-22.1129951477051,-47.4895973205566,0.0018949610675917,4.11948058172129e-05,1.82974235940492e-05,12972.4219879055,11.7318171262906,827
"4090",109434,-22.1033401489258,-47.4513053894043,0.0011991283718089,2.60680080828024e-05,1.55534835357685e-05,10918.7760847268,15.1857184906013,880
"4091",109435,-22.0937385559082,-47.4131393432617,0.0024135450657922,5.24683709954843e-05,1.90677274076734e-05,10200.943570488,16.9738948920576,963
"4092",109436,-22.0841865539551,-47.3751029968262,0.0017284168061451,3.75742783944588e-05,1.74620836332906e-05,11065.3266756775,13.0209669279301,815
"4093",109437,-22.074686050415,-47.3371887207031,0.0007930224928713,1.72396194102475e-05,1.50460646182182e-05,13192.1519145826,11.165847261377,1234
"4094",109438,-22.0652370452881,-47.2994003295898,0.0007790653326082,1.69362028827891e-05,1.55250036186771e-05,16077.5249111147,7.27018994816951,641
"4095",109439,-22.0558338165283,-47.2617301940918,0.0022004823476891,4.78365727758501e-05,1.81990089913597e-05,19377.3659192566,6.47847464274683,832
"4096",109440,-22.0464820861816,-47.2241821289062,0.0010083371162181,2.19203720916994e-05,1.53432265506126e-05,22906.0657532102,6.96375579914679,813
"4097",109441,-22.0371761322021,-47.1867446899414,0.0010831101935764,2.35458737734007e-05,1.48695853567915e-05,26567.4582639765,5.17403064708139,602
"4098",109442,-22.0279178619385,-47.1494216918945,0.0006796493598812,1.4774986084376e-05,1.55601173901232e-05,30308.1908736304,5.55561535919006,1711
"4099",109443,-22.018705368042,-47.1122093200684,0.0012582098206621,2.73523874056991e-05,1.61631396622397e-05,34098.0273083686,6.00007410638978,917
"4100",109444,-22.0095386505127,-47.0751075744629,5.14691830630909e-05,1.11889528398024e-06,1.52020875248127e-05,37918.3315756449,5.2670873738687,535
"4101",109445,-22.000415802002,-47.0381088256836,0.0003264471888542,7.09667801856995e-06,1.54188473970862e-05,40361.5949120934,4.46359239145646,655
"4102",109446,-21.9913387298584,-47.0012168884277,0.0024879293123376,5.40854198334273e-05,2.26543997996487e-05,40778.5720465623,60.258575418821,842
"4103",109447,-21.9823036193848,-46.9644241333008,0.0001888373117253,4.10515895055141e-06,1.46340871651773e-05,41565.312509688,18.854304573547,649
"4104",109448,-21.9733123779297,-46.9277305603027,0.0013979721152281,3.03906981571345e-05,1.57958620548015e-05,42698.0839474963,3.06613514694633,601
"4105",109449,-21.9643630981445,-46.8911323547363,0.0008262590345111,1.79621529241558e-05,1.20587919809623e-05,43489.8398411984,3.63729915911101,905
"4106",109450,-21.9554557800293,-46.8546333312988,0.0009221185064234,2.00460544874659e-05,1.18905054478091e-05,39583.3082430456,14.5121472797625,711
"4107",109451,-21.9465885162354,-46.8182258605957,0.0006132113776402,1.33306821226142e-05,1.21029443107545e-05,35688.755215543,569.978600332576,808
"4108",109452,-21.9377632141113,-46.7819061279297,0.0006981776041357,1.51777740029502e-05,1.26580407595611e-05,31806.4795829368,110.565537062565,779
"4109",109453,-21.92897605896,-46.745677947998,0.000512471773618,1.11406907308265e-05,1.18391353680636e-05,27937.6546704543,149.940868531732,650
"4110",109456,-21.9028472900391,-46.6375007629395,0.0012271720515855,2.66776532953372e-05,1.93424548342591e-05,16430.2893423091,2.84160336965656,1050
"4111",109458,-21.8856163024902,-46.565788269043,8.15979257140498e-06,1.77386795030543e-07,2.38004104176071e-05,8928.34846039529,280.975548652636,853
"4112",109464,-21.834774017334,-46.3524208068848,0.0011707114244927,2.54502483585384e-05,1.71059564308962e-05,14545.5507404563,8.77586987758729,778
"4113",109465,-21.8264179229736,-46.3171005249023,0.0015390213084174,3.34569849655963e-05,2.55883514910238e-05,18277.379513395,10.1635993055819,798
"4114",109466,-21.81809425354,-46.2818374633789,0.0007467884424841,1.62345313583501e-05,2.66935312538408e-05,22019.2678112582,33.9379435547593,723
"4115",109467,-21.8098030090332,-46.246639251709,0.0007695237072766,1.67287762451451e-05,1.80657825694652e-05,25763.1340473407,20.7132131241441,1084
"4116",109468,-21.8015441894531,-46.211498260498,0.0009016685326059,1.96014898392605e-05,1.4375415048562e-05,29506.1716284895,8.74926683437765,680
"4117",109469,-21.7933139801025,-46.1764183044434,0.0010876714877667,2.36450323427562e-05,1.88155463547446e-05,33246.0908819697,9.03167745760818,9
"4118",109471,-21.7769470214844,-46.1064186096191,0.0010030001685663,2.1804351490573e-05,1.33577732412959e-05,40714.5459947124,15.6231644460864,886
"4119",109472,-21.7688083648682,-46.0714950561523,0.0015930804220261,3.4632183087524e-05,1.50607893374399e-05,44314.3159586388,16.0989268621795,861
"4120",109473,-21.7606983184814,-46.0366249084473,0.0007287265943887,1.58418824867113e-05,1.37931729113916e-05,42598.4423130619,19.9804244139655,897
"4121",109474,-21.7526168823242,-46.0018043518066,6.07736253641633e-05,1.32116576878616e-06,1.09068168967497e-05,41153.368111972,34.821565297694,931
"4122",109476,-21.736536026001,-45.9322967529297,0.0007057563743728,1.5342529877671e-05,1.28139263324556e-05,39183.1126470912,17.9529461333897,804
"4123",109477,-21.7285385131836,-45.8976097106934,0.0008339692139998,1.8129765521735e-05,1.27087851069518e-05,38701.9945775437,30.6959707590431,646
"4124",109479,-21.7126197814941,-45.8283576965332,0.0003314794184916,7.20607431503595e-06,1.20257227536058e-05,38802.206808281,11.2415777072863,842
"4125",109480,-21.7046985626221,-45.7937889099121,0.0003516472661431,7.64450578571996e-06,1.10732553366688e-05,39378.3123974187,10.0566954099343,633
"4126",109482,-21.6889324188232,-45.7247581481934,0.0009263332249247,2.01376788027119e-05,1.17596055133617e-05,41504.0151545415,9.043632201949,784
"4127",109484,-21.6732654571533,-45.6558609008789,0.0002247572838314,4.88602790937875e-06,1.22899491543649e-05,44755.5790628377,10.170708312375,1035
"4128",109486,-21.6576919555664,-45.5870819091797,0.0009536888574075,2.07323664653813e-05,1.19136911962414e-05,48902.5659350577,11.238493082986,906
"4129",109487,-21.6499404907227,-45.552734375,3.19008325959658e-05,6.93496360781864e-07,1.25191199913388e-05,51244.0738773911,10.4910103145481,555
"4130",109488,-21.6422100067139,-45.5184097290039,0.0007247175453812,1.57547292474192e-05,1.17035515359021e-05,53733.0752346228,12.3970384397759,661
"4131",109489,-21.6345024108887,-45.4841079711914,0.0007906942773843,1.71890060300939e-05,1.38540754051064e-05,56349.5765416484,14.996646286469,868
"4132",109490,-21.6268157958984,-45.4498252868652,0.0011278858146397,2.45192568399943e-05,1.38541354317567e-05,59076.3553823977,139.450659987792,700
"4133",109491,-21.6191501617432,-45.4155654907227,0.0015485376643482,3.36638622684404e-05,1.79819380718982e-05,61898.043015893,380.950944245157,668
"4134",109492,-21.6115074157715,-45.3813247680664,0.0006707291358907,1.45810681715375e-05,1.11803792606224e-05,64802.207159504,19.4148040725582,922
"4135",109493,-21.6038837432861,-45.3470993041992,0.0012786265760951,2.77962299151113e-05,1.35653444885975e-05,67778.0569896657,15.383878599924,730
"4136",109494,-21.5962791442871,-45.3128852844238,0.0004635898330889,1.00780398497591e-05,1.07310042949393e-05,70816.6150784885,10.3675037693168,857
"4137",109495,-21.588695526123,-45.2786903381348,0.0007172931946115,1.55933303176425e-05,1.34654474095441e-05,73909.2156923998,11.0969693766729,792
"4138",109496,-21.5811309814453,-45.2445030212402,0.0005269685862003,1.14558388304431e-05,1.11971821752377e-05,77050.0803312522,10.3658703497482,678
"4139",109497,-21.5735855102539,-45.2103271484375,0.0001694546563157,3.68379687643028e-06,1.12657435238361e-05,80232.9875548754,9.18937834870206,949
"4140",109498,-21.5660572052002,-45.1761589050293,0.0006517016954603,1.41674281621817e-05,1.24912548926659e-05,83453.2446013053,7.40997139669412,794
"4141",109499,-21.5585479736328,-45.1419982910156,0.0005733892285206,1.24649832287105e-05,1.17536528705386e-05,86706.5850333718,5.522653332737,843
"4142",109500,-21.5510578155518,-45.1078414916992,0.000838509757159,1.82284729817184e-05,1.0578948604234e-05,89989.6555996109,5.41112121805688,839
"4143",109501,-21.5435829162598,-45.0736885070801,0.0008922491542762,1.93967207451351e-05,1.01758150776732e-05,93299.1358134884,62.2032032415137,776
"4144",109502,-21.5361270904541,-45.0395355224609,0.0009358926727145,2.03454928850988e-05,1.29635691337171e-05,96632.6885188432,3.1320709029744,1152
"4145",109503,-21.5286865234375,-45.0053863525391,0.0002517361135687,5.47252420801669e-06,1.00498828032869e-05,99987.3948704503,3.55585656245131,656
"4146",109504,-21.5212631225586,-44.9712333679199,0.0001472796693633,3.20173194268136e-06,9.20716774999164e-06,103361.927813707,3.63330396711414,919
"4147",109505,-21.5138549804688,-44.9370803833008,0.0001150882935689,2.50191942541278e-06,9.50014327827375e-06,106753.98172858,2.5784530460602,892
"4148",109506,-21.5064640045166,-44.9029197692871,0.0004900801977782,1.06539173430065e-05,1.00641154858749e-05,110162.711624523,100.921673608383,650
"4149",109507,-21.4990882873535,-44.8687553405762,0.0008285235744551,1.80113820533734e-05,1.01122977866908e-05,113586.231897743,6.45900779153219,1075
"4150",109508,-21.4917259216309,-44.8345832824707,0.0013599802405224,2.95647878374439e-05,1.66164336405927e-05,117023.616936987,2.41791601600564,843
"4151",109510,-21.4770488739014,-44.7662048339844,5.30958432136686e-05,1.15425746116671e-06,9.89099771686597e-06,115833.061616831,2.08251120985769,815
"4152",109511,-21.4697303771973,-44.7319984436035,0.0006279893332248,1.36519420266268e-05,1.01110472314758e-05,115077.62723444,1.82691527387556,894
"4153",109512,-21.4624252319336,-44.6977806091309,0.0004270280642231,9.28321878745919e-06,1.0184781785938e-05,114431.256763473,1.70346474024704,831
"4154",109513,-21.455135345459,-44.6635437011719,2.09292726935928e-05,4.54984188991148e-07,9.77859326667385e-06,113895.411750084,54.354526121359,636
"4155",109514,-21.4478569030762,-44.6292877197266,0.0003574892671167,7.77150580688613e-06,8.97235713637201e-06,113472.20932631,32.6497527978213,937
"4156",109515,-21.4405918121338,-44.5950164794922,0.0001861703231043,4.04718093705014e-06,8.45410886540776e-06,113162.983410098,1.6482331117458,719
"4157",109516,-21.4333400726318,-44.5607223510742,0.0002749704908637,5.9776193666039e-06,9.30250735109439e-06,112968.584144803,1.59496240323168,584
"4158",109517,-21.426097869873,-44.5264053344727,0.0009473797072132,2.05952110263752e-05,1.0528083294048e-05,112890.210441124,2.28069009011942,811
"4159",109518,-21.4188690185547,-44.4920654296875,0.0002871286915251,6.24192807663349e-06,9.7138808996533e-06,112340.451664427,2.82240584227726,664
"4160",109519,-21.4116535186768,-44.4576988220215,0.0006070983581594,1.319779039477e-05,1.00280149126775e-05,109126.515256357,9.2983848477738,1088
"4161",109520,-21.404447555542,-44.4233055114746,0.0003178879323968,6.91060722601833e-06,9.13157236936968e-06,105938.167027795,6.3169162144375,779
"4162",109521,-21.3972511291504,-44.3888854980469,0.0005323564910213,1.15729671961162e-05,8.89549755811458e-06,102778.05209787,1.95466236516939,772
"4163",109522,-21.3900661468506,-44.3544311523438,0.0009225316862284,2.00550366571406e-05,1.2498320757004e-05,99648.3117028933,1.96696958647588,852
"4164",109523,-21.3828926086426,-44.3199462890625,0.0004815647862415,1.04687997009023e-05,8.72953114594566e-06,96552.6346079873,2.12698721156662,680
"4165",109524,-21.3757286071777,-44.2854270935059,0.000540122271559,1.1741788512154e-05,8.58769544720417e-06,93494.4454628569,2.13798732051459,1109
"4166",109525,-21.3685741424561,-44.2508735656738,0.0003095350148214,6.72902206133585e-06,7.79077345214318e-06,90477.9405961142,2.08439184503041,857
"4167",109527,-21.3542919158936,-44.1816520690918,0.000242522969529,5.27223846802372e-06,7.41867461329093e-06,84588.4774952778,1.20387602635523,829
"4168",109528,-21.3471641540527,-44.1469802856445,0.000878281702171,1.909308048198e-05,9.31334034248721e-06,81726.4985544092,0.941899218696583,390
"4169",109529,-21.3400459289551,-44.1122627258301,0.0001487485787947,3.23366475640796e-06,8.10458277555881e-06,78927.9628917361,2.18040400947044,912
"4170",109530,-21.332935333252,-44.077507019043,0.0004566235948004,9.92659988696687e-06,8.63252535054926e-06,76201.2890846923,4.48406915786753,826
"4171",109531,-21.3258323669434,-44.0427017211914,0.0012650036915147,2.750008025032e-05,1.07911446320941e-05,73554.0273614354,2.1767975409821,951
"4172",109532,-21.3187370300293,-44.0078468322754,0.0001205362132168,2.6203524612356e-06,7.89093519415474e-06,70995.8182586123,4.01048683502186,637
"4173",109533,-21.3116493225098,-43.9729461669922,0.0001635863609408,3.55622523784405e-06,8.84493420016952e-06,68537.7341753257,7.14788558452873,1163
"4174",109534,-21.3045673370361,-43.9379920959473,0.000307062839056,6.67527910991339e-06,9.58199689193862e-06,66191.2069886616,3.5018563773307,605
"4175",109536,-21.2904243469238,-43.8679275512695,0.0010409248534415,2.26288011617726e-05,1.13624564619386e-05,61886.7796475326,7.36456386794565,883
"4176",109537,-21.2833633422852,-43.8328094482422,0.0004469843224796,9.71705048868898e-06,9.12454015633557e-06,59958.1644931319,90.3814850816434,806
"4177",109538,-21.2763061523438,-43.7976341247559,0.0005503258380485,1.19636051749694e-05,9.67930736806011e-06,58200.4793190071,147.498995198236,1769
"4178",109539,-21.2692565917969,-43.7623977661133,0.0008116360004351,1.76442608790239e-05,1.10833152575651e-05,56630.1977631255,230.635889522182,652
"4179",109541,-21.2551708221436,-43.6917381286621,0.0006755809863534,1.46865431815968e-05,1.07852147266385e-05,54120.9295309367,53.538412308071,906
"4180",109542,-21.2481346130371,-43.656307220459,0.0006478772302216,1.40842876135139e-05,1.13217665784759e-05,53214.0260111862,44.1089375911893,630
"4181",109543,-21.2411041259766,-43.6208152770996,0.0017642252205405,3.83527221856639e-05,1.93905198102584e-05,52557.9875244374,30.2882973946411,856
"4182",109544,-21.2340774536133,-43.5852470397949,0.0001447942313461,3.14770068143844e-06,1.33444573293673e-05,52163.3626206442,48.4658944938404,546
"4183",109545,-21.2270545959473,-43.5496139526367,3.64500385785504e-05,7.92392143011966e-07,1.05688277471927e-05,52038.0052692051,70.9440083179606,903
"4184",109546,-21.2200336456299,-43.5139007568359,0.0005522566043509,1.20055783554562e-05,1.13994647108484e-05,52185.2677910418,8.63485375976622,748
"4185",109547,-21.2130165100098,-43.4781188964844,0.0007932002990855,1.72434847627301e-05,1.30418275148259e-05,52604.4671695717,11.5011703681381,601
"4186",109548,-21.2060031890869,-43.442253112793,0.0009271105518564,2.01545772142708e-05,1.25914320960874e-05,53290.6722730768,7.01467026564401,799
"4187",109549,-21.1989936828613,-43.4063110351562,0.0009017542142828,1.96033524844097e-05,1.17445451905951e-05,54235.4601621741,7.45860842766859,1229
"4188",109550,-21.1919841766357,-43.370288848877,2.5284781031587e-05,5.49669152860588e-07,1.17920890261303e-05,55427.6650482102,222.478766437082,808
"4189",109551,-21.1849784851074,-43.3341827392578,0.0002486805869921,5.40609971722006e-06,1.19188598546316e-05,56853.0295069758,191.115882202824,837
"4190",109552,-21.1779727935791,-43.2979927062988,0.0004410562214616,9.58817872742657e-06,1.17726485768799e-05,58496.5757453236,10.3015619013617,864
"4191",109553,-21.1709690093994,-43.2617149353027,0.0002593389608591,5.63780349693843e-06,9.49261539062718e-06,60342.028535329,15.198728313837,952
"4192",109557,-21.1429653167725,-43.1156806945801,0.0001320812962148,2.8713325264107e-06,9.89032741927076e-06,69427.790442135,11.9526555908599,858
"4193",109558,-21.13596534729,-43.0789337158203,0.000698995680068,1.51955582623486e-05,1.12342477223137e-05,72052.8101534181,15.0457921855258,7
"4194",109559,-21.1289653778076,-43.0420875549316,0.0001094219232982,2.37873746300465e-06,8.56486985867377e-06,74793.9611176983,74.0961885059283,647
"4195",109560,-21.1219635009766,-43.0051383972168,0.0002802749104375,6.09293283559964e-06,1.09367310869857e-05,77640.8683251271,379.583509305181,141
"4196",109561,-21.1149616241455,-42.9680862426758,0.0008540335365978,1.85659464477794e-05,1.11409353849012e-05,80583.6877867762,1218.03051422845,828
"4197",109562,-21.1079578399658,-42.9309234619141,0.0008754932823649,1.90324626601068e-05,1.04031005321303e-05,82145.279370179,2539.29697729436,928
"4198",109563,-21.1009540557861,-42.8936538696289,0.0004216818288114,9.16699627850903e-06,1.07332971310825e-05,81045.831408639,268.107977304349,1026
"4199",109564,-21.0939464569092,-42.856273651123,0.0001767910453054,3.84328359359642e-06,1.06813940874417e-05,80121.4319902967,23.7729932454921,635
"4200",109565,-21.0869388580322,-42.8187789916992,0.0001702059084891,3.70012844541634e-06,1.02621042969986e-05,79379.3548573465,19.5984485957945,876
"4201",109566,-21.079927444458,-42.7811698913574,0.0007825190405128,1.70112834894098e-05,1.05129338408005e-05,78826.9104803952,22.4276010283824,800
"4202",109567,-21.0729141235352,-42.7434387207031,0.0005988022967358,1.30174412333872e-05,1.03970660347841e-05,78469.4787131382,19.3819456557857,880
"4203",109568,-21.065896987915,-42.7055892944336,0.0008466982144454,1.84064829227282e-05,1.13827882159967e-05,77315.6020220424,15.5402974388107,694
"4204",109569,-21.0588760375977,-42.6676139831543,0.0005522463543456,1.20053555292543e-05,1.09477969090221e-05,73956.5030054514,47.0158751398301,926
"4205",109570,-21.0518531799316,-42.6295166015625,0.0006866636267659,1.49274701470858e-05,1.35699365273467e-05,70657.2264262809,58.3578424587636,676
"4206",109572,-21.0377922058105,-42.5529327392578,0.0003357381074238,7.29865450921352e-06,9.13914482225664e-06,64281.9039190975,18.1520645906371,831
"4207",109853,-22.0541343688965,-47.4626388549805,0.0009227694026776,2.00602044060361e-05,1.49546713146265e-05,5858.31362572318,256.303454984116,557
"4208",109854,-22.0445308685303,-47.424488067627,0.0021154862915864,4.59888324257918e-05,1.80528750206577e-05,4638.13706672945,540.792660092919,901
"4209",109855,-22.0349807739258,-47.3864669799805,0.0020923244592268,4.54853143310174e-05,1.80394854396582e-05,6495.95810427447,317.126059602806,739
"4210",109856,-22.0254802703857,-47.3485679626465,0.0010310892830602,2.2414984414354e-05,1.58368275151588e-05,9799.60878609166,9.78432655862597,692
"4211",109857,-22.0160293579102,-47.310791015625,0.0013449700491037,2.92384793283418e-05,1.70234798133606e-05,13516.037083688,7.8272532624919,817
"4212",109858,-22.006628036499,-47.273136138916,0.001226279673574,2.66582537733484e-05,1.65656820172444e-05,17372.9029055389,6.79163026517761,684
"4213",109859,-21.9972763061523,-47.2355995178223,0.0009173118814942,1.99415626411792e-05,1.5025342690933e-05,21286.6461547016,6.39245715590113,816
"4214",109860,-21.9879703521729,-47.1981773376465,0.0013100879841658,2.84801735688234e-05,1.57083741214592e-05,25224.8782189903,4.3587908675738,1055
"4215",109861,-21.9787120819092,-47.1608695983887,0.0014460821257671,3.14365679514594e-05,1.59284463734366e-05,29172.3828133178,3.89421007968412,848
"4216",109862,-21.9694995880127,-47.1236686706543,0.001289362222451,2.80296135315439e-05,1.57575123012066e-05,33122.0011680267,6.48579012265169,850
"4217",109863,-21.9603328704834,-47.0865783691406,0.0011245245659665,2.44461862166645e-05,1.58843431563582e-05,37068.7836307565,17.3147894824048,750
"4218",109864,-21.9512100219727,-47.0495948791504,0.0004904801571683,1.06626121123554e-05,1.54518384078983e-05,41010.3623712778,3.15099204382643,653
"4219",109865,-21.9421329498291,-47.0127143859863,0.0009330134671472,2.02829014597228e-05,1.40492302307393e-05,44945.2965385831,2.56166369061964,1074
"4220",109866,-21.9330997467041,-46.9759368896484,0.0015844635563553,3.44448599207681e-05,1.79335002030712e-05,47058.7460326619,2.2465948307254,794
"4221",109867,-21.924108505249,-46.9392585754395,0.001174669683678,2.55362974712625e-05,1.78293739736546e-05,47218.160254915,2.34010704146948,899
"4222",109868,-21.9151592254639,-46.9026756286621,0.0008403733336308,1.82689855137141e-05,1.38372133733355e-05,43304.2823665617,5.80633854496353,932
"4223",109869,-21.9062519073486,-46.8661880493164,0.0009913554931699,2.15512063732604e-05,1.36525577545399e-05,39402.8256908395,19.0915258966221,9
"4224",109870,-21.8973846435547,-46.8297920227051,0.0006403708794096,1.39211060741218e-05,1.25527913041878e-05,35513.9048972313,25.1739708548422,936
"4225",109871,-21.888557434082,-46.7934875488281,0.0012671530130319,2.75468046311289e-05,1.42231883728527e-05,31638.3264152368,6.92218072042949,673
"4226",109872,-21.8797721862793,-46.7572708129883,0.0014877091962262,3.23415042657871e-05,1.7178179405164e-05,27776.9790399554,19.2566073252931,808
"4227",109873,-21.8710250854492,-46.7211418151855,0.00059814445558,1.30031403386965e-05,2.03141480596969e-05,23931.8402519555,31.4191914989445,875
"4228",109874,-21.8623161315918,-46.6850967407227,0.0005134886578161,1.11627969090478e-05,1.61135067173745e-05,20106.1110162572,84.5305901312371,1260
"4229",109876,-21.8450107574463,-46.6132507324219,0.0001734505058266,3.77066317014396e-06,2.44988750637276e-05,12548.0249693415,63.2825423173223,648
"4230",109877,-21.8364143371582,-46.5774459838867,0.0007586612118757,1.64926350407768e-05,1.68606165971141e-05,8871.00949608435,1417.99442265521,1502
"4231",109878,-21.8278522491455,-46.5417213439941,4.93577924487454e-06,1.0729954880162e-07,2.45786814048188e-05,5424.61224590909,1519.407900048,846
"4232",109880,-21.8108386993408,-46.4704856872559,0.0014528057945426,3.15827346639708e-05,1.9652030459838e-05,4305.73391851152,197.205199064315,823
"4233",109881,-21.8023834228516,-46.4349746704102,0.0014334372172015,3.11616786348168e-05,4.13543057220522e-05,7520.0091611112,32.9724185371595,723
"4234",109882,-21.7939605712891,-46.3995323181152,0.0016573969041928,3.60303674824536e-05,5.12640835950151e-05,11103.7135269755,23.4041501571386,664
"4235",109883,-21.7855739593506,-46.3641586303711,0.0014174619354889,3.08143899019342e-05,4.0028495277511e-05,14784.5266159811,12.6327176840687,808
"4236",109884,-21.7772178649902,-46.3288459777832,0.0015103115874808,3.28328605974093e-05,2.60945453192107e-05,18500.7229388736,13.5379496706017,584
"4237",109885,-21.7688961029053,-46.2935981750488,0.0001010882192531,2.19756998376397e-06,1.45189069371554e-05,22230.487632473,19.6478408734901,1230
"4238",109887,-21.7523460388184,-46.2232856750488,0.0001634206664675,3.55262318407767e-06,1.26563136291225e-05,29700.391582627,137.845341802403,775
"4239",109888,-21.7441177368164,-46.1882133483887,0.0012193018046673,2.65065609710291e-05,1.34105221150094e-05,33434.2448515081,21.6866812877889,743
"4240",109889,-21.7359199523926,-46.1532020568848,2.15415392403884e-05,4.68294331312791e-07,1.44260657179984e-05,37164.5686581785,21.4785032049362,810
"4241",109890,-21.7277526855469,-46.1182403564453,0.0008836310335027,1.92093702935381e-05,1.44541600093362e-05,40891.5416595878,19.9800919645905,673
"4242",109891,-21.7196140289307,-46.0833320617676,0.0007699670932197,1.67384150699945e-05,1.40991933221812e-05,39466.782886506,20.9976752432981,798
"4243",109892,-21.7115039825439,-46.0484733581543,0.0013079851851216,2.84344605461229e-05,1.83634474524297e-05,37543.1637361609,23.8442314026669,913
"4244",109893,-21.7034225463867,-46.0136642456055,0.0008656802201585,1.88191352208378e-05,1.16914379759692e-05,35908.4361092739,27.144512180354,848
"4245",109894,-21.695369720459,-45.9789009094238,0.0009541194413031,2.0741726984852e-05,1.33222765725804e-05,34601.6829274567,31.505616831339,640
"4246",109895,-21.6873435974121,-45.9441795349121,0.0003131065350316,6.8066638050368e-06,1.42505214171251e-05,33659.1462586595,938.744499649312,905
"4247",109896,-21.6793460845947,-45.9095039367676,0.0002776010815068,6.03480611971463e-06,1.21133325592382e-05,33110.4336937044,481.306660647027,841
"4248",109897,-21.6713733673096,-45.874870300293,0.000736481455533,1.60104664246319e-05,1.18161779028014e-05,32973.0921071926,92.7398028262666,955
"4249",109898,-21.6634292602539,-45.8402786254883,0.0008447843501926,1.83648771781009e-05,1.21803750516847e-05,33250.9827351684,10.7152373832073,439
"4250",109899,-21.6555080413818,-45.805721282959,0.0007089997270668,1.54130375449313e-05,1.15794464363717e-05,33932.0782161515,8.69395864052033,668
"4251",109900,-21.6476135253906,-45.7712020874023,0.0006809691421949,1.48036770042381e-05,1.0793136425491e-05,34991.6923220138,8.76953996700504,819
"4252",109901,-21.6397457122803,-45.7367172241211,0.0005443132686195,1.18328971439041e-05,1.10131613837439e-05,36395.6463472296,15.713435610295,981
"4253",109902,-21.6319007873535,-45.702262878418,0.0012612903447006,2.74193553195801e-05,1.33730582092539e-05,38104.6604175402,8.30436210325862,697
"4254",109904,-21.6162815093994,-45.6334533691406,0.0009257932797481,2.01259408640908e-05,1.21539978863439e-05,42279.2502059633,13.8899925998745,1771
"4255",109905,-21.6085071563721,-45.5990905761719,0.0006363337161019,1.38333416543901e-05,1.11766530608293e-05,44672.8933316892,36.5056933275142,635
"4256",109906,-21.6007556915283,-45.5647506713867,0.0001786654365787,3.88403122997261e-06,1.20539989438839e-05,47229.6176225908,1068.71015081082,871
"4257",109907,-21.5930271148682,-45.5304412841797,0.0006002506852382,1.30489279399626e-05,1.41630980579066e-05,49923.0330858496,285.126589198141,870
"4258",109908,-21.585319519043,-45.496150970459,0.0006022408178978,1.30921916934312e-05,1.20442255138187e-05,52732.4193448454,51.8827800185943,537
"4259",109909,-21.5776348114014,-45.4618835449219,8.86223510860873e-05,1.92657284969755e-06,1.12707939479151e-05,55639.4416977951,580.596502739923,779
"4260",109910,-21.5699710845947,-45.4276351928711,0.0006725772745994,1.46212450999883e-05,1.30376674860599e-05,58629.3317422516,3682.23257075802,904
"4261",109911,-21.562328338623,-45.3934020996094,0.0007745545772195,1.68381429830333e-05,1.1397581147321e-05,61689.9782571017,254.806771972895,643
"4262",109912,-21.5547046661377,-45.359188079834,0.0012736165408568,2.76873161055846e-05,1.33288876895676e-05,64810.5656078063,22.6127458818296,888
"4263",109913,-21.5471019744873,-45.3249893188477,0.0002792256027532,6.07012179898447e-06,1.12820134745562e-05,67982.8886208329,14.6165546652679,638
"4264",109914,-21.5395202636719,-45.2908058166504,0.0003559788347047,7.73867031966802e-06,1.05563331089797e-05,71199.7127423078,10.0524027959968,819
"4265",109915,-21.5319557189941,-45.2566299438477,0.0010921394023171,2.37421609199373e-05,1.37437846206012e-05,74455.6438064283,7.43862174457023,859
"4266",109917,-21.5168838500977,-45.1883087158203,0.0012987872905796,2.82345063169487e-05,1.324855202256e-05,81064.6083307173,13.4570485312717,634
"4267",109918,-21.5093765258789,-45.1541595458984,0.0010706006687542,2.3273927581613e-05,1.21106522783521e-05,84410.0377621541,6.29600883592495,1118
"4268",109919,-21.5018863677979,-45.1200141906738,0.0009318703196186,2.02580504264915e-05,1.15319980977802e-05,87778.7638257916,4.53269223112773,944
"4269",109920,-21.4944133758545,-45.0858764648438,0.0007560396370536,1.64356442837743e-05,1.1841796549561e-05,91167.7135203808,3.16516066605224,845
"4270",109921,-21.4869575500488,-45.0517349243164,0.0005397934346547,1.17346398837981e-05,1.152239201474e-05,94575.7522443302,3.65727356023808,664
"4271",109922,-21.4795188903809,-45.0175971984863,0.0006943413827684,1.50943778862711e-05,1.08805743366247e-05,98000.0961613993,4.44240590013962,841
"4272",109923,-21.4720973968506,-44.9834594726562,0.0004875945087405,1.05998806247953e-05,9.84763755695894e-06,101439.399837027,3.06593057267599,928
"4273",109924,-21.4646911621094,-44.9493141174316,0.0005450393455248,1.18486814244534e-05,1.10983801278053e-05,104892.917389394,2.37530544384849,322
"4274",109925,-21.4573001861572,-44.915168762207,0.0003486812493065,7.58002715883777e-06,9.69666325545404e-06,108358.539503508,7.71837942819887,1064
"4275",109926,-21.4499263763428,-44.8810119628906,0.000312706157274,6.79795994074084e-06,1.01188179542078e-05,111762.104653041,5.73470424397624,639
"4276",109927,-21.4425659179688,-44.846851348877,0.0006212515236256,1.35054679049063e-05,1.05061599242617e-05,111796.294923943,2.40146187779465,615
"4277",109928,-21.4352207183838,-44.8126831054688,0.0007906884202384,1.71888787008356e-05,1.15291059046285e-05,111950.54411785,2.54874237825769,810
"4278",109929,-21.4278888702393,-44.7784996032715,0.0005057337966718,1.09942129711271e-05,9.79876949713798e-06,112224.440783917,2.34637094805289,871
"4279",109930,-21.4205722808838,-44.7443046569824,0.0007652474887436,1.66358149726875e-05,1.17475510705844e-05,112617.292883227,1.96748573575817,1569
"4280",109932,-21.4059810638428,-44.6758728027344,0.0015915125477477,3.45980988640804e-05,1.65687779372092e-05,113754.788952316,1.43126276976715,704
"4281",109933,-21.3987045288086,-44.6416320800781,0.0007421766094921,1.61342741193948e-05,1.09030561361578e-05,114496.120581874,1.58018254931819,665
"4282",109934,-21.3914394378662,-44.6073684692383,0.0007428504322888,1.61489224410616e-05,1.01478071883321e-05,115350.012631668,1.71342427470672,898
"4283",109935,-21.3841896057129,-44.5730895996094,0.0007844596802897,1.70534713106463e-05,1.05085300674546e-05,116314.164905372,1.92729165957531,892
"4284",109936,-21.3769493103027,-44.5387840270996,0.0007838270248612,1.70397179317661e-05,1.00597162600025e-05,116585.62043192,2.51118457801909,552
"4285",109937,-21.369722366333,-44.5044555664062,0.0009733748083817,2.1160321921343e-05,1.09156117105158e-05,113973.649857713,3.4457360148929,820
"4286",109938,-21.3625068664551,-44.470100402832,0.0003846273484668,8.36146409710636e-06,9.21573064260883e-06,111419.738416484,3.75487637291876,976
"4287",109939,-21.3553028106689,-44.435718536377,0.0002203830417784,4.79093569083489e-06,8.92766547622159e-06,108886.491301587,2.51812054823431,673
"4288",109940,-21.348108291626,-44.401309967041,0.0005483832319441,1.1921374607482e-05,9.22059552976862e-06,105813.324567029,2.07379131130457,872
"4289",109942,-21.3337535858154,-44.3323974609375,0.0011771693461923,2.5590637960704e-05,1.13120613605133e-05,99774.8076664004,14.2860566881123,764
"4290",109943,-21.3265895843506,-44.2978897094727,0.0006301055618678,1.36979469971266e-05,8.66084064909955e-06,96816.6640726853,18.2793437144688,843
"4291",109944,-21.3194370269775,-44.2633476257324,0.0002337283813176,5.08105176777462e-06,7.67906021792442e-06,93904.8024144503,1.92014895367716,1111
"4292",109945,-21.3122940063477,-44.2287673950195,9.1352241270215e-05,1.98591828848294e-06,8.27287476568017e-06,91043.7950291204,1.88055610662332,837
"4293",109946,-21.3051586151123,-44.1941452026367,0.0007365488963841,1.60119325300911e-05,1.07201731225359e-05,88238.7968914198,1.2634418258033,843
"4294",109948,-21.2909164428711,-44.1247825622559,0.0010258524089295,2.23011393245542e-05,1.05440576589899e-05,82821.9847982061,1.3441122798572,640
"4295",109950,-21.276704788208,-44.0552444458008,0.0006669149206572,1.44981504490715e-05,9.16030330699869e-06,77709.9549307462,2.05653037853309,787
"4296",109951,-21.2696113586426,-44.0204048156738,5.97407281475171e-05,1.29871148146776e-06,9.77242234512232e-06,75288.8941152696,2.64525704071617,1262
"4297",109952,-21.2625255584717,-43.9855155944824,0.0002478599380992,5.38825952389743e-06,9.69046686805086e-06,72970.6256493884,13.1854223790078,914
"4298",109953,-21.2554454803467,-43.9505729675293,0.0008869639168551,1.92818242794601e-05,1.23490608530119e-05,70765.8650526976,6.64618372696501,890
"4299",109954,-21.2483730316162,-43.9155807495117,0.0003293275240139,7.15929400030291e-06,1.12563429865986e-05,68686.5289340624,6.30114273331193,850
"4300",109955,-21.2413063049316,-43.8805313110352,6.0454850199676e-05,1.314235873906e-06,1.01443492894759e-05,66744.7741611974,8.19414242320854,737
"4301",109956,-21.2342472076416,-43.8454246520996,0.0001627698434276,3.53847485712322e-06,8.44646001496585e-06,64953.7509449242,70.417884905263,985
"4302",109958,-21.2201442718506,-43.7750358581543,0.0012770460671163,2.77618710242677e-05,1.77053261722904e-05,61879.7318908237,2726.5080713098,835
"4303",109960,-21.2060623168945,-43.704402923584,0.0003528630004439,7.67093479225878e-06,1.01314290077426e-05,59574.8825633902,237.859666825893,925
"4304",109961,-21.1990280151367,-43.6689834594727,0.0007262520339281,1.57880876940908e-05,1.25474907690659e-05,58742.9383830826,66.8983372359364,46
"4305",109962,-21.1919994354248,-43.6335029602051,0.000322378522469,7.00822874932783e-06,9.63277125265449e-06,58139.5665772509,60.9175392285618,670
"4306",109963,-21.1849746704102,-43.5979499816895,1.10322558839471e-05,2.39831649651023e-07,8.87509759195382e-06,57772.9969878775,15.1867969108066,634
"4307",109966,-21.1639213562012,-43.490852355957,0.0002146729311789,4.66680285171606e-06,1.20349468488712e-05,58138.7769901471,28.552235016182,824
"4308",109968,-21.1499004364014,-43.419075012207,0.0003448949601079,7.49771652408526e-06,9.98317682388006e-06,59595.7535645322,10.649454384334,864
"4309",109970,-21.1358890533447,-43.3469696044922,0.0007200622021628,1.56535261339741e-05,9.98747782432474e-06,61963.8155166946,7.85101878349074,752
"4310",109971,-21.1288871765137,-43.310791015625,0.0004044968791276,8.79341041581938e-06,8.81394498719601e-06,63462.9449083708,7.01841430102587,617
"4311",109972,-21.1218852996826,-43.2745246887207,0.0001304230127061,2.83528288491652e-06,8.64936646394199e-06,65155.8581328645,8.21739478448266,814
"4312",109973,-21.1148853302002,-43.238166809082,0.0005789592905784,1.25860715343151e-05,8.67130893311696e-06,67029.3339843573,15.9822382768486,572
"4313",109974,-21.1078872680664,-43.2017211914062,0.0002678920045582,5.82373922952684e-06,8.84348264662549e-06,69070.0835167451,7.86566354237831,805
"4314",109975,-21.1008892059326,-43.1651802062988,0.0004037064572912,8.77622733241878e-06,9.21593618841143e-06,71265.6979603376,8.77955740926203,774
"4315",109977,-21.086893081665,-43.0918083190918,0.0003336250374559,7.25271820556372e-06,7.96410859038588e-06,76073.0664644925,15.3252919348405,932
"4316",109978,-21.0798950195312,-43.0549736022949,0.0005092702158435,1.10710916487733e-05,9.24199412111193e-06,78662.5068265392,29.1322259387679,1284
"4317",109980,-21.0658950805664,-42.9809951782227,0.000160158361723,3.48170351571753e-06,1.06879906525137e-05,84163.7997291669,53.1555985080319,788
"4318",109982,-21.0518932342529,-42.9065895080566,0.0001199127827931,2.60679962593713e-06,1.26504228319391e-05,86538.0737485779,36.2588633700697,643
"4319",109984,-21.0378837585449,-42.8317375183105,0.0008610915647295,1.87193818419473e-05,1.11660101538291e-05,84956.8673323505,573.703251016277,781
"4320",109985,-21.0308742523193,-42.7941398620605,0.0010581351561995,2.30029381782515e-05,1.14404374471633e-05,81795.436812327,201.626476403933,865
"4321",109986,-21.0238628387451,-42.7564239501953,0.0008664178021717,1.883516961243e-05,1.26374034152832e-05,78226.914853576,59.0441665515565,967
"4322",109987,-21.0168495178223,-42.7185859680176,0.000726681028027,1.57974136527628e-05,1.21443972602719e-05,74691.136994472,99.4999478433866,414
"4323",109988,-21.0098323822021,-42.6806259155273,0.0007254475967783,1.57705999299651e-05,1.0712411494751e-05,71194.9433968857,15.4003700146276,591
"4324",109989,-21.0028095245361,-42.6425399780273,0.0001173030896097,2.55006716542994e-06,1.21477360153222e-05,67746.2522449913,20.6691945355403,948
"4325",109990,-20.9957847595215,-42.6043243408203,1.44455782447039e-06,3.14034309667477e-08,9.43391842156416e-06,64355.1498431711,32.4423830832826,838
"4326",109991,-20.9887561798096,-42.5659790039062,0.000527960493855,1.14774020403274e-05,1.0630857104843e-05,61033.7110551742,24.2390409046541,705
"4327",109992,-20.9817218780518,-42.5275039672852,0.0010759222204797,2.33896134886891e-05,1.49169663927751e-05,57796.5820088993,125.75914435557,1066
"4328",110272,-22.0049343109131,-47.4739532470703,0.0012959054911334,2.81718585029012e-05,1.59275550686289e-05,3460.82205742655,160.297458167017,667
"4329",110273,-21.9953308105469,-47.4358177185059,0.001927298202645,4.18977870140225e-05,1.74766955751693e-05,1244.41343921176,1240.94710024001,870
"4330",110274,-21.9857807159424,-47.3978080749512,0.0021680208737961,4.71308885607868e-05,1.79162834683666e-05,4955.5772093131,268.240245174256,886
"4331",110275,-21.9762802124023,-47.3599243164062,0.0013646037878061,2.96652997349156e-05,1.67392481671413e-05,8981.13793299721,42.9591138585959,1658
"4332",110276,-21.9668292999268,-47.3221626281738,0.001085055686417,2.35881670960225e-05,1.49597544805147e-05,13020.1658271014,9.40469947438187,813
"4333",110277,-21.9574279785156,-47.2845191955566,0.0012126549481763,2.63620640907902e-05,1.68183378264075e-05,17053.7334600492,2.97666875418276,643
"4334",110278,-21.9480743408203,-47.246997833252,0.0005958740166533,1.2953782970726e-05,1.84209984581685e-05,21077.0250579666,2.64432589282878,541
"4335",110279,-21.9387702941895,-47.209587097168,0.0001548146365166,3.36553557644947e-06,1.32764616864733e-05,25089.5028094176,1.48318234203992,921
"4336",110280,-21.9295120239258,-47.1722946166992,0.0008408465073443,1.82792718987912e-05,1.41551872729906e-05,29089.8265549848,6.39323536557195,859
"4337",110281,-21.9202995300293,-47.1351089477539,0.0016978262719931,3.69092667824589e-05,1.57871054398129e-05,33078.7641832448,9.57730148939055,766
"4338",110282,-21.9111328125,-47.098030090332,0.0007867417079978,1.71030806086492e-05,1.34595793497283e-05,37056.1105369,17.6803006400663,851
"4339",110283,-21.9020118713379,-47.0610618591309,0.0014160707796691,3.07841473841108e-05,1.61462430696702e-05,41021.3613550921,24.8247978443644,1058
"4340",110284,-21.8929328918457,-47.0241928100586,0.001422284709406,3.09192328131758e-05,1.56030982907396e-05,44975.6944288597,28.8193268361353,808
"4341",110285,-21.8838996887207,-46.9874267578125,0.0005447805851872,1.18430561997229e-05,1.38579271151684e-05,48918.5579123139,3.67450066879404,846
"4342",110286,-21.8749084472656,-46.9507598876953,0.0002438524788885,5.30114084540401e-06,1.2272474123165e-05,47685.6395409018,65.4078176212107,948
"4343",110287,-21.8659591674805,-46.914192199707,0.00061356606966,1.33383928186959e-05,1.32730601762887e-05,43835.8862098582,691.619896733164,1421
"4344",110289,-21.8481864929199,-46.8413352966309,0.0005638316215481,1.22572091640905e-05,1.51899839693215e-05,36211.8410176177,10.1663024786408,970
"4345",110290,-21.8393611907959,-46.805046081543,0.0004513951298577,9.8129376056022e-06,2.8362426746753e-05,32447.7040711679,8.66615106759257,712
"4346",110291,-21.8305740356445,-46.7688407897949,0.0001680308259892,3.65284404324484e-06,2.36328742175829e-05,28725.6838335641,10.3512173314022,882
"4347",110295,-21.7958145141602,-46.6248741149902,0.0015327367582358,3.33203643094748e-05,2.21737536776345e-05,14750.803701332,146.187642541008,775
"4348",110297,-21.778657913208,-46.5533676147461,0.0013648021777044,2.96696125587914e-05,1.65007386385696e-05,9619.91437023396,1564.45014875857,929
"4349",110298,-21.770133972168,-46.5177268981934,0.001952407284989,4.24436366301961e-05,2.06540571525693e-05,8601.17460709228,196.434021311184,951
"4350",110299,-21.7616443634033,-46.4821586608887,7.65713832606707e-05,1.66459528827545e-06,2.63108468061546e-05,9190.61071067439,29.7184033682159,660
"4351",110300,-21.7531890869141,-46.446662902832,0.000657527045405,1.42940662044566e-05,1.44973846545327e-05,11127.2662949873,14.0050534705492,637
"4352",110301,-21.7447681427002,-46.4112319946289,0.0014973744910094,3.25516193697695e-05,1.53307100845268e-05,13851.0675984414,79.7953557286207,21
"4353",110302,-21.7363815307617,-46.3758697509766,5.36699324129586e-05,1.16673766115127e-06,1.32679415401071e-05,16982.2269886669,104.446502887309,926
"4354",110303,-21.72802734375,-46.3405723571777,0.0016698214167263,3.63004655810073e-05,1.56038731802255e-05,20329.4791893949,14.2442549648151,1594
"4355",110304,-21.7197036743164,-46.3053359985352,0.0006983700532146,1.51819576785783e-05,1.444980262022e-05,23798.7492356532,40.1124771885322,775
"4356",110305,-21.7114143371582,-46.2701606750488,0.0008068215938692,1.75395998667227e-05,1.44080813697656e-05,27340.5210152463,150.123126764312,696
"4357",110306,-21.7031555175781,-46.2350463867188,0.0007587483160023,1.64945286087459e-05,1.38205359689891e-05,30927.5303116855,170.563432972735,883
"4358",110307,-21.6949272155762,-46.1999893188477,4.95772412705264e-05,1.07776611457666e-06,1.29400123114465e-05,34543.7624721696,79.3209180492373,855
"4359",110309,-21.6785640716553,-46.1300392150879,0.001403406040481,3.05088269669795e-05,1.39644762384705e-05,37276.320426558,26.9123448107462,849
"4360",110310,-21.6704254150391,-46.095142364502,0.001841334546043,4.00290118705016e-05,1.40147403726587e-05,34846.0980415929,18.0064005411224,668
"4361",110311,-21.662317276001,-46.0602989196777,0.0010930557109531,2.37620806728955e-05,1.2273044376343e-05,32667.3007320429,15.4763672353138,555
"4362",110314,-21.6381587982178,-45.9560432434082,0.0004670186899602,1.0152580216527e-05,1.20380163934897e-05,28167.7319407588,43.071396998472,999
"4363",110315,-21.6301612854004,-45.9213790893555,0.000704025671439,1.53049059008481e-05,1.18298603410949e-05,27525.2069989695,42.7067946261781,880
"4364",110316,-21.6221904754639,-45.8867568969727,0.0002968654016513,6.4535956880718e-06,1.01794339570915e-05,27374.9690338622,42.8735130709303,654
"4365",110318,-21.6063270568848,-45.8176307678223,0.0011300794831186,2.45669452851871e-05,1.24811776913702e-05,28549.5190277097,8.87596418630069,1168
"4366",110320,-21.5905647277832,-45.7486534118652,0.0009504941190243,2.06629156309646e-05,1.27354114738409e-05,31459.0664799974,245.021811933432,830
"4367",110321,-21.5827217102051,-45.7142105102539,0.0003957305725634,8.60283853398869e-06,1.07680325527326e-05,33430.8699904951,122.433536938324,920
"4368",110322,-21.5749015808105,-45.679801940918,0.0007180776337918,1.56103833433008e-05,1.07874475361314e-05,35672.5272989529,12.5172561066289,1261
"4369",110323,-21.5671043395996,-45.6454238891602,0.0004125589894101,8.96867368282983e-06,1.06337365650688e-05,38135.6433491067,16.7469377433403,755
"4370",110324,-21.5593318939209,-45.6110725402832,0.0013855406577931,3.01204490824603e-05,1.39810554173891e-05,40779.5657534297,12.3335727160569,889
"4371",110325,-21.5515804290771,-45.5767478942871,0.0013387546132435,2.91033611574676e-05,1.89207639778033e-05,43570.3687907747,10.4454456632943,886
"4372",110326,-21.543851852417,-45.5424461364746,0.0007409220088447,1.61070001922781e-05,1.29711606859928e-05,46481.2837410863,9.82683869042424,929
"4373",110327,-21.5361461639404,-45.508171081543,0.0003005869484695,6.53449887977331e-06,1.26170052681118e-05,49490.1045638642,31.6347094369118,703
"4374",110328,-21.5284633636475,-45.4739151000977,0.0006309231775958,1.37157212520833e-05,1.20619633889874e-05,52580.0941278492,177.369881331459,624
"4375",110329,-21.5207996368408,-45.4396781921387,0.0003270225697633,7.10918629920343e-06,1.18222960736603e-05,55737.1441688226,629.654314362714,981
"4376",110332,-21.4979343414307,-45.3370704650879,6.45335992430773e-05,1.40290433137125e-06,1.11574554466642e-05,65510.1179491108,12.0607623243155,386
"4377",110333,-21.4903526306152,-45.3028945922852,0.0015351718247984,3.33733005390968e-05,1.71629599208245e-05,68844.1235809493,7.31659518051406,882
"4378",110334,-21.4827899932861,-45.2687339782715,0.0011079221512773,2.40852641582023e-05,1.33201428980101e-05,72206.8594063016,23.1052860817155,896
"4379",110335,-21.4752464294434,-45.2345809936523,0.0001849796281021,4.02129626309033e-06,1.15925786303706e-05,75594.9825346253,296.891486080357,800
"4380",110336,-21.4677200317383,-45.2004356384277,0.0010691728639358,2.32428883464308e-05,1.2746008906106e-05,79005.028133732,46.7957783737476,1890
"4381",110337,-21.4602127075195,-45.1663017272949,0.0009150469231826,1.98923244170146e-05,1.172938846139e-05,82433.7434612456,7.85570834423097,662
"4382",110338,-21.4527244567871,-45.1321678161621,0.0001395913914166,3.0345954655786e-06,1.1522831300681e-05,85879.8663361421,5.93748119995212,839
"4383",110339,-21.4452533721924,-45.0980377197266,0.0001240530737049,2.69680595010868e-06,1.04377377283527e-05,89340.9126137268,5.37212798481856,904
"4384",110340,-21.4377994537354,-45.0639114379883,0.0005274865252431,1.1467098374851e-05,1.17879153549438e-05,92815.1163588632,19.7621281519551,913
"4385",110341,-21.4303607940674,-45.02978515625,0.0007505026260332,1.63152744789841e-05,1.07291753010941e-05,96301.3446955363,5.30518806478097,636
"4386",110343,-21.4155349731445,-44.9615249633789,3.60263917400516e-05,7.83182429131557e-07,1.05700419226196e-05,103305.650906243,3.5754226259588,642
"4387",110344,-21.408145904541,-44.9273910522461,3.89838477303783e-05,8.47474950660398e-07,9.71319332165876e-06,106244.752793445,39.5315314961848,1116
"4388",110345,-21.4007720947266,-44.8932495117188,0.000362594731996,7.88249417382758e-06,1.11927720354288e-05,106154.0750469,15.6476814089739,837
"4389",110346,-21.3934135437012,-44.8591003417969,0.0010475738854438,2.27733453357359e-05,1.25114602269605e-05,106189.691066739,3.46194792353278,797
"4390",110347,-21.3860702514648,-44.8249397277832,0.0007165372044255,1.55768957483815e-05,1.13617606984917e-05,106351.626333903,2.59746927660344,703
"4391",110348,-21.3787403106689,-44.790771484375,0.0004620545496436,1.00446641226881e-05,9.68820404523285e-06,106639.058499838,2.6856415431872,876
"4392",110349,-21.3714256286621,-44.7565879821777,0.0005432877660496,1.18106036097743e-05,1.17767203846597e-05,107051.495861496,2.22707500743819,926
"4393",110350,-21.3641223907471,-44.7223930358887,0.0007233618671307,1.57252579811029e-05,1.09070642793085e-05,107587.076456477,1.79435759933062,1251
"4394",110351,-21.3568344116211,-44.6881790161133,0.0002624928247314,5.70636575503158e-06,1.0127469067811e-05,108244.771741863,2.00231987360192,805
"4395",110352,-21.3495597839355,-44.6539497375488,0.000925436077523,2.01181755983271e-05,1.13477963168407e-05,109022.162768647,4.83946092885587,662
"4396",110353,-21.3422985076904,-44.6196975708008,0.0006339228730212,1.37809320222004e-05,1.20171480375575e-05,109917.201376559,35.8473957726642,936
"4397",110354,-21.3350486755371,-44.5854301452637,0.0002612095449876,5.67846836929675e-06,1.02549456642009e-05,110926.658783149,4.26849355304968,586
"4398",110355,-21.3278102874756,-44.5511360168457,0.0002091777150781,4.54734163213288e-06,9.6842813945841e-06,112048.186773869,5.59265452654736,1209
"4399",110356,-21.3205852508545,-44.5168190002441,0.0002304462041138,5.00970008943113e-06,1.01898422144586e-05,110118.58942818,4.10336267523208,876
"4400",110358,-21.3061676025391,-44.4481086730957,0.0013017647288506,2.82992332358845e-05,1.21824705274776e-05,104885.74796948,2.90183993107353,654
"4401",110359,-21.2989749908447,-44.4137115478516,0.0006004255210427,1.30527287183213e-05,1.00141569419065e-05,102363.95497711,2.52325799115442,1243
"4402",110360,-21.2917938232422,-44.379280090332,0.0004822587325179,1.04838854895206e-05,8.64277262735413e-06,99911.7776201315,2.35123467053892,950
"4403",110361,-21.2846221923828,-44.3448219299316,0.0004175225021754,9.07657613424817e-06,9.35215848585358e-06,97534.998450275,8.01364509349189,913
"4404",110362,-21.2774620056152,-44.3103256225586,0.0011563353109522,2.51377241511364e-05,1.07668474811362e-05,95239.2304402621,4.63691955946106,889
"4405",110363,-21.2703094482422,-44.2757949829102,0.000875844125403,1.90400896826759e-05,1.09316733869491e-05,93030.6652384558,1.92660868958028,805
"4406",110364,-21.2631683349609,-44.2412261962891,0.0004139627380936,8.99918995855842e-06,9.17067700356711e-06,90916.3042580344,1.96789907186785,1526
"4407",110366,-21.2489109039307,-44.1719703674316,0.0001241978288817,2.69995280177682e-06,9.01964540389599e-06,86998.0562106145,2.16265854358127,648
"4408",110367,-21.2417945861816,-44.137279510498,3.24629957049183e-05,7.05717297933006e-07,1.07742998807225e-05,85209.3241612482,2.09557603316053,872
"4409",110368,-21.2346878051758,-44.1025428771973,0.0006776270965929,1.47310238389764e-05,1.06873358163284e-05,83544.8316066484,1.85249797571297,919
"4410",110369,-21.2275886535645,-44.0677642822266,0.0005535257641895,1.20331687867292e-05,1.05192521004938e-05,82012.6063219741,2.69228108315071,538
"4411",110370,-21.220495223999,-44.0329360961914,0.000272006126579,5.91317666476243e-06,9.68790664046537e-06,79743.2699509279,3.70913072615466,897
"4412",110371,-21.2134113311768,-43.9980583190918,0.0004872916524618,1.05932967926492e-05,8.6615318650729e-06,77553.7459140056,378.715115982073,661
"4413",110372,-21.2063331604004,-43.9631271362305,0.0003594722456909,7.81461403676076e-06,9.97910956357373e-06,75478.0729867574,175.336613753693,795
"4414",110373,-21.1992626190186,-43.9281463623047,8.09528944500926e-06,1.75984553152375e-07,7.94417337601772e-06,73526.8053446004,9.81492811356552,1064
"4415",110374,-21.1921977996826,-43.8931083679199,0.0007869267101341,1.71071023942204e-05,1.20259337563766e-05,71710.5040728133,9.22445513877032,823
"4416",110375,-21.1851406097412,-43.8580169677734,0.0001775654227458,3.86011788577889e-06,9.4382476163446e-06,70040.6450976049,8.49329151068244,966
"4417",110377,-21.1710414886475,-43.7876510620117,0.0004069753304065,8.84728979144711e-06,1.2507432984421e-05,67185.9479265294,721.059922339602,863
"4418",110378,-21.1639995574951,-43.7523765563965,0.0003144057336612,6.83490725350566e-06,8.45661907078465e-06,66024.1445538964,559.679453616202,1394
"4419",110379,-21.1569633483887,-43.717041015625,9.31859567572246e-05,2.02578166863532e-06,8.65381298353896e-06,65053.8341263468,43.8634704418269,889
"4420",110380,-21.1499309539795,-43.6816368103027,0.0009500615269644,2.06535114557482e-05,1.66143126989482e-05,64284.645684038,27.1979586835587,949
"4421",110381,-21.1429042816162,-43.6461639404297,0.0001512446015112,3.28792611981044e-06,8.54804147820687e-06,63724.8781337179,18.904778968165,1392
"4422",110382,-21.1358814239502,-43.6106224060059,0.0004597031984303,9.99354779196437e-06,1.04231976365554e-05,63381.5019809066,15.3385619977757,773
"4423",110383,-21.1288623809814,-43.5750122070312,0.0003391398749954,7.37260597816203e-06,1.03112570286612e-05,63259.2709970101,11.2024384947409,962
"4424",110384,-21.12184715271,-43.5393257141113,0.0009244842913176,2.00974845938617e-05,1.23206309581292e-05,63360.576355524,11.5163670995678,640
"4425",110385,-21.1148338317871,-43.5035629272461,0.0013285906243254,2.88824048766401e-05,1.40726124300272e-05,63685.927076041,28.4719187402706,845
"4426",110386,-21.1078243255615,-43.4677276611328,0.000177664011062,3.86226111004362e-06,1.0136008313566e-05,64233.0834874586,12.3809683893917,1020
"4427",110387,-21.1008186340332,-43.4318084716797,0.0006608461226278,1.43662200571271e-05,9.69800476013916e-06,64997.748798007,11.4592176658791,779
"4428",110390,-21.0798110961914,-43.3235626220703,0.0002825833371389,6.14311602475937e-06,9.50069534155773e-06,68528.899695627,7.91949298791454,216
"4429",110392,-21.0658149719238,-43.2509651184082,0.0007487195434805,1.62765118147945e-05,1.27571247503511e-05,71822.0409845997,8.60585859382937,708
"4430",110393,-21.05881690979,-43.214527130127,0.0001639526626604,3.56418831870542e-06,1.32862060127081e-05,73719.4338418553,10.0925202940581,917
"4431",110394,-21.0518207550049,-43.1780014038086,1.14609035222202e-05,2.49150076570004e-07,9.10359904082725e-06,75769.1912751353,9.45024797866031,902
"4432",110395,-21.0448265075684,-43.1413764953613,0.000458238995634,9.96171729639173e-06,8.06848856882425e-06,77961.1003981671,7.98763268583365,881
"4433",110396,-21.0378303527832,-43.1046524047852,0.0002875467034755,6.25101529294625e-06,8.388207788812e-06,80285.3536258243,7.71406580755069,792
"4434",110397,-21.030834197998,-43.0678291320801,0.0002371383488934,5.15518149768468e-06,8.49353000376141e-06,82732.0383927533,14.991956193396,631
"4435",110398,-21.0238380432129,-43.0309066772461,0.0003137787052764,6.82127620166284e-06,8.34743332234211e-06,85292.0014434737,19.0667499062384,914
"4436",110399,-21.0168418884277,-42.9938774108887,0.0004032747438031,8.76684225659119e-06,8.42821282276418e-06,87957.119995369,19.1222339987997,927
"4437",110400,-21.0098438262939,-42.9567413330078,0.0006901395081513,1.50030327858985e-05,8.89282910065958e-06,90719.7097590227,26.6089982099415,540
"4438",110401,-21.0028438568115,-42.9194946289062,0.0006209966959431,1.34999281726778e-05,8.87136229721364e-06,90862.8334875565,33.027724534381,980
"4439",110402,-20.9958419799805,-42.8821411132812,0.0001452744022572,3.15813917950436e-06,8.94504137249896e-06,87142.3339224141,78.7552147234421,699
"4440",110403,-20.9888381958008,-42.844669342041,0.0009095478162635,1.97727786144242e-05,1.19964242912829e-05,83432.6924139472,370.996931300197,928
"4441",110404,-20.9818325042725,-42.8070869445801,0.0009731227000884,2.11548413062701e-05,1.1283865205769e-05,79737.8850173503,103.083105690644,1002
"4442",110405,-20.9748229980469,-42.7693824768066,0.0010078626874019,2.19100584217813e-05,1.14332142402418e-05,76060.7474148959,38.7766929544699,879
"4443",110406,-20.9678115844727,-42.7315559387207,0.0006406375468941,1.39269031933509e-05,1.32370205392363e-05,72406.1620079405,37.2600477922424,987
"4444",110407,-20.9607982635498,-42.6936073303223,0.0006070241397537,1.3196176951169e-05,1.24671332741855e-05,68779.8985968203,15.2677388603764,789
"4445",110408,-20.9537792205811,-42.6555366516113,0.000248329806709,5.39847405889304e-06,9.0381181507837e-06,65188.719985551,21.3853122982873,690
"4446",110409,-20.946756362915,-42.6173324584961,0.0002811270833262,6.11145833318005e-06,8.83003849594388e-06,61640.4531386441,35.2652831808099,1041
"4447",110410,-20.9397296905518,-42.5790023803711,0.0007655805929971,1.6643056369503e-05,9.64306946116267e-06,58146.3873965739,23.1458379576176,919
"4448",110411,-20.9326992034912,-42.5405349731445,4.94698306283681e-05,1.0754311006167e-06,9.04583248484414e-06,54718.9292772263,13.0452892296235,839
"4449",110691,-21.9557323455811,-47.4852409362793,0.0013595371892734,2.95551562885521e-05,1.72339096025098e-05,7222.13907497059,5.38787238709512,924
"4450",110692,-21.9461288452148,-47.4471206665039,0.0016587027130299,3.60587546310853e-05,1.74356646311935e-05,6643.73128958406,277.929357965477,720
"4451",110693,-21.9365787506104,-47.4091262817383,0.0022879012540215,4.97369837830774e-05,1.99818623514147e-05,8336.52562291765,40.1137249551911,973
"4452",110694,-21.9270782470703,-47.3712539672852,0.0024427600073977,5.31034784216899e-05,2.05683809326729e-05,11309.3428567299,122.483202083458,901
"4453",110695,-21.9176273345947,-47.3335075378418,0.0011161829861521,2.42648475250462e-05,1.49379347931244e-05,14798.9078318997,148.026905520683,913
"4454",110696,-21.9082260131836,-47.2958793640137,0.0007904531303211,1.71837637026329e-05,2.11361893889261e-05,18506.7334636527,2.84030237084621,663
"4455",110697,-21.8988723754883,-47.2583694458008,0.0022701905836584,4.93519692099653e-05,2.08680448849918e-05,22317.2337966709,2.01873545633109,467
"4456",110698,-21.8895683288574,-47.2209739685059,0.0009272230927308,2.01570237550186e-05,1.56714486365672e-05,26176.4715747181,50.2141003395187,1782
"4457",110700,-21.8710975646973,-47.1465225219727,0.0017744839278748,3.85757375624962e-05,1.91827057278715e-05,33608.7590231624,2.70134071197756,864
"4458",110701,-21.861930847168,-47.1094589233398,0.000900862924027,1.95839766092831e-05,1.49776760736131e-05,37394.9453053335,3.33938205857578,888
"4459",110702,-21.8528099060059,-47.0725021362305,0.0007450345619872,1.61964035214623e-05,1.44240902955062e-05,41206.163359574,4.9687111591446,649
"4460",110703,-21.8437328338623,-47.0356483459473,0.0025780828364077,5.60452790523414e-05,1.90163736988325e-05,45033.2841155925,5.19758573492102,1096
"4461",110704,-21.8346977233887,-46.9988975524902,0.0003202354346285,6.96163988322951e-06,1.25455107991002e-05,48869.76961327,10.1209484087657,698
"4462",110705,-21.8257064819336,-46.9622421264648,0.0010518760427658,2.28668704949087e-05,1.3990223123983e-05,48792.7593229631,10.9441280351648,988
"4463",110706,-21.8167591094971,-46.9256858825684,0.0001613418189663,3.50743084709393e-06,1.29801574075827e-05,45059.324019172,261.324707884227,723
"4464",110710,-21.7813739776611,-46.780387878418,0.0001616870872567,3.51493667949399e-06,1.74330853042193e-05,30680.6028812758,11.1892375150923,849
"4465",110711,-21.7726268768311,-46.7442855834961,0.0005065135919721,1.10111650428735e-05,1.44199993883376e-05,27311.177548996,15.3330071452606,845
"4466",110712,-21.7639198303223,-46.7082672119141,0.0010257918293064,2.22998223762261e-05,1.51928798004519e-05,24098.871594501,15.353250237274,682
"4467",110713,-21.7552490234375,-46.6723289489746,0.0009147416822088,1.98856887436705e-05,2.18794830288971e-05,21110.1280798213,32.6379751623247,628
"4468",110714,-21.7466163635254,-46.636474609375,0.0016000770337996,3.47842833434697e-05,2.70356649707537e-05,18448.4195052547,46.9098544231527,1196
"4469",110715,-21.7380199432373,-46.6006965637207,1.7534312419798e-06,3.81180704778217e-08,1.3460574336932e-05,16267.8862260869,285.726563150145,975
"4470",110718,-21.7124462127686,-46.4938087463379,0.0006380849190463,1.38714112836169e-05,1.23585568871931e-05,14598.5721899623,18.1230455467561,921
"4471",110719,-21.7039928436279,-46.458324432373,0.0009742956353875,2.1180339899729e-05,1.55483976413961e-05,15931.9404749569,16.0194845712314,1230
"4472",110720,-21.6955718994141,-46.422908782959,0.0009470404947933,2.05878368433332e-05,1.54250446939841e-05,17977.2081511442,64.2162352144351,791
"4473",110721,-21.6871852874756,-46.3875579833984,0.0001443094270143,3.13716145683429e-06,1.42836861414253e-05,20518.3364643685,15.9410537868449,1042
"4474",110723,-21.6705093383789,-46.3170509338379,0.0001913978048833,4.16082184528932e-06,1.74090328073362e-05,26483.962315627,13.8887580624147,16
"4475",110725,-21.6539611816406,-46.2467880249023,0.0003323139990243,7.22421737009427e-06,1.0762593774416e-05,33072.284988864,39.9034213865008,678
"4476",110727,-21.6375389099121,-46.1767539978027,0.0008379080609302,1.82153926289175e-05,1.18471107271034e-05,36196.5571152882,14.4693561198407,196
"4477",110728,-21.6293716430664,-46.1418151855469,0.0007298567725229,1.5866451576585e-05,1.29909458337352e-05,33282.6826851084,14.1950160998371,924
"4478",110729,-21.6212348937988,-46.10693359375,0.0004971073503838,1.08066815300845e-05,2.28241951845121e-05,30554.3490610444,10.6924497535858,892
"4479",110730,-21.6131267547607,-46.0720977783203,0.0011403663047531,2.4790571842459e-05,1.25618371384917e-05,28062.3973169668,9.80129890328431,841
"4480",110731,-21.6050453186035,-46.0373153686523,0.000983170382824,2.13732691918267e-05,1.31787437567255e-05,25872.9460651792,9.74361962003655,632
"4481",110732,-21.5969944000244,-46.0025749206543,0.0003653890926216,7.9432411439484e-06,1.03281299743685e-05,24066.0470776384,11.0332795380164,503
"4482",110733,-21.5889701843262,-45.9678802490234,0.0006456966566474,1.40368838401628e-05,1.09985039671301e-05,22730.2292259023,16.7386737806337,1078
"4483",110734,-21.5809726715088,-45.9332313537598,0.0007025910053926,1.52737175085349e-05,1.09417160274461e-05,21948.9636510959,18.0935458484205,895
"4484",110735,-21.5730037689209,-45.8986206054688,1.93079388850492e-05,4.19737801848896e-07,1.2433097253961e-05,21779.7121193197,9.5713109389492,977
"4485",110736,-21.5650596618652,-45.8640518188477,0.0004922776315652,1.07016876427224e-05,1.19702326628612e-05,22233.6035559,8.65398186517926,538
"4486",110738,-21.5492477416992,-45.7950248718262,0.0002687592595975,5.84259259994724e-06,1.12887037175824e-05,24820.3726028106,19.4448091174707,698
"4487",110739,-21.5413799285889,-45.7605628967285,5.47862050552794e-05,1.19100445772347e-06,1.08896038000239e-05,26788.3062934041,63.6574269039265,948
"4488",110740,-21.5335369110107,-45.7261352539062,0.0005276433294056,1.14705071609933e-05,1.0873199244088e-05,29089.3024355286,225.180541895735,935
"4489",110741,-21.5257186889648,-45.6917381286621,0.0005799376431241,1.26073400679161e-05,1.04961536635528e-05,31649.7142691723,19.3263391886271,846
"4490",110742,-21.5179214477539,-45.6573715209961,0.0006190883959789,1.34584433908458e-05,1.05111002994818e-05,34410.3087157962,12.3499776645345,1274
"4491",110743,-21.5101490020752,-45.6230354309082,0.0009778499188541,2.12576069316128e-05,1.16135015559848e-05,37325.7858724736,10.7394800429183,937
"4492",110744,-21.5024013519287,-45.5887222290039,0.0007445851515512,1.61866337293759e-05,1.16737246571574e-05,40362.330812976,9.38428416520641,712
"4493",110745,-21.4946727752686,-45.5544319152832,0.0005013352474634,1.08985923361615e-05,1.11617137008579e-05,43493.6688206664,8.47884830575775,640
"4494",110746,-21.4869689941406,-45.5201683044434,0.0001739052399898,3.78054869543121e-06,1.18268399091903e-05,46699.8472186996,8.62622383134486,1351
"4495",110747,-21.479284286499,-45.4859237670898,0.0006753519301128,1.46815636981046e-05,1.04374385045958e-05,49966.368463837,10.1888883876544,968
"4496",110748,-21.471622467041,-45.4516983032227,0.0004501935782172,9.78681691776728e-06,1.086834436137e-05,53281.7147119649,10.851656858519,850
"4497",110749,-21.463981628418,-45.4174919128418,0.0007488645496778,1.62796641234308e-05,1.07013938759337e-05,56636.7926684107,12.0654088478177,800
"4498",110750,-21.4563617706299,-45.3833045959473,7.85589638780948e-05,1.70780356256728e-06,9.90856733551482e-06,60024.4904442755,12.8102739987366,714
"4499",110751,-21.4487609863281,-45.3491287231445,0.0007866858140914,1.71018655237276e-05,1.11577555799158e-05,63439.9199786936,11.8689957272691,1092
"4500",110753,-21.4336166381836,-45.2808151245117,0.0008643801011203,1.87908717634855e-05,1.23050067486474e-05,70336.366494059,7.15372619155161,1670
"4501",110754,-21.4260749816895,-45.2466735839844,9.94515758065972e-05,2.16199077840429e-06,1.06399093056098e-05,73811.1388784823,37.5706690772436,610
"4502",110755,-21.418550491333,-45.2125434875488,0.0009183270922221,1.99636324396124e-05,1.22521005323506e-05,77299.9918388217,21.8865328156291,893
"4503",110757,-21.4035568237305,-45.1442947387695,0.0001887379285108,4.10299844588735e-06,1.1428453035478e-05,84314.4999701126,4.13126615284111,889
"4504",110759,-21.3886337280273,-45.0760650634766,0.0005183973225939,1.12695070129121e-05,1.07452651718631e-05,91367.5745820984,4.60671658444339,633
"4505",110760,-21.381196975708,-45.0419502258301,0.0006492658758361,1.41144755616551e-05,1.32063123601256e-05,94906.3650404136,4.82718390871748,922
"4506",110761,-21.3737773895264,-45.0078315734863,0.0001854788033597,4.03214789912454e-06,1.21298535304959e-05,98452.4835814285,4.8406035548902,731
"4507",110763,-21.3589859008789,-44.9395904541016,0.0004280382545402,9.3051794465282e-06,1.0616572581057e-05,100642.091086314,10.9592121197544,536
"4508",110764,-21.3516120910645,-44.905460357666,0.0009921575874614,2.15686432056827e-05,1.19760788948042e-05,100546.049754166,7.32013749330023,919
"4509",110765,-21.3442554473877,-44.8713226318359,0.000955766721745,2.07775374292396e-05,1.1806892871391e-05,100583.360147267,29.7295786028324,961
"4510",110766,-21.3369121551514,-44.8371772766113,0.0004159332911513,9.04202806850662e-06,1.24521766338148e-05,100753.50505791,48.4791589235878,1030
"4511",110767,-21.3295841217041,-44.8030166625977,0.0003589226362237,7.80266600486357e-06,1.00548886621254e-05,101056.315912491,3.38726512596529,659
"4512",110768,-21.3222713470459,-44.7688484191895,0.0013719847120228,2.98257546091918e-05,1.71613373822765e-05,101490.449302525,3.64889166698835,921
"4513",110769,-21.3149700164795,-44.7346611022949,0.0010761835328594,2.33952941925963e-05,1.15356970127323e-05,102054.340817608,2.28220800098403,947
"4514",110771,-21.3004093170166,-44.6662445068359,0.0007646380108781,1.66225654538721e-05,1.16740684461547e-05,103563.169870723,65.7838555123125,997
"4515",110772,-21.2931480407715,-44.6320037841797,4.61935001112579e-05,1.00420652415778e-06,1.12478492155788e-05,104503.213991702,29.3397022734644,907
"4516",110773,-21.2859001159668,-44.5977478027344,0.000218449012209,4.74889156976133e-06,1.10716800918453e-05,105562.731597898,5.35444347087416,624
"4517",110774,-21.2786636352539,-44.5634651184082,0.0011253285010752,2.44636630668538e-05,1.13420564957778e-05,106738.748306243,6.80997615990036,1414
"4518",110775,-21.2714405059814,-44.5291633605957,0.0002909936338255,6.32594856142532e-06,1.00839079095749e-05,106417.799452069,6.10985096293814,670
"4519",110776,-21.2642269134521,-44.4948310852051,0.0008101307976176,1.76115390786435e-05,1.01012637969689e-05,103675.844189988,4.33412186785502,881
"4520",110777,-21.2570247650146,-44.4604759216309,0.0004258540411683,9.25769654713804e-06,9.3463240773417e-06,100991.157053956,13.5232032561044,664
"4521",110778,-21.2498340606689,-44.4260864257812,5.60637636226602e-05,1.21877747005783e-06,9.6674511951278e-06,98368.0164605158,23.0431363849491,958
"4522",110779,-21.242654800415,-44.3916702270508,0.0005094228363304,1.10744094854454e-05,1.10146938823164e-05,95812.2505918992,30.754734749255,1344
"4523",110780,-21.2354850769043,-44.3572196960449,0.0009635915339458,2.09476420423016e-05,1.21920948004117e-05,93329.107656816,7.16436624949245,899
"4524",110781,-21.2283248901367,-44.3227386474609,0.0008625885675428,1.87519253813662e-05,1.09421916931751e-05,90925.1132238284,5.59378277493504,696
"4525",110782,-21.2211761474609,-44.2882194519043,0.0007019850418146,1.52605443872744e-05,9.96403014141833e-06,88606.911244027,15.5096579060558,892
"4526",110783,-21.2140350341797,-44.253662109375,0.0002949177960545,6.41125643596752e-06,9.26333541428903e-06,86381.4785506737,20.8659722205279,967
"4527",110784,-21.2069034576416,-44.219066619873,0.0006172161592985,1.34177425934467e-05,9.39873552852077e-06,84256.8442400795,2.61666273174722,682
"4528",110785,-21.1997814178467,-44.1844291687012,0.0003271042560299,7.11096208760864e-06,9.81240100372816e-06,82241.1746939732,2.88571948465257,567
"4529",110786,-21.1926670074463,-44.1497497558594,0.0010718521734816,2.33011342061218e-05,1.06239449451095e-05,80343.022169214,3.61080444928723,826
"4530",110787,-21.1855602264404,-44.1150283813477,0.0004898254119325,1.06483785202727e-05,9.74438080447726e-06,78571.476576242,6.58665942726341,1011
"4531",110788,-21.1784629821777,-44.0802574157715,0.0002833756834661,6.16034094491624e-06,9.54311690293252e-06,76935.9019341907,17.0758315185442,1019
"4532",110789,-21.1713733673096,-44.0454406738281,0.0013758400527876,2.99095663649496e-05,1.2443701052689e-05,75445.7079214711,8.23245634958068,677
"4533",110790,-21.1642894744873,-44.0105781555176,2.4646318138366e-05,5.35789524747088e-07,1.12377838377142e-05,74110.1221192642,10.0682051218193,669
"4534",110792,-21.1501445770264,-43.9406890869141,0.000812834205135,1.76703088072827e-05,1.26545819512103e-05,71939.5543797992,11.3888358913422,905
"4535",110793,-21.1430816650391,-43.9056625366211,0.0002197133608206,4.77637740914361e-06,8.88395879883319e-06,70856.729902027,8.05411895848061,907
"4536",110794,-21.1360263824463,-43.8705825805664,0.0001038369046,2.25732401304413e-06,8.99972201295896e-06,69081.892113718,7.01278750943357,889
"4537",110795,-21.1289749145508,-43.8354415893555,0.0004432486348378,9.63583988777827e-06,1.17142371891532e-05,67465.0433009506,10.4815800088675,1016
"4538",110796,-21.1219310760498,-43.8002433776855,0.0005130661065777,1.11536110125598e-05,1.04854407254606e-05,66019.3079646238,13.3892673759904,711
"4539",110797,-21.1148910522461,-43.7649803161621,0.0005567634689214,1.21035536722047e-05,1.03460779428133e-05,64756.6155594822,73.2048020381887,966
"4540",110798,-21.1078567504883,-43.7296524047852,0.0006833380230091,1.48551744132419e-05,1.14805015982711e-05,63689.2095052493,15.5653442967358,1169
"4541",110799,-21.1008262634277,-43.694263458252,0.0004566192437778,9.92650529951788e-06,9.9483149824664e-06,62827.9828473578,14.5598895600663,863
"4542",110800,-21.0938014984131,-43.6588020324707,0.0006835143231,1.48590070239152e-05,8.85382814885816e-06,62182.8988612621,22.3987747461011,937
"4543",110801,-21.0867805480957,-43.6232757568359,0.0005507973382918,1.19738551802584e-05,1.0006439879362e-05,61761.7397190372,31.2601340090101,848
"4544",110802,-21.0797634124756,-43.5876731872559,0.0014104577930993,3.06621259369422e-05,1.24658645290765e-05,61570.5146589048,28.1866044697581,820
"4545",110804,-21.0657386779785,-43.5162506103516,0.0001533846980237,3.33444995703758e-06,1.03311085695168e-05,61888.8725538878,18.8963090577285,672
"4546",110805,-21.0587310791016,-43.4804267883301,0.0004888094899797,1.06262932604295e-05,9.69076518231304e-06,62397.6754664252,11.838214502658,1241
"4547",110806,-21.0517272949219,-43.4445190429688,0.0008325542949023,1.8099006410921e-05,1.04469709185651e-05,63135.1718342073,15.3176917500923,1062
"4548",110807,-21.0447235107422,-43.4085350036621,0.0003613922181102,7.85635256761452e-06,9.90733224170981e-06,64094.2243178048,69.8708802375676,82
"4549",110808,-21.0377235412598,-43.3724632263184,0.0001335826500508,2.90397065327852e-06,1.0411268704047e-05,65267.402531916,71.5262745714354,923
"4550",110810,-21.0237293243408,-43.3000679016113,0.000244404975092,5.31315163243562e-06,7.87177668826189e-06,68214.6529646939,19.7463053223711,1318
"4551",110811,-21.0167331695557,-43.2637367248535,0.0002376926440774,5.16723139298847e-06,1.09668771983706e-05,69966.5545099789,8.60353221339624,899
"4552",110812,-21.0097389221191,-43.2273101806641,0.0002284873862663,4.96711709274678e-06,9.04165335668949e-06,71888.8543325131,11.2408492558173,640
"4553",110814,-20.9957523345947,-43.154182434082,0.0003808183209912,8.27865915198345e-06,9.05578326637624e-06,76196.635843716,12.034791344256,900
"4554",110815,-20.9887580871582,-43.1174736022949,0.0007165520146372,1.55772177095059e-05,1.14159574877704e-05,78559.9410648219,11.6893417921392,297
"4555",110816,-20.9817657470703,-43.0806617736816,0.0002920736706073,6.34942762189894e-06,7.8187931649154e-06,81049.3943405916,11.1525266332587,911
"4556",110817,-20.9747714996338,-43.0437507629395,0.0005540968359127,1.20455833894084e-05,8.64047979121096e-06,83654.6229166634,33.3039501934092,982
"4557",110818,-20.9677772521973,-43.0067329406738,0.000248091546382,5.39329448656645e-06,8.729807632335e-06,86367.3001270565,50.7956413804295,702
"4558",110819,-20.9607810974121,-42.969612121582,0.0001573836852912,3.42138446285389e-06,8.79432627698407e-06,89178.6046517131,37.5087984863337,546
"4559",110821,-20.9467849731445,-42.8950347900391,4.83002893361117e-05,1.05000628991547e-06,8.38713640405331e-06,85600.290423908,33.2879820306366,819
"4560",110822,-20.9397830963135,-42.8575782775879,0.0006557457618328,1.42553426485392e-05,9.85333190328674e-06,81810.5686831965,216.059896751735,955
"4561",110823,-20.9327793121338,-42.8200035095215,0.0008788925188127,1.91063591046259e-05,1.03210059023695e-05,78027.2759457742,121.123847797574,1067
"4562",110825,-20.9187641143799,-42.7445030212402,0.000168637385741,3.66603012480482e-06,9.63902675721329e-06,70492.517816465,14.3837415661118,835
"4563",110826,-20.9117527008057,-42.7065658569336,0.0005054603934695,1.0988269423251e-05,9.21303944778629e-06,66747.9400513088,15.6563391928075,946
"4564",110827,-20.9047374725342,-42.6685066223145,0.0004251685040799,9.24279356695479e-06,8.95620360097382e-06,63025.5587915243,20.7803968647511,854
"4565",110828,-20.8977165222168,-42.6303176879883,0.0002380869136686,5.17580247105798e-06,7.9407818702748e-06,59331.3305651805,30.2140789014595,948
"4566",110829,-20.8906936645508,-42.5919952392578,0.00052620903989,1.14393269541324e-05,8.40562006487744e-06,55673.7030639397,24.1336653194056,720
"4567",110830,-20.8836650848389,-42.5535430908203,8.49120060593123e-05,1.84591317520244e-06,8.79587332747178e-06,52063.6099918037,11.9975369091926,930
"4568",110831,-20.8766307830811,-42.5149536132812,0.0005015630067646,1.0903543625318e-05,1.03642496469547e-05,48514.4237354415,14.3166155403089,1325
"4569",111110,-21.9065246582031,-47.4965553283691,0.0010247992941003,2.22782455239212e-05,1.33046023620409e-05,6881.97887914114,60.908463889079,1030
"4570",111111,-21.8969211578369,-47.4584465026855,0.0020109481192776,4.37162634625565e-05,1.61716670845635e-05,5354.41651706056,59.6017074087089,852
"4571",111112,-21.8873710632324,-47.420467376709,0.0023057774305925,5.01255963172298e-05,1.73087828443386e-05,6589.84643681913,14.0406359818489,699
"4572",111113,-21.8778705596924,-47.3826103210449,0.0015150654144235,3.29362046613824e-05,1.65997716976563e-05,9554.38827761731,3.62332389008982,1081
"4573",111114,-21.8684196472168,-47.3448753356934,0.0004730541859316,1.02837866506889e-05,1.38890554808313e-05,13111.7216976274,3.67028657809731,975
"4574",111115,-21.8590183258057,-47.3072624206543,0.0013770671248494,2.99362418445526e-05,2.1964791812934e-05,16881.5474341343,21.0009330563174,930
"4575",111116,-21.8496646881104,-47.2697677612305,0.0006878882722958,1.49540928759961e-05,1.52341826833435e-05,20740.7795442606,183.795833626305,692
"4576",111117,-21.8403606414795,-47.2323837280273,6.30879510481464e-05,1.37147719669883e-06,2.84339730569627e-05,24641.7590365009,442.184586153854,871
"4577",111118,-21.8311023712158,-47.1951179504395,0.0013736870496359,2.98627619486069e-05,1.80276820174186e-05,28561.3576134304,62.739428215804,666
"4578",111120,-21.81272315979,-47.1209106445312,0.0009408695732417,2.04536863748217e-05,1.50303667396656e-05,36418.1643947401,26.6075795437889,793
"4579",111123,-21.7854919433594,-47.0103874206543,0.0012534359957499,2.72486086032586e-05,1.47818927871413e-05,48006.9134716669,50.6150261124366,957
"4580",111124,-21.7765007019043,-46.973747253418,6.16084608395795e-06,1.33931436607782e-07,1.26432596516679e-05,46503.8675031027,7.69888433192726,692
"4581",111125,-21.7675533294678,-46.9372024536133,0.0015519515436608,3.37380770361051e-05,1.41707914735889e-05,45297.9381702742,6.04037001629448,622
"4582",111126,-21.7586460113525,-46.9007568359375,0.0015383517529699,3.34424294123892e-05,1.58897328219609e-05,43416.7925073133,5.91556712779063,807
"4583",111127,-21.7497806549072,-46.8643989562988,0.0011722031558747,2.54826773016248e-05,1.81079740286805e-05,39990.2957043687,56.4672438939486,909
"4584",111128,-21.7409553527832,-46.8281364440918,0.0006672656800219,1.45057756526512e-05,3.00761221296852e-05,36666.2018179538,110.919079854237,988
"4585",111129,-21.7321701049805,-46.7919578552246,0.0004698084067058,1.02132262327359e-05,2.00374161067884e-05,33470.2013423813,110.836736085338,657
"4586",111131,-21.7147159576416,-46.7198600769043,0.0016863375640241,3.66595122613944e-05,3.2356761948904e-05,27623.8351519007,18.4829917265051,1033
"4587",111133,-21.6974124908447,-46.6480941772461,0.0005501476553035,1.19597316370346e-05,1.5033881936688e-05,22931.8804143105,26.8835587912148,904
"4588",111134,-21.6888179779053,-46.6123275756836,0.0010163587285205,2.20947549678385e-05,2.42162714130245e-05,21253.0807581908,15.5824981853713,806
"4589",111137,-21.6632461547852,-46.5054817199707,7.90564813542005e-05,1.71861915987392e-06,1.32026316350675e-05,20112.0224475513,33.0353213999419,993
"4590",111138,-21.6547908782959,-46.4700088500977,0.0010007381388277,2.17551769310376e-05,1.33972935145721e-05,21132.0465299176,12.8146649743031,634
"4591",111140,-21.6379852294922,-46.3992691040039,0.0003999164237029,8.69383529789047e-06,1.3184612726036e-05,24825.5004030058,378.21719544608,986
"4592",111142,-21.6213111877441,-46.328784942627,0.0005179006784601,1.12587104013073e-05,1.37970237119589e-05,29985.1027443324,26.5561635114714,1570
"4593",111143,-21.6130218505859,-46.2936363220215,0.0004751647247758,1.03296679299092e-05,1.17215131467674e-05,32901.5057274096,25.3156449495306,942
"4594",111144,-21.6047649383545,-46.2585487365723,2.929414904429e-05,6.36829327049782e-07,1.03247339211521e-05,35968.0582514954,8.20131392825373,901
"4595",111145,-21.5965385437012,-46.2235145568848,0.0005286446084937,1.14922740976908e-05,1.13397954919492e-05,36328.9637040716,7.9494900761202,513
"4596",111146,-21.588342666626,-46.1885375976562,0.0005026662838645,1.09275279100984e-05,1.15272450784687e-05,33016.8557218932,7.17416453707124,1027
"4597",111147,-21.5801753997803,-46.1536140441895,0.0012801537013729,2.78294282907154e-05,1.31659935505013e-05,29812.5330212891,5.30936254907453,875
"4598",111148,-21.5720386505127,-46.1187438964844,0.0010732828231994,2.33322352869436e-05,1.416365194018e-05,26752.3414432153,4.67975873868215,938
"4599",111149,-21.5639324188232,-46.0839195251465,0.001262801404664,2.74522044492187e-05,1.30899152281927e-05,23888.3900813787,115.86047478085,683
"4600",111150,-21.5558528900146,-46.0491485595703,0.0004372935491119,9.50638150243321e-06,1.04558876046212e-05,21297.1152914582,177.096053817022,902
"4601",111151,-21.5478019714355,-46.0144233703613,0.0010972056661557,2.38522970903432e-05,1.43224988278234e-05,19086.2756408244,56.0480838617702,807
"4602",111153,-21.5317821502686,-45.9451026916504,0.0001759799561114,3.82565121981315e-06,1.11053896034718e-05,16390.6530867802,5.71957975579074,565
"4603",111154,-21.5238132476807,-45.9105033874512,0.0013527838164009,2.94083438348025e-05,1.58993534569163e-05,16188.8891727997,6.85984312855414,956
"4604",111155,-21.515869140625,-45.8759460449219,0.0006846293563285,1.48832468767068e-05,1.10577475425089e-05,16818.1073817651,9.33360804489155,904
"4605",111156,-21.5079517364502,-45.8414268493652,0.0011707918347383,2.54519964073552e-05,1.37623346745386e-05,18189.7324953349,11.4910465373276,614
"4606",111157,-21.5000610351562,-45.8069458007812,0.0007047422514006,1.53204837261001e-05,1.24855823742109e-05,20150.2440726426,13.4302883185478,675
"4607",111158,-21.4921932220459,-45.7724952697754,0.0004112609622097,8.94045570021262e-06,1.18079988169484e-05,22544.7605533473,10.6659344741228,824
"4608",111159,-21.4843502044678,-45.7380790710449,0.0002831626925399,6.15571070738952e-06,9.86694794846699e-06,25248.2385663139,16.5055061897059,960
"4609",111161,-21.4687385559082,-45.6693420410156,0.0003669321995403,7.97678694652859e-06,1.09792781586293e-05,31248.8877150763,12.2313709341114,981
"4610",111162,-21.4609661102295,-45.6350135803223,0.000679511382259,1.47719865708495e-05,1.10143528218032e-05,34440.9780607151,11.6559170014415,719
"4611",111163,-21.453218460083,-45.6007118225098,0.0007636363552592,1.66007903317222e-05,1.25568503790419e-05,37716.8760291233,11.1641273211441,1139
"4612",111164,-21.4454917907715,-45.5664367675781,0.0002870805165002,6.24088079348439e-06,1.07942450995324e-05,41055.5620869688,7.68622490689066,905
"4613",111165,-21.4377880096436,-45.5321846008301,0.0005475742764247,1.19037886179285e-05,1.14357180791558e-05,44442.5083220507,6.61827509055155,944
"4614",111166,-21.4301052093506,-45.4979515075684,0.0005243718624114,1.13993883132935e-05,1.1043157428503e-05,47867.1775587307,14.234749959385,679
"4615",111167,-21.4224452972412,-45.463737487793,0.0010313158709323,2.24199102376588e-05,1.15298753371462e-05,51321.5088939524,11.0520233200949,1001
"4616",111168,-21.4148044586182,-45.4295425415039,0.000999201893137,2.17217802855885e-05,1.15555030788528e-05,54799.3644382273,11.5414464639784,830
"4617",111169,-21.4071846008301,-45.3953666687012,0.000730510095309,1.58806542458478e-05,1.19465457828483e-05,58296.0893723033,10.9815027651844,982
"4618",111170,-21.399585723877,-45.3612022399902,0.000379606268325,8.25231018097838e-06,1.02180838439381e-05,61808.8361069331,9.63576087027497,98
"4619",111171,-21.3920040130615,-45.3270530700684,0.0007641323718416,1.66115733009065e-05,1.07973974081688e-05,65334.3358620675,9.40464950725411,1344
"4620",111172,-21.3844451904297,-45.2929153442383,0.0003156584098178,6.86213934386615e-06,1.0853907042474e-05,68870.7113559361,7.78682574024715,901
"4621",111173,-21.3769035339355,-45.2587852478027,0.0014145767054287,3.07516675093211e-05,1.36501967062941e-05,72416.509907522,7.29397236352468,939
"4622",111174,-21.3693790435791,-45.224666595459,0.000426366332249,9.26883330976125e-06,1.17058043542784e-05,75969.8426769406,6.83211434537955,760
"4623",111175,-21.3618755340576,-45.1905517578125,0.001140965239756,2.48035921686096e-05,1.2292388419155e-05,79530.2586558467,6.29939633505311,646
"4624",111176,-21.3543891906738,-45.1564445495605,0.0002200505232394,4.78370702694519e-06,1.10490618681069e-05,83096.3483945138,5.55848967113892,972
"4625",111177,-21.3469200134277,-45.1223373413086,0.0015363971397164,3.33999378199223e-05,1.38332579808775e-05,86668.0501833393,5.67982810973414,798
"4626",111178,-21.3394680023193,-45.0882339477539,0.0004933841719321,1.07257428680896e-05,1.04996852314798e-05,90244.2499240296,6.32488426078401,528
"4627",111179,-21.33203125,-45.0541305541992,0.0007533341376984,1.63768290804001e-05,1.28615811263444e-05,93824.7461905153,6.85959757317422,826
"4628",111180,-21.324613571167,-45.0200271606445,0.0011752600839827,2.55491322604939e-05,1.35975096782204e-05,95663.010142529,6.50578544571197,739
"4629",111181,-21.317211151123,-44.9859199523926,0.000953159706114,2.07208631763933e-05,1.67032467288664e-05,95281.6716348362,6.04426587435732,622
"4630",111182,-21.3098239898682,-44.9518089294434,0.00100174606996,2.17770884773927e-05,1.10525461423094e-05,95039.4910972803,79.1872123252386,865
"4631",111183,-21.3024520874023,-44.9176902770996,0.0005076331017335,1.10355022115982e-05,1.11142053356161e-05,94937.6195443795,17.793654290808,916
"4632",111184,-21.2950973510742,-44.8835639953613,0.001366298260109,2.97021360893268e-05,1.183185759146e-05,94976.7580833748,26.641525314206,1540
"4633",111185,-21.2877559661865,-44.8494300842285,0.0007669153528695,1.66720728884684e-05,1.14293407023069e-05,95156.3662697647,48.1160368488603,885
"4634",111186,-21.2804279327393,-44.8152809143066,0.0007296486764971,1.58619277499383e-05,1.14745525934268e-05,95475.9600691893,11.7105423571004,679
"4635",111187,-21.2731151580811,-44.7811241149902,0.000582855882385,1.26707800518489e-05,1.14385939014028e-05,95934.1889056945,68.194336992515,838
"4636",111189,-21.2585315704346,-44.712760925293,0.0005559361470659,1.20855684144772e-05,9.78151729214005e-06,97259.106208221,5.45366831606991,1050
"4637",111192,-21.2367534637451,-44.6100845336914,0.0006480588854174,1.4088236639509e-05,1.12972393253585e-05,100224.839743656,268.684824381955,1494
"4638",111193,-21.2295169830322,-44.575813293457,0.0003256887512179,7.08019024386886e-06,1.08003723653383e-05,101460.521000675,106.215069369539,859
"4639",111194,-21.2222957611084,-44.5415229797363,0.000642931623588,1.39767744258279e-05,1.18486113933614e-05,102813.177308097,6.11822831066066,985
"4640",111195,-21.2150840759277,-44.5072021484375,0.000447512804385,9.72853922576178e-06,9.38349330681376e-06,100051.340303072,5.19927612773643,934
"4641",111196,-21.2078838348389,-44.4728584289551,9.65182334766723e-05,2.09822246688418e-06,9.70581004366977e-06,97265.4554462042,3.88931839321264,687
"4642",111197,-21.2006950378418,-44.4384803771973,0.0003500726770653,7.61027558837668e-06,1.04589453258086e-05,94537.5376507436,12.7016435072713,1694
"4643",111198,-21.1935157775879,-44.4040756225586,2.33896962527069e-05,5.08471657667542e-07,1.04666469269432e-05,91873.3906492962,12.4596982266086,872
"4644",111199,-21.1863479614258,-44.3696403503418,0.000575211344767,1.25045944514568e-05,1.07306250356487e-05,89278.9993698202,30.2676306963924,119
"4645",111200,-21.1791896820068,-44.3351669311523,0.0006805050888942,1.47935888890061e-05,1.0336069863115e-05,86760.3982822289,47.7504826138952,854
"4646",111201,-21.1720409393311,-44.3006591796875,0.0003591728200262,7.80810478318017e-06,1.12598872874514e-05,84325.0391426949,548.628297282174,614
"4647",111203,-21.157772064209,-44.2315330505371,0.0005821311442559,1.265502487513e-05,1.03338943517883e-05,79735.7702001485,872.07161665616,583
"4648",111204,-21.1506519317627,-44.196907043457,0.0009803023058339,2.13109196920414e-05,1.0655797268555e-05,77599.2066248693,290.891951451776,978
"4649",111205,-21.1435394287109,-44.162239074707,0.0005822575330967,1.26577724586241e-05,1.16872242870159e-05,75580.6708140726,32.9269029346135,796
"4650",111207,-21.1293392181396,-44.0927696228027,0.0002287417328261,4.9726463657862e-06,1.1295758667984e-05,71939.3589659048,19.1435562981708,681
"4651",111208,-21.1222515106201,-44.0579681396484,0.0005012083147448,1.08958329292363e-05,9.9346161732683e-06,70338.431469229,58.1160363172759,695
"4652",111209,-21.1151695251465,-44.0231132507324,0.0008727349850232,1.89724996744189e-05,1.77288548002252e-05,68898.4161124289,347.598568963491,1020
"4653",111210,-21.1080951690674,-43.9882049560547,0.0010002341732615,2.174422115786e-05,1.74884025909705e-05,67630.669544921,108.664110708747,954
"4654",111211,-21.1010284423828,-43.9532470703125,0.000450315155831,9.78945990937063e-06,9.82169331109617e-06,66545.9350712744,7.26909616368376,885
"4655",111212,-21.0939674377441,-43.9182357788086,0.0006421942925953,1.39607454912039e-05,1.2008576959488e-05,65653.8937925876,6.90067237499385,1046
"4656",111213,-21.0869140625,-43.8831672668457,0.0005340854786481,1.16105538836564e-05,8.91079980647191e-06,64201.8059393213,6.86942420381901,772
"4657",111216,-21.0657844543457,-43.7775993347168,0.0004662216160795,1.01352525234688e-05,1.09265702121775e-05,59499.178945998,84.7003190313991,644
"4658",111217,-21.0587520599365,-43.7422828674316,0.0012779117532772,2.77806902886368e-05,1.31824381242041e-05,58326.8470355024,56.5582551076397,948
"4659",111218,-21.0517234802246,-43.7069053649902,0.0006360414445225,1.38269879244035e-05,9.94631136563839e-06,57375.9047812817,24.5899656824489,1443
"4660",111219,-21.0447006225586,-43.671459197998,0.0004528455683612,9.84446887741797e-06,9.62593549047597e-06,56658.9646343187,34.668151731376,1000
"4661",111220,-21.0376815795898,-43.6359405517578,0.0002941346119769,6.39423069515033e-06,1.03205456980504e-05,56186.1924519567,45.0755438052447,957
"4662",111221,-21.0306663513184,-43.6003532409668,0.0006712608392263,1.45926269397023e-05,1.10956470962265e-05,55965.171967462,78.8197038676197,912
"4663",111222,-21.0236530303955,-43.5646896362305,0.0010329090146115,2.24545437959023e-05,1.23474292195169e-05,56000.2662310389,101.934049868925,970
"4664",111224,-21.0096397399902,-43.4931411743164,0.0001659937211115,3.60855915459979e-06,9.75618968368508e-06,56840.0789726028,26.6741284176927,1727
"4665",111225,-21.0026378631592,-43.4572448730469,0.0003619867602537,7.86927739682142e-06,8.84180371940602e-06,57636.8244678075,20.9040739166432,920
"4666",111226,-20.9956378936768,-43.421272277832,0.0001930031439769,4.1957205212384e-06,8.697898920218e-06,58673.9683117646,70.1932717985788,872
"4667",111227,-20.988639831543,-43.3852157592773,0.0003204897602699,6.96716870152159e-06,9.41399321163772e-06,59940.9320133289,47.7199162583373,643
"4668",111228,-20.9816436767578,-43.3490715026855,0.0001582118752594,3.43938859259652e-06,8.76406011229847e-06,61425.3119893297,12.5752416739977,1246
"4669",111229,-20.9746494293213,-43.3128433227539,0.0010317231099179,2.24287632590858e-05,1.48840445035603e-05,63113.1327914583,17.1938029632203,888
"4670",111230,-20.9676551818848,-43.2765235900879,0.0002905166320488,6.31557895758306e-06,9.33200226427289e-06,64990.4250183949,11.6790231113015,918
"4671",111231,-20.9606647491455,-43.2401123046875,0.0003574176844267,7.76994966145139e-06,8.82070708030369e-06,67043.173874642,13.9099532272191,616
"4672",111232,-20.9536724090576,-43.2036056518555,0.0002153451014237,4.68141524834209e-06,9.38458015298238e-06,69257.1858961181,11.9768072470646,922
"4673",111233,-20.9466819763184,-43.1670074462891,0.0002475320843586,5.38113226866699e-06,8.61476655700244e-06,71619.0487264717,12.1222696484495,840
"4674",111234,-20.9396896362305,-43.1303100585938,0.0004325861191318,9.40404606808443e-06,9.14691190700978e-06,74116.4542451145,49.772928583467,649
"4675",111235,-20.9326992034912,-43.0935134887695,0.0005240282152954,1.13919177238131e-05,9.3126718638814e-06,76737.9513721674,89.6860735485733,975
"4676",111236,-20.9257068634033,-43.0566101074219,0.000363984841897,7.91271395428339e-06,7.94219249655725e-06,79473.1692655946,16.7993569579472,712
"4677",111237,-20.9187145233154,-43.0196075439453,0.0006109086407377,1.3280622624734e-05,8.03056354925502e-06,82311.7562021925,10.5484392204521,907
"4678",111238,-20.9117221832275,-42.9824981689453,0.0001517903410785,3.29979002344771e-06,7.36721494831727e-06,85245.4660031707,47.3773299723069,1154
"4679",111239,-20.904727935791,-42.9452781677246,1.6663125705918e-06,3.6224186317213e-08,7.35312778488151e-06,88261.0282390811,30.4920312973367,707
"4680",111240,-20.8977298736572,-42.9079437255859,0.0001352509848402,2.9402388008748e-06,7.87123281043023e-06,84405.6573140984,60.7353092371949,782
"4681",111241,-20.8907318115234,-42.8705024719238,0.0007354283407039,1.59875726239989e-05,1.20271552077611e-05,80549.4358900092,91.4619214185552,956
"4682",111243,-20.8767280578613,-42.7952613830566,0.0001010478572425,2.19669254875043e-06,9.04103308130288e-06,72837.0739486011,140.714557486774,977
"4683",111244,-20.869722366333,-42.7574615478516,0.0003008478006449,6.54016957923886e-06,9.06212062545819e-06,68985.1706581565,17.1012243763595,1005
"4684",111245,-20.8627128601074,-42.719539642334,0.0004659253281715,1.01288114819909e-05,1.01430232462008e-05,65139.491540106,18.0583195945119,656
"4685",111246,-20.8556995391846,-42.6814918518066,0.0002413434449408,5.24659662914928e-06,8.02012618805747e-06,61303.3169278634,69.6871996541681,833
"4686",111247,-20.8486824035645,-42.6433143615723,0.0002444034062136,5.3131175263843e-06,7.8267948993016e-06,57480.9164689256,386.374838615679,915
"4687",111248,-20.8416614532471,-42.6050071716309,0.0008249604215961,1.79339222086128e-05,1.15275252028368e-05,53678.2297166691,23.2714050623042,1435
"4688",111249,-20.8346347808838,-42.5665664672852,0.0004051526284456,8.80766583577497e-06,9.4798006102792e-06,49902.5512868416,17.3132995341507,47
"4689",111250,-20.8276042938232,-42.5279922485352,0.0003135328934149,6.81593246554257e-06,8.69949690240901e-06,46164.2541383603,21.6355314375411,890
"4690",111530,-21.8476505279541,-47.4697914123535,0.001446115093131,3.14372846332844e-05,1.66521876963088e-05,250.170249559008,1225.05735548878,916
"4691",111531,-21.8381004333496,-47.4318237304688,0.0022393085309886,4.86806202388834e-05,1.71086903719697e-05,4142.28526938423,252.243098604346,792
"4692",111532,-21.8285999298096,-47.3939819335938,0.0007816226461727,1.69917966559296e-05,1.48411299960571e-05,8203.84167273416,3.40922477961343,807
"4693",111533,-21.819149017334,-47.3562622070312,0.0007084158532961,1.54003446368733e-05,1.59554747369839e-05,12254.0957493704,4.04156633352377,922
"4694",111534,-21.8097476959229,-47.318660736084,0.0007874311777413,1.71180690813344e-05,2.06168297154363e-05,16291.6671356477,7.23818510488039,687
"4695",111535,-21.8003959655762,-47.281177520752,0.0013131463347235,2.85466594505124e-05,1.72861127794022e-05,20316.2008540622,377.01317527749,551
"4696",111536,-21.7910900115967,-47.2438125610352,0.0017922053084475,3.8960984966252e-05,3.37252968165558e-05,24327.6924326931,286.021977487676,961
"4697",111537,-21.781831741333,-47.2065582275391,0.0014966625967645,3.25361434079241e-05,1.87211571756052e-05,28326.7955649475,4.21548600526087,790
"4698",111538,-21.7726192474365,-47.1694107055664,0.0005691913283953,1.23737245303346e-05,1.30340959003661e-05,32313.9237396412,4.76500514673506,908
"4699",111540,-21.7543334960938,-47.0954437255859,0.0019992937377537,4.3462907342473e-05,1.64514185598819e-05,40251.3876410482,315.42128901979,1672
"4700",111542,-21.7362232208252,-47.0218925476074,0.0004859829568886,1.0564846888883e-05,1.30285116028972e-05,42872.2669769225,34.8194045423773,958
"4701",111545,-21.7093772888184,-46.9123001098633,0.0003239295992898,7.04194781064871e-06,1.28972778838943e-05,38873.2040753846,12.3806517690021,675
"4702",111546,-21.700511932373,-46.8759574890137,0.0003398566432224,7.38818789614015e-06,1.41339278343366e-05,38262.7637980189,46.6170918706952,890
"4703",111548,-21.6829013824463,-46.8035430908203,0.0008465025857731,1.84022301255027e-05,1.50825580931269e-05,36908.7021445752,90.1995490474296,1342
"4704",111549,-21.6741561889648,-46.7674674987793,0.001614059881831,3.50882583006751e-05,2.85286514554173e-05,34209.4574653753,39.4618424801511,817
"4705",111552,-21.6481456756592,-46.6597328186035,0.0006572813381353,1.42887247420731e-05,1.83475403900957e-05,27829.4583801231,16.5953665899433,848
"4706",111555,-21.6224689483643,-46.5527000427246,2.78415441812285e-06,6.0525096046149e-08,1.28781430248637e-05,25382.702124869,29.5840614043184,648
"4707",111556,-21.6139812469482,-46.5171699523926,0.0004906915582978,1.06672077890835e-05,1.26222212202265e-05,25670.4132816052,29.3611110958807,885
"4708",111558,-21.5971088409424,-46.4463195800781,0.0008761615827097,1.9046990928473e-05,1.29625941553968e-05,27827.3783244332,7.48056079956477,869
"4709",111559,-21.5887222290039,-46.4109954833984,0.0009201317625411,2.00028644030681e-05,1.25156411741045e-05,29575.7184152101,8.08089449792452,644
"4710",111560,-21.5803699493408,-46.375732421875,0.0005035789945395,1.09473694465123e-05,1.42881708597997e-05,31674.9258050041,9.49664073136605,875
"4711",111561,-21.5720481872559,-46.3405380249023,0.0014066016155993,3.05782959912904e-05,1.49336528920685e-05,34057.8457926833,17.8202904696109,567
"4712",111562,-21.5637607574463,-46.3054008483887,0.0008335522688867,1.81207014975371e-05,1.33285666379379e-05,36667.0930421061,10.1078716434066,930
"4713",111563,-21.5555038452148,-46.270320892334,0.000851017608511,1.8500382793718e-05,1.50099913298618e-05,37658.279428079,7.46635431304268,796
"4714",111565,-21.5390815734863,-46.2003364562988,0.0007694937521591,1.67281250469387e-05,1.1597450793488e-05,30539.1432543986,65.6379565926854,894
"4715",111566,-21.5309162139893,-46.1654281616211,0.0004621957486961,1.00477336673066e-05,1.07127061710344e-05,27063.9618244733,115.114904825994,668
"4716",111567,-21.5227813720703,-46.1305694580078,0.0009913087196764,2.15501895581838e-05,1.74136512214318e-05,23673.647118455,3.26505638528054,1117
"4717",111568,-21.5146732330322,-46.095760345459,0.0001595608387106,3.46871388501313e-06,1.15173688755021e-05,20407.0482867818,3.72728993559599,876
"4718",111569,-21.5065956115723,-46.0609970092773,0.0004624644661817,1.00535753517761e-05,1.21322336781304e-05,17330.6551620214,4.5065277188107,1041
"4719",111570,-21.4985446929932,-46.0262832641602,0.0004391145776025,9.54596907831728e-06,1.2865775715909e-05,14561.1637604125,5.52329601542315,624
"4720",111572,-21.4825267791748,-45.9569892883301,0.0003090968793912,6.71949737807154e-06,1.16037763291388e-05,10871.7957489612,5.24647939026169,768
"4721",111573,-21.4745597839355,-45.9224014282227,0.0003596121896407,7.81765629653819e-06,9.93416779238032e-06,10604.8020477851,6.23314629912756,1188
"4722",111574,-21.4666156768799,-45.8878593444824,3.19952607696905e-05,6.95549147167185e-07,1.06451589090284e-05,11576.8289012588,7.94035397815626,845
"4723",111575,-21.4587001800537,-45.8533515930176,0.0001475508238399,3.20762660521723e-06,1.12479374365648e-05,13520.345057488,9.23040268102901,929
"4724",111576,-21.4508094787598,-45.8188781738281,0.0007255800519487,1.57734793901909e-05,1.22151177492924e-05,16083.9238285664,9.46066360647614,1006
"4725",111577,-21.4429416656494,-45.7844429016113,0.0012712928437395,2.76368009508587e-05,1.30679609355866e-05,19015.6192704024,8.89031247910806,1473
"4726",111578,-21.4351005554199,-45.7500381469727,0.0001792747052604,3.89727620131453e-06,1.166574202216e-05,22168.5312646147,8.6051014998534,928
"4727",111581,-21.4117183685303,-45.6470069885254,0.0012180164121673,2.64786176558118e-05,1.25732221931685e-05,32277.5694484146,31.7517608315392,945
"4728",111582,-21.4039707183838,-45.612720489502,0.0003335345027153,7.25075005902909e-06,9.92632703855634e-06,35758.6404744571,18.8215934066163,924
"4729",111583,-21.3962459564209,-45.5784568786621,0.0008405960725212,1.82738276635064e-05,1.27563853311585e-05,39269.8916593738,8.99709567817271,937
"4730",111584,-21.388542175293,-45.5442161560059,0.0002989026843351,6.49788444206933e-06,1.11657700472279e-05,42803.1498290448,431.681461705196,865
"4731",111585,-21.3808612823486,-45.5099945068359,0.0003833660957752,8.33404556033202e-06,1.24785319712828e-05,46353.101556965,757.540099290553,124
"4732",111586,-21.3732013702393,-45.4757919311523,0.0004886843980784,1.06235738712712e-05,1.13854139272007e-05,49915.6380727901,227.575871425706,914
"4733",111587,-21.3655624389648,-45.4416122436523,0.0006584890397789,1.43149791256292e-05,1.1676778740366e-05,53487.3443287338,48.5480112981117,731
"4734",111588,-21.3579425811768,-45.4074440002441,0.0012940406595589,2.81313186860643e-05,1.24826401588507e-05,57067.1485668222,11.3809502782819,802
"4735",111589,-21.3503456115723,-45.3732948303223,0.0007075669018377,1.5381889170385e-05,1.27736329886829e-05,60652.5034597425,10.9296830589018,646
"4736",111590,-21.3427658081055,-45.3391571044922,0.0013165551936253,2.86207650788128e-05,1.35968721224344e-05,64242.8875581626,11.1424939507845,912
"4737",111591,-21.3352069854736,-45.3050270080566,0.0013619966048281,2.96086218440905e-05,1.40765032483614e-05,67837.605392952,10.9097002436192,540
"4738",111593,-21.3201446533203,-45.2368049621582,0.0012254626017238,2.66404913418228e-05,1.33189623738872e-05,75035.2944878216,8.56856448232293,933
"4739",111594,-21.3126411437988,-45.2027015686035,0.0003787796158576,8.23433947516605e-06,1.14662179839797e-05,78638.2043349063,8.02002358011668,817
"4740",111595,-21.305154800415,-45.1686058044434,0.0009198640073009,1.99970436369767e-05,1.26774175441824e-05,82242.9285076493,9.90717837497548,1011
"4741",111596,-21.2976875305176,-45.1345100402832,0.0003801512339123,8.26415725896368e-06,1.14973190648016e-05,85849.8477221068,11.8951967138776,801
"4742",111598,-21.2828025817871,-45.0663299560547,0.0009348253333882,2.03222898562672e-05,1.1095358786406e-05,90643.0098369703,7.29264696728248,1001
"4743",111599,-21.2753849029541,-45.0322380065918,0.0007446903291565,1.61889201990562e-05,9.71773806668352e-06,90092.5234980972,498.599869769946,908
"4744",111600,-21.2679843902588,-44.9981422424316,0.0009986414479499,2.17095966945635e-05,1.10338869490079e-05,89687.7589539576,979.496735902567,708
"4745",111601,-21.2605972290039,-44.964038848877,0.0010323878959752,2.2443215129897e-05,1.16628425530507e-05,89430.3416760385,767.614062174514,1405
"4746",111602,-21.2532272338867,-44.9299354553223,0.0004571957961161,9.93903904600302e-06,1.07735368146678e-05,89321.8415155599,13.1390257192954,981
"4747",111603,-21.2458724975586,-44.8958206176758,0.0011572005787456,2.51565343205584e-05,1.26573268062202e-05,89362.8470999363,7.35395828831631,954
"4748",111605,-21.2312068939209,-44.8275604248047,0.000630046823062,1.36966700665653e-05,1.18518228191533e-05,89891.8555097966,13.2339990430069,1038
"4749",111606,-21.2238960266113,-44.7934150695801,0.0013979394825582,3.03899887512671e-05,1.32761142594973e-05,90377.4020801494,4.49402253354361,672
"4750",111607,-21.2165985107422,-44.7592544555664,0.0004720501456176,1.0261959687341e-05,1.07936539279763e-05,91007.5958005304,4.21339165611394,836
"4751",111608,-21.2093143463135,-44.7250747680664,0.0007328977189899,1.5932559108478e-05,1.15276625365368e-05,91779.776037832,4.41353872960474,880
"4752",111609,-21.2020435333252,-44.6908798217773,0.0003385399568287,7.35956427888595e-06,1.01310606623883e-05,92690.3941650112,4.43815617160043,1682
"4753",111611,-21.1875400543213,-44.6224327087402,0.0002961033242172,6.43702878733166e-06,1.06552806755644e-05,94911.4214734955,6.66895497922599,920
"4754",111612,-21.180305480957,-44.5881767272949,0.0002561071132731,5.56754594072117e-06,1.03122220025398e-05,96213.0201320511,6.33758103293005,712
"4755",111614,-21.1658744812012,-44.519588470459,0.0006888126135891,1.49741872519371e-05,1.05903372968896e-05,96612.1806959184,9.3834956462631,864
"4756",111616,-21.1514892578125,-44.4508895874023,0.0006907310380483,1.50158921314869e-05,1.12600337160984e-05,90887.1950279102,26.1181480324137,883
"4757",111617,-21.1443119049072,-44.4164962768555,0.0010033360340457,2.18116529140389e-05,1.24375592349679e-05,88110.9876460707,3.81064753659557,828
"4758",111619,-21.1299896240234,-44.3476104736328,0.0001356887332804,2.94975507131312e-06,9.581324775354e-06,82761.4293406629,7.11466110154437,702
"4759",111620,-21.1228427886963,-44.3131141662598,0.000342331705724,7.44199360269704e-06,9.97169172478607e-06,80202.0707622972,8.29164657483772,892
"4760",111622,-21.1085758209229,-44.244010925293,0.0007771794153086,1.68952046806226e-05,9.64014816418057e-06,75355.5032618817,865.306221683081,543
"4761",111623,-21.1014575958252,-44.2093963623047,0.0009558826932334,2.07800585485529e-05,1.17609206427005e-05,73087.2689866887,732.309956360437,923
"4762",111624,-21.0943470001221,-44.1747436523438,0.0003656906101241,7.94979587226408e-06,9.54039569478482e-06,70936.4920777402,176.61815466571,623
"4763",111625,-21.0872440338135,-44.1400413513184,0.0001392867884533,3.02797366202867e-06,9.13265284907538e-06,68914.3619203716,48.2054048642571,995
"4764",111629,-21.0589122772217,-44.0007667541504,0.000359878731615,7.82345068728318e-06,1.02602180049871e-05,62369.2097482381,8.2000388822282,1109
"4765",111630,-21.0518455505371,-43.9658203125,0.0004562471476674,9.91841625364032e-06,1.04654382084846e-05,61184.2940881371,8.2784537906984,1145
"4766",111631,-21.0447864532471,-43.9308204650879,0.0006808746329625,1.48016224557068e-05,1.21524608402979e-05,60205.6685509281,7.3097761413957,897
"4767",111633,-21.0306873321533,-43.8606452941895,0.0007370587190962,1.6023015632527e-05,1.04841310530901e-05,57541.8960339287,7.73410840648236,812
"4768",111634,-21.023645401001,-43.8254699707031,0.0015017491095932,3.26467197737657e-05,1.77272304426879e-05,55822.7485217901,9.51460567065523,982
"4769",111635,-21.0166110992432,-43.7902336120605,0.0004687392265623,1.01899831861374e-05,1.00502520581358e-05,54305.7548025213,30.0750482328772,864
"4770",111636,-21.0095806121826,-43.7549285888672,0.0008170106011675,1.77611000253819e-05,1.15944940262125e-05,53009.0372116136,49.2421686738421,1010
"4771",111637,-21.0025539398193,-43.7195625305176,0.0009747953336045,2.1191202904447e-05,1.14015083454433e-05,51950.6140816368,40.4338843138537,1032
"4772",111638,-20.995532989502,-43.6841278076172,0.0005690658181265,1.23709960462293e-05,1.11500194179825e-05,51146.8599277455,51.4276897492719,660
"4773",111639,-20.9885158538818,-43.6486206054688,0.0011665453203022,2.53596808761358e-05,1.41495884236065e-05,50611.2620640972,31.9694944841392,823
"4774",111640,-20.981502532959,-43.6130447387695,0.0004683223651227,1.01809209809289e-05,1.06833431345876e-05,50353.9389886639,33.5433752563283,1283
"4775",111641,-20.9744930267334,-43.5773963928223,0.0003813504845311,8.29022792459e-06,1.17676936497446e-05,50380.7994612934,41.6895500697237,775
"4776",111642,-20.9674854278564,-43.5416717529297,0.0008827949677652,1.91911949514179e-05,1.133936621045e-05,50692.9441031231,34.9505962433658,1313
"4777",111643,-20.9604835510254,-43.5058708190918,0.00087221369904,1.89611673704349e-05,1.01550467661582e-05,51287.260606009,25.2205242365611,831
"4778",111644,-20.9534816741943,-43.4699859619141,0.0006303236150415,1.37026872835122e-05,1.06216939457227e-05,52155.5593530008,18.0913079485758,722
"4779",111645,-20.9464836120605,-43.434024810791,0.0004958515783073,1.0779382137116e-05,1.12716579678818e-05,53286.2283597909,18.5147903934716,842
"4780",111647,-20.9324951171875,-43.3618507385254,0.0004812888728338,1.04628015833441e-05,8.90469618752832e-06,56275.151714422,18.9433944057061,881
"4781",111650,-20.9115219116211,-43.2529258728027,0.000102493651866,2.2281228666543e-06,9.53610833676066e-06,62320.4129672137,9.74571755727976,578
"4782",111651,-20.9045314788818,-43.2164344787598,0.0006462138426286,1.40481270136661e-05,9.48649721976835e-06,64682.9429350123,8.5445262198471,807
"4783",111652,-20.8975429534912,-43.1798439025879,0.000415049113144,9.02280680747936e-06,9.21184619073756e-06,67193.1914368117,8.57044321842986,948
"4784",111653,-20.8905544281006,-43.1431617736816,0.0002686794141482,5.8408568293089e-06,9.23426887311507e-06,69836.1288173012,10.5304263657353,1082
"4785",111654,-20.88356590271,-43.106372833252,0.000243982005486,5.3039566410007e-06,8.08450568001717e-06,72600.0977567606,118.746463912276,613
"4786",111655,-20.8765773773193,-43.0694885253906,0.0004943092244502,1.07458527054405e-05,7.95541382103693e-06,75472.4563032741,19.2643945773187,861
"4787",111656,-20.8695869445801,-43.0324935913086,0.0002412375142739,5.24429378856439e-06,8.06576463219244e-06,78444.0401821586,13.336617178409,670
"4788",111657,-20.8625965118408,-42.9953956604004,0.0001233956404576,2.68251392299135e-06,7.2254160841112e-06,81505.0103942349,94.9030099944998,740
"4789",111658,-20.8556041717529,-42.9581909179688,0.0002062534304059,4.48377022621571e-06,7.21116794011323e-06,84647.3976628167,102.279728679029,956
"4790",111659,-20.8486099243164,-42.9208717346191,3.42153151677849e-05,7.43811199299671e-07,8.0665149653214e-06,83571.1483223629,32.4250299365476,925
"4791",111660,-20.8416137695312,-42.8834381103516,0.0004361447536211,9.48140768741723e-06,9.45164356380701e-06,79663.2656844859,32.9516618963926,631
"4792",111661,-20.8346157073975,-42.845890045166,0.0005403401992225,1.17465260700556e-05,8.74521447258303e-06,75749.7054753294,75.9046234218345,943
"4793",111662,-20.827615737915,-42.8082237243652,0.0002778892321657,6.04107026447309e-06,8.04979936219752e-06,71831.1108998077,127.058011128608,997
"4794",111663,-20.8206119537354,-42.770435333252,0.000294054850201,6.3924967435014e-06,8.37487732496811e-06,67908.2886115846,26.8059941110297,818
"4795",111664,-20.8136043548584,-42.7325286865234,0.0003702828635141,8.04962746769888e-06,9.17092074814718e-06,63983.1675972876,22.6193164571506,1388
"4796",111666,-20.7995796203613,-42.6563262939453,0.0002756881376626,5.99322038397077e-06,8.3157246990595e-06,56131.3543655094,49.7453111810229,953
"4797",111668,-20.7855377197266,-42.5796051025391,0.0001571045609125,3.41531654157734e-06,9.17515626497334e-06,48298.5270548058,18.1225411200415,902
"4798",111949,-21.7984466552734,-47.4810981750488,0.0005849480967299,1.27162629723898e-05,1.35510381369386e-05,5839.13738728072,114.179593056725,818
"4799",111950,-21.7888965606689,-47.4431419372559,0.0005510189475899,1.19786727736937e-05,1.29719282995211e-05,7317.93126090459,28.4803342894535,1341
"4800",111951,-21.7793960571289,-47.4053153991699,0.0001458566548535,3.17079684464261e-06,1.25823999042041e-05,10295.80966279,5.43090857652652,94
"4801",111952,-21.7699451446533,-47.3676071166992,0.0006431103502109,1.39806597871939e-05,1.51242320498568e-05,13824.7497232051,21.8449658422146,940
"4802",111953,-21.7605438232422,-47.330020904541,0.0015669180575059,3.40634360327385e-05,2.26887987082591e-05,17566.3886172232,9.32204959585453,726
"4803",111954,-21.7511901855469,-47.292552947998,0.0001214169396916,2.63949868894997e-06,2.01035145437345e-05,21402.2194003627,171.189242842224,803
"4804",111955,-21.741886138916,-47.255199432373,0.0004528284989646,9.84409780357964e-06,1.8249224012834e-05,25283.3549122277,224.941496305903,642
"4805",111956,-21.7326278686523,-47.2179565429688,0.0009166871750494,1.99279820662923e-05,1.37864390126197e-05,29186.9599977791,6.26795015569324,906
"4806",111957,-21.7234153747559,-47.1808280944824,0.0023653395837754,5.14204257342499e-05,1.80288934643613e-05,33100.2361419726,3.79861413836634,926
"4807",111958,-21.7142486572266,-47.1438026428223,0.0008243244192271,1.79200960701564e-05,1.41400587381213e-05,34872.2445541601,3.16252554207247,532
"4808",111959,-21.7051277160645,-47.1068878173828,0.0001548643699607,3.36661673827621e-06,1.3635461073136e-05,36648.6662740375,5.34627384321655,814
"4809",111960,-21.6960506439209,-47.0700721740723,1.09734200037792e-06,2.38552608777809e-08,1.38751602207776e-05,38745.348678335,4.27053715146646,813
"4810",111961,-21.6870174407959,-47.0333595275879,0.0010370700147177,2.25450003199512e-05,1.45313088069088e-05,37876.5267923199,3.38631129729016,902
"4811",111963,-21.6690807342529,-46.9602317810059,2.33957338195978e-05,5.08602909121691e-07,1.36052785819629e-05,34487.2520891876,19.6282414028264,885
"4812",111964,-21.6601734161377,-46.9238090515137,0.0008957303907664,1.94723997992696e-05,1.26650757010793e-05,33366.3760769936,26.2952973329109,683
"4813",111965,-21.6513080596924,-46.8874816894531,0.0006011790846969,1.30691105368896e-05,1.31560618683579e-05,32680.0599731073,57.158542412179,778
"4814",111966,-21.6424827575684,-46.8512420654297,0.0010020200170402,2.17830438486999e-05,2.75078182312427e-05,32452.0075801787,24.002342169139,911
"4815",111967,-21.6336975097656,-46.8150901794434,0.0005003252244932,1.08766353150713e-05,2.14364499697695e-05,32688.2697264838,15.0121040975546,1171
"4816",111970,-21.6075763702393,-46.707145690918,0.0005079039110569,1.10413893708028e-05,1.3183161172492e-05,31739.3369615848,14.1206172633659,997
"4817",111971,-21.5989437103271,-46.671329498291,0.0019506817698129,4.24061254307162e-05,1.76435587491142e-05,31326.6672229605,18.2559793277191,656
"4818",111972,-21.5817909240723,-46.599925994873,0.001449238625355,3.15051875077188e-05,1.90993778232951e-05,31185.0290736302,14.1464980809928,1070
"4819",111973,-21.5732669830322,-46.5643348693848,0.0009003743543871,1.95733555301558e-05,1.9158755094395e-05,30979.9155056879,9.17912983008526,786
"4820",111974,-21.5647792816162,-46.5288200378418,0.0005387862984207,1.17127456178423e-05,1.34552001327393e-05,31238.9759057428,26.212587338409,1162
"4821",111975,-21.5563278198242,-46.4933700561523,0.0005306440289132,1.15357397589833e-05,1.06463676274871e-05,31947.8226820624,19.3649717989983,1527
"4822",111976,-21.547908782959,-46.4579925537109,1.8511846860747e-05,4.02431453494501e-07,1.17309109555208e-05,33075.3011685744,10.4440772810862,796
"4823",111977,-21.5395221710205,-46.422679901123,0.000502015094753,1.09133716250653e-05,1.37674860525294e-05,34577.9665430858,10.7205020122,900
"4824",111982,-21.4980812072754,-46.2470512390137,0.0004106659180251,8.92751995706931e-06,1.23095569506404e-05,32640.5222079913,5.23188829227016,693
"4825",111983,-21.4898853302002,-46.212100982666,0.000503730318087,1.09506590888486e-05,1.09624288597843e-05,28949.6610559125,64.5441513456066,859
"4826",111984,-21.4817199707031,-46.1772003173828,0.0001985133376365,4.31550733992481e-06,1.12040488602361e-05,25278.866406267,2.86079458709009,831
"4827",111985,-21.4735851287842,-46.1423530578613,0.0004034077010146,8.76973263075342e-06,1.1927065315831e-05,21635.6959107579,3.50327045554164,885
"4828",111987,-21.4574012756348,-46.0728073120117,0.0006919440947967,1.50422629303648e-05,1.24526713989326e-05,14495.0714520812,5.79698994006518,868
"4829",111988,-21.4493522644043,-46.0381050109863,0.0005713499795092,1.2420651728462e-05,1.30277103380649e-05,11079.9333446076,7.8564308707288,884
"4830",111989,-21.4413299560547,-46.0034484863281,0.0008760000091569,1.90434784599347e-05,1.22116316561005e-05,7938.89486079612,267.504899465072,943
"4831",111990,-21.4333343505859,-45.9688339233398,0.0003877572398778,8.4295052147354e-06,1.10228929770528e-05,5547.17783174974,947.595575713405,591
"4832",111992,-21.4174251556396,-45.899730682373,0.0006392874747689,1.38975537993247e-05,1.11812150862534e-05,6948.14495079647,114.052649379781,615
"4833",111993,-21.4095096588135,-45.865234375,0.0010682532920327,2.32228976528859e-05,1.18110929179238e-05,9890.98206045831,20.4957761740014,840
"4834",111994,-21.4016189575195,-45.8307762145996,0.000738832179195,1.60615691129351e-05,1.17377494461834e-05,13208.0946043234,60.7703692978219,741
"4835",111995,-21.3937530517578,-45.7963523864746,0.0005756151531386,1.25133728943183e-05,1.17327708721859e-05,16675.0480539975,76.5875053470871,939
"4836",111996,-21.3859119415283,-45.7619590759277,0.0002052470472335,4.46189233116456e-06,1.0752386515378e-05,20213.0440899305,29.0260643154285,994
"4837",111997,-21.3780956268311,-45.7276000976562,0.0004470565745577,9.71862118603894e-06,1.10471246443922e-05,23788.2856625678,10.6855077760693,1064
"4838",111998,-21.3703022003174,-45.6932678222656,0.0011262878178968,2.44845177803654e-05,1.27393959701294e-05,27385.3391362016,12.4917767009215,882
"4839",111999,-21.3625335693359,-45.6589660644531,0.0001838184907683,3.99605414713733e-06,1.12049074232345e-05,30995.0323870262,20.9635738068809,637
"4840",112000,-21.3547859191895,-45.6246871948242,0.0005823124229209,1.26589657156728e-05,1.11283388832817e-05,34613.0570940151,13.8169734313915,994
"4841",112001,-21.3470611572266,-45.5904350280762,0.0006155247410788,1.33809726321488e-05,1.29345553432358e-05,38235.8118135829,12.337611948518,1091
"4842",112002,-21.3393592834473,-45.5562057495117,0.0007221311134344,1.56985024659662e-05,1.23317067846074e-05,41861.5995200023,195.500693924534,1013
"4843",112003,-21.3316783905029,-45.5219993591309,0.0011405965742596,2.47955777012976e-05,1.35426480483147e-05,45489.0228155513,565.37443516913,648
"4844",112004,-21.3240203857422,-45.4878082275391,0.0007682948780711,1.67020625667647e-05,1.13737232823041e-05,49117.8380106247,286.851926534693,1010
"4845",112005,-21.3163814544678,-45.4536399841309,0.001290471649554,2.80537315120455e-05,1.33264429678093e-05,52746.5931842655,11.2006729572606,467
"4846",112006,-21.3087635040283,-45.4194831848145,0.0001681329076745,3.65506321031717e-06,1.10844421215006e-05,56375.8983868677,10.8644027459369,889
"4847",112007,-21.3011665344238,-45.3853454589844,0.000703223660821,1.52874708874151e-05,1.17531217256328e-05,60004.5628735924,10.3361561315238,824
"4848",112008,-21.2935886383057,-45.3512191772461,0.0003119398334092,6.78130072628846e-06,1.2119267921662e-05,63633.0881938355,12.9927386202569,838
"4849",112009,-21.2860298156738,-45.3171043395996,0.0005441344164864,1.1829009054054e-05,1.21390430649626e-05,67261.2297901938,14.3755640805476,560
"4850",112010,-21.2784900665283,-45.2830009460449,0.0006344286375679,1.37919269036502e-05,1.24554708236246e-05,70888.7934171686,11.181010481232,766
"4851",112011,-21.2709693908691,-45.2489013671875,0.0010572734026936,2.29842044063844e-05,1.22757473945967e-05,74516.4028780631,18.5930903353148,848
"4852",112012,-21.2634658813477,-45.2148132324219,0.0012611442507477,2.74161793640815e-05,1.25987744468148e-05,78143.1869665097,20.7142172443822,948
"4853",112013,-21.2559814453125,-45.1807289123535,4.34117715713e-05,9.43734164593479e-07,1.17751478683203e-05,81769.7852920224,11.1957110496455,1011
"4854",112014,-21.2485160827637,-45.1466445922852,0.0009849168163782,2.14112351386575e-05,1.20432305266149e-05,85396.4998951455,21.7682722218172,623
"4855",112015,-21.2410659790039,-45.1125679016113,0.0017539780601509,3.81299578293692e-05,1.39080311782891e-05,85858.3139023448,9.24894073205612,680
"4856",112016,-21.2336330413818,-45.0784873962402,0.0009297776450694,2.02125575015089e-05,1.1656278729788e-05,85120.9649806129,8.46093249625977,871
"4857",112017,-21.2262153625488,-45.0444068908691,0.0008594279679527,1.8683216694626e-05,1.11553972601541e-05,84534.9440279908,689.008602247772,725
"4858",112018,-21.2188167572021,-45.0103225708008,0.0009332663285022,2.02883984457003e-05,1.17604577098973e-05,84103.8364839057,1283.28323392051,889
"4859",112019,-21.2114315032959,-44.9762344360352,0.001256470415683,2.73145742539782e-05,1.20278955364483e-05,83829.3937664402,798.697618713503,923
"4860",112020,-21.2040634155273,-44.942138671875,0.000484111264086,1.05241579149151e-05,1.05130166048184e-05,83713.6624940094,290.953359044911,781
"4861",112021,-21.1967086791992,-44.9080352783203,0.00070138690171,1.52475413415232e-05,1.16341570901568e-05,83756.9352648891,77.5212338535562,1145
"4862",112022,-21.1893692016602,-44.8739242553711,0.0001466043090658,3.18705019708432e-06,1.0802645192598e-05,83959.2251999677,43.5650982737178,980
"4863",112023,-21.1820449829102,-44.8398017883301,2.87242376373342e-06,6.24439948637701e-08,1.15482062028605e-05,84319.5727733192,3.87735311866352,821
"4864",112024,-21.1747360229492,-44.8056678771973,0.0002688066606424,5.84362305744435e-06,1.05496974356356e-05,84836.0637208792,2.05664148456192,1279
"4865",112025,-21.1674385070801,-44.7715187072754,7.53719626800375e-06,1.6385209278269e-07,1.18238021968864e-05,85505.7480692425,21.0960952412412,942
"4866",112026,-21.16015625,-44.7373504638672,0.0007251274619193,1.57636404765071e-05,1.20149743452203e-05,86325.7772384986,52.318591995591,145
"4867",112027,-21.1528873443604,-44.7031669616699,5.16168929607375e-05,1.12210636871168e-06,1.10775663415552e-05,87291.7292481577,22.9416929016127,695
"4868",112028,-21.1456298828125,-44.6689682006836,0.0009927534265443,2.15815962292254e-05,1.21323027997278e-05,88398.7900199048,5.46914559160318,879
"4869",112029,-21.1383857727051,-44.6347427368164,0.0003283326459495,7.13766621629475e-06,1.01656887636636e-05,89642.7226698085,6.51547782457638,653
"4870",112030,-21.1311531066895,-44.6004981994629,0.0009560661055729,2.07840457733255e-05,1.10244818642968e-05,91017.5637106935,6.9284033457354,967
"4871",112031,-21.1239337921143,-44.5662269592285,8.90916653588647e-05,1.93677533388836e-06,1.03876272987691e-05,92518.3269503552,7.8993340277504,748
"4872",112032,-21.1167240142822,-44.5319328308105,0.0006023036985425,1.3093558663968e-05,1.11304943857249e-05,93386.3722597466,6.12307634950352,527
"4873",112033,-21.1095275878906,-44.4976119995117,0.0009196994215017,1.999346568482e-05,1.17657427836093e-05,90392.8576368445,25.5975815420613,806
"4874",112035,-21.0951652526855,-44.4288787841797,0.001158641603979,2.51878609560663e-05,1.22736064440687e-05,84557.145477568,2.31415797335462,943
"4875",112036,-21.0880012512207,-44.3944625854492,6.90687127757883e-06,1.5014937559954e-07,1.08434069261421e-05,81726.4446239939,2.06677024860326,892
"4876",112037,-21.080846786499,-44.3600158691406,0.0008113447329378,1.76379289769102e-05,1.22115707199555e-05,78962.7723361337,6.27130885760828,635
"4877",112038,-21.0736999511719,-44.3255310058594,0.0009059373878699,1.96942910406506e-05,1.18646585178794e-05,76273.2106896811,11.5383155485638,888
"4878",112039,-21.0665645599365,-44.2910118103027,0.0006508291899081,1.41484606501763e-05,1.0923363333859e-05,73666.9954802256,34.9247037152787,742
"4879",112041,-21.0523204803467,-44.2218475341797,0.000326700154801,7.10217727828422e-06,1.03047668744694e-05,68742.4355298462,57.8977388442885,1041
"4880",112043,-21.0381107330322,-44.1525192260742,0.0004130168927076,8.97862810234074e-06,8.92516163730761e-06,64279.1846416268,7.16338437287939,853
"4881",112044,-21.0310173034668,-44.1177825927734,0.0006024495833116,1.30967300719931e-05,1.01735522548552e-05,62253.1866287146,4.98280026608792,995
"4882",112045,-21.0239334106445,-44.0830039978027,0.000632153596598,1.37424694912625e-05,1.36850148919621e-05,60384.5291646568,15.6243063995607,813
"4883",112046,-21.0168552398682,-44.0481719970703,0.0011634507391136,2.52924073720351e-05,1.75948098330991e-05,58688.3156538756,5.66288032484909,1036
"4884",112047,-21.0097846984863,-44.0132904052734,0.0004592224522639,9.9830967883463e-06,9.97841470962157e-06,57181.1966043182,7.37377026122895,1276
"4885",112048,-21.0027198791504,-43.9783554077148,0.0002247245465696,4.88531622977462e-06,8.78470837051282e-06,55879.1823877385,13.9620172621441,955
"4886",112049,-20.995662689209,-43.9433670043945,0.000271106971013,5.89362980463193e-06,8.43727048049914e-06,54798.1788867575,7.57725825018173,695
"4887",112050,-20.9886131286621,-43.9083213806152,0.0001773766762198,3.85601470043184e-06,1.20231343316846e-05,53952.560288775,7.87388364150002,816
"4888",112052,-20.9745273590088,-43.8380508422852,0.0002169769441024,4.71689008918474e-06,1.08848071249668e-05,50889.9070909284,107.075207156138,831
"4889",112053,-20.967493057251,-43.8028259277344,0.0005814355245092,1.26399027067237e-05,1.09355723907356e-05,49211.1479593064,253.894080136446,786
"4890",112055,-20.953441619873,-43.732177734375,0.0005226406992733,1.13617543320288e-05,1.23113795780228e-05,46577.5162099395,27.0531218442538,924
"4891",112056,-20.9464206695557,-43.6967544555664,0.0010011295635195,2.17636861634674e-05,1.11179306259146e-05,45667.2252693997,27.5676075398215,884
"4892",112057,-20.9394054412842,-43.661262512207,0.0006553739585797,1.42472599691246e-05,9.80817821982782e-06,45054.008349229,32.2239947647844,883
"4893",112059,-20.925386428833,-43.5900611877441,0.0011800060456153,2.56523053394631e-05,1.22112705867039e-05,44768.323932014,54.7796245937432,615
"4894",112060,-20.9183826446533,-43.5543479919434,0.0002753207481873,5.98523365624715e-06,9.97878305497579e-06,45105.5970780883,18.7057578640235,938
"4895",112061,-20.9113807678223,-43.5185585021973,0.00047967489445,1.04277150967391e-05,8.91036597749917e-06,45758.1001541193,17.5776519757504,599
"4896",112062,-20.9043827056885,-43.4826889038086,0.0005210979270486,1.13282158054062e-05,8.67755625222344e-06,46714.8775239881,13.3759346611673,712
"4897",112063,-20.8973865509033,-43.4467391967773,0.0010266233766742,2.23178994929185e-05,1.16696837721975e-05,47959.4574437318,15.7113987539562,829
"4898",112064,-20.8903942108154,-43.4107055664062,0.0003245765001338,7.05601087247487e-06,8.58284329297021e-06,49472.400217387,21.0969523377764,611
"4899",112065,-20.8834018707275,-43.374584197998,0.0006452902962337,1.40280499181245e-05,8.28584325063275e-06,51231.761315628,51.6681951650488,961
"4900",112066,-20.8764114379883,-43.33837890625,0.0002511920893084,5.46069759366219e-06,7.78967478254344e-06,53214.9004932512,96.7252514462026,955
"4901",112067,-20.8694229125977,-43.3020858764648,0.0004630797593563,1.00669512903551e-05,9.39523488341365e-06,55399.8461015855,15.08609312225,959
"4902",112068,-20.862434387207,-43.265697479248,1.57810414975756e-05,3.43066119512514e-07,1.00731704151258e-05,57765.955504067,23.5377269272944,621
"4903",112069,-20.855447769165,-43.2292175292969,0.0003570522821974,7.76200613472611e-06,8.64616959006526e-06,60293.5672208148,88.8990549692353,909
"4904",112070,-20.848461151123,-43.1926422119141,0.0002384559556958,5.18382512382232e-06,9.73698206507834e-06,62965.1515683404,6.92944476915477,929
"4905",112071,-20.8414745330811,-43.1559677124023,7.42823060591036e-05,1.6148327404153e-06,8.13208225736162e-06,65765.2156408772,8.75068217054714,835
"4906",112072,-20.8344879150391,-43.119197845459,5.47122638181463e-05,1.18939703952492e-06,8.4093426266918e-06,68679.4101411922,15.8104645663409,664
"4907",112073,-20.8275012969971,-43.0823211669922,0.0010031335441453,2.18072509596823e-05,1.35531090563745e-05,71696.45670781,17.3794345363866,1041
"4908",112074,-20.8205146789551,-43.0453414916992,0.0004432744062796,9.63640013651457e-06,7.60980901759467e-06,74805.2529403512,13.5249852769174,873
"4909",112075,-20.8135242462158,-43.0082550048828,5.73684637856786e-05,1.24714051707997e-06,6.86959674567333e-06,77996.6004765887,18.4176138471974,986
"4910",112076,-20.8065357208252,-42.9710578918457,0.0003046067286049,6.62188540445641e-06,7.81685685069533e-06,81262.9630298437,32.2253909321895,1236
"4911",112077,-20.7995433807373,-42.9337539672852,0.0003860785818687,8.39301264932146e-06,9.96193466562545e-06,83106.432657384,25.869891228156,1450
"4912",112078,-20.7925491333008,-42.8963317871094,0.0001377160378979,2.99382691082428e-06,7.88191664469196e-06,79164.8146576976,885.561503057423,844
"4913",112079,-20.7855548858643,-42.8587989807129,1.3889410865886e-05,3.01943714475783e-07,9.36353444558335e-06,75214.0760357398,277.64670022764,825
"4914",112080,-20.7785549163818,-42.8211441040039,0.0008187484163499,1.77988786163041e-05,1.12774832814466e-05,71253.2576440673,171.346257710883,108
"4915",112082,-20.7645492553711,-42.7454719543457,0.0004581571211019,9.95993741526036e-06,9.05910837900592e-06,63304.061560355,44.1240731096123,880
"4916",112083,-20.7575416564941,-42.707447052002,0.0003901327727362,8.48114723339677e-06,9.154102372122e-06,59316.1650475486,40.4134020436036,698
"4917",112084,-20.7505302429199,-42.6692962646484,0.000468707346954,1.01892901511746e-05,1.01836621979601e-05,55320.5661502313,25.5086397102565,867
"4918",112085,-20.7435150146484,-42.6310157775879,0.0009354351459478,2.03355466510402e-05,1.22429009934422e-05,51318.1345023671,23.6637154107443,885
"4919",112086,-20.7364940643311,-42.592601776123,0.0005090783524792,1.1066920706071e-05,9.24709638638888e-06,47310.1000001035,20.4634051095167,532
"4920",112087,-20.7294692993164,-42.5540504455566,0.0001749738030412,3.80377832698287e-06,9.04997523321072e-06,43298.475552176,29.3847633712997,906
"4921",112368,-21.7492713928223,-47.4924049377441,0.0010213452515017,2.22031576413428e-05,1.43005763675319e-05,11428.5067559621,165.078105930907,728
"4922",112369,-21.7397212982178,-47.4544639587402,0.0010684481676435,2.32271340792067e-05,1.50314281199826e-05,12346.0755835346,131.568789956124,892
"4923",112370,-21.7302207946777,-47.4166488647461,0.0001414344469594,3.07466189042316e-06,1.5705492842244e-05,14393.9648862532,6.59879159163546,668
"4924",112372,-21.711368560791,-47.3413848876953,0.000194258225747,4.22300490754424e-06,1.53104247146985e-05,20352.1162193767,9.28195256131611,619
"4925",112373,-21.7020149230957,-47.3039283752441,0.0009558681340422,2.07797420443967e-05,1.85082917596446e-05,23787.4350826942,86.96129424613,859
"4926",112374,-21.6927108764648,-47.2665901184082,0.0006018209860485,1.30830649140989e-05,2.13653856917517e-05,26445.9591037154,532.881957323114,1050
"4927",112375,-21.6834526062012,-47.229362487793,0.0009616801798983,2.09060908673564e-05,1.35069321913761e-05,27089.4846156621,5.97471118627495,974
"4928",112376,-21.6742401123047,-47.1922416687012,0.0017030352828442,3.70225061487872e-05,1.5355723007815e-05,28286.029514876,2.56294443176791,704
"4929",112377,-21.6650733947754,-47.1552352905273,0.0010707537912821,2.32772563322214e-05,1.37252027343493e-05,29964.09173211,2.64963539235775,989
"4930",112378,-21.6559524536133,-47.1183319091797,0.0001092484158107,2.37496556110273e-06,1.35283708004863e-05,32044.2745212555,2.46932597988065,873
"4931",112379,-21.6468772888184,-47.0815315246582,0.0008507494349032,1.84945529326797e-05,1.44325886139995e-05,34449.8085066582,2.26191821197595,923
"4932",112380,-21.6378440856934,-47.0448303222656,0.0006964269450691,1.51397161971545e-05,1.36831358759082e-05,33077.1793194521,5.14842501425458,1339
"4933",112381,-21.6288528442383,-47.0082321166992,0.0005471894201036,1.18954221761669e-05,1.3793970538245e-05,30947.4544977805,9.07757612631906,733
"4934",112383,-21.6109981536865,-46.9353179931641,0.0012649992568185,2.74999838438816e-05,1.46908951137448e-05,27898.6413937163,330.697985393199,937
"4935",112384,-21.6021327972412,-46.8990020751953,0.0011291644295852,2.45470528170699e-05,1.24310881801648e-05,27106.5953848325,1767.69257881081,869
"4936",112385,-21.5933094024658,-46.8627777099609,0.0011343692567606,2.46602012339281e-05,1.30327198348823e-05,26863.2966311918,437.797311070616,901
"4937",112386,-21.5845241546631,-46.8266372680664,0.0002585236670711,5.62007971893763e-06,1.30820235426654e-05,27178.964048206,29.8695191277665,619
"4938",112387,-21.5757789611816,-46.7905883789062,0.0008210055093513,1.78479458554648e-05,2.03257750399644e-05,28030.5577450777,5.86953845157389,954
"4939",112388,-21.5670719146729,-46.7546195983887,0.0014206110718078,3.0882849387126e-05,2.01184720935998e-05,27216.9957911683,7.38837371788099,859
"4940",112389,-21.5584030151367,-46.7187347412109,0.0011080361146014,2.408774162177e-05,1.30328216982889e-05,26202.8528262766,11.1162331331403,938
"4941",112390,-21.5497703552246,-46.6829299926758,0.0005608722567558,1.21928751468658e-05,1.25582382679568e-05,25731.3690674533,17.3631590683338,615
"4942",112391,-21.5411758422852,-46.6472015380859,0.0002204188958785,4.7917151277943e-06,1.33528164951713e-05,25828.5765784442,292.690614175699,730
"4943",112393,-21.5240955352783,-46.5759735107422,0.0004646452907763,1.01009845820954e-05,1.375706960971e-05,27655.1026246563,11.8113279781682,1020
"4944",112394,-21.5156078338623,-46.540470123291,0.0001548253571854,3.3657686344668e-06,1.47392038343241e-05,29276.1334662004,24.0940356513448,980
"4945",112395,-21.5071544647217,-46.5050354003906,0.0008002579088497,1.7396911061951e-05,1.39819212563452e-05,31274.7212834071,31.7109593438378,944
"4946",112396,-21.4987373352051,-46.469669342041,0.0002559116310294,5.56329632672714e-06,1.34309111672337e-05,33580.9911813676,12.457268704542,628
"4947",112399,-21.4736804962158,-46.3639602661133,0.0006437838801502,1.39953017423977e-05,1.55935395014239e-05,41785.922286745,49.4675515623881,855
"4948",112400,-21.4653930664062,-46.3288497924805,0.0016412482509622,3.56793098035268e-05,2.40643094002735e-05,39624.1681712449,19.7714711208101,828
"4949",112401,-21.4571361541748,-46.2937965393066,0.00094133404491,2.04637835850008e-05,2.44541024585487e-05,35874.5288401455,21.157291949343,983
"4950",112402,-21.4489116668701,-46.2588005065918,0.0004618988750735,1.00412798929028e-05,1.26302611533902e-05,32131.6499442045,7.49507160776268,991
"4951",112403,-21.4407176971436,-46.2238616943359,0.0003963846484111,8.61705757415621e-06,1.04614982774365e-05,28395.5335611188,11.2665270908856,987
"4952",112404,-21.4325523376465,-46.1889762878418,0.0002846996494554,6.18912281424855e-06,1.13507130663493e-05,24665.8280869374,13.6496769601199,1018
"4953",112405,-21.4244174957275,-46.1541404724121,0.0011668780898617,2.53669149969937e-05,1.27940911625046e-05,20942.3310910588,8.14355227885472,877
"4954",112406,-21.4163131713867,-46.1193580627441,0.0009746127580001,2.11872338695684e-05,1.23980771604693e-05,17225.6842169081,4.44383009835975,1830
"4955",112407,-21.4082355499268,-46.0846214294434,0.0006601520090043,1.435113063053e-05,1.25060560094425e-05,13515.564726896,4.67747419835874,911
"4956",112408,-21.4001865386963,-46.0499305725098,3.26677055682012e-05,7.101675123522e-07,1.28150968521368e-05,9813.36751309163,6.32979039220232,850
"4957",112409,-21.3921642303467,-46.0152854919434,0.0012114125638618,2.63350557361264e-05,1.35189993670792e-05,6123.66858001156,18.6938155678545,944
"4958",112410,-21.3841705322266,-45.9806823730469,0.0009652983062551,2.09847457881551e-05,1.21265547932126e-05,2478.23124750179,156.360555687623,607
"4959",112412,-21.3682632446289,-45.9116020202637,0.0001960008730748,4.26088854510454e-06,1.1467952390376e-05,5032.04442999603,19.1049250279319,883
"4960",112413,-21.3603477478027,-45.8771171569824,0.0014507315281662,3.15376419166569e-05,1.33427874970948e-05,8697.96418448588,8.15020878672656,733
"4961",112414,-21.3524570465088,-45.8426704406738,0.0006032632663846,1.31144188344479e-05,1.27561597764725e-05,12370.0357296538,6.84388360944022,861
"4962",112415,-21.3445930480957,-45.8082580566406,0.0013973922577861,3.03780925605679e-05,1.4925841242075e-05,16041.260538242,21.4020077643876,837
"4963",112416,-21.3367519378662,-45.7738800048828,0.0002827680254995,6.14713098912034e-06,1.09142974906717e-05,19709.8964362679,74.062851069649,620
"4964",112417,-21.3289375305176,-45.7395324707031,0.0011404411088733,2.47921980189858e-05,1.58204238687176e-05,23375.5169226326,12.0182729814301,623
"4965",112418,-21.3211441040039,-45.7052116394043,0.000785377829743,1.70734310813714e-05,1.13516516648815e-05,27038.3589467371,18.4545062142473,930
"4966",112419,-21.3133754730225,-45.6709213256836,0.0004189530682197,9.1076753960806e-06,1.12586330942577e-05,30697.7640888174,18.6852347812517,744
"4967",112420,-21.3056297302246,-45.6366577148438,0.00026683230044,5.80070218347828e-06,1.26739996630931e-05,34354.0762336369,12.6285206988132,949
"4968",112422,-21.2902050018311,-45.5681991577148,0.0004931437779305,1.07205169115332e-05,1.26068252939149e-05,41658.4147421551,14.070815057306,1064
"4969",112423,-21.2825241088867,-45.5340042114258,0.0008451438116026,1.83726915565785e-05,1.33628573166789e-05,45306.4328061115,128.260817365488,653
"4970",112424,-21.274866104126,-45.4998245239258,0.0007379493399639,1.60423769557383e-05,1.27832336147549e-05,48952.3710170181,96.8381673218016,895
"4971",112425,-21.2672290802002,-45.4656677246094,0.0002585161155366,5.61991555514396e-06,1.16142600745661e-05,52595.504198255,12.8410580381364,1016
"4972",112426,-21.2596111297607,-45.431526184082,0.0003741409655049,8.13349925010698e-06,1.04660648503341e-05,56236.6424077813,9.47454473007074,1464
"4973",112427,-21.2520160675049,-45.3973960876465,0.0007407103985315,1.61023999680765e-05,1.18978186947061e-05,59876.0579209514,8.36647912807479,688
"4974",112428,-21.2444381713867,-45.36328125,0.0005254543884802,1.14229214887018e-05,1.22342071335879e-05,63513.5193547253,14.1378499693853,936
"4975",112429,-21.2368812561035,-45.3291778564453,0.0005683169820258,1.23547170005622e-05,1.21095990834874e-05,67149.3022001862,16.3794176059031,851
"4976",112430,-21.229341506958,-45.2950859069824,0.0011902291917067,2.58745476457989e-05,1.37269680635654e-05,70783.507517833,25.2432541776805,114
"4977",112431,-21.2218227386475,-45.2610015869141,0.0011563491170818,2.51380242843879e-05,1.35873715407797e-05,74416.413447675,248.776373371598,965
"4978",112433,-21.2068367004395,-45.1928482055664,0.0001508859872956,3.28013015860051e-06,1.21367165775155e-05,81679.3991596866,9.82977882415009,848
"4979",112434,-21.1993713378906,-45.1587791442871,1.02336641134571e-05,2.22470958988197e-07,1.25104406833998e-05,81344.4648823325,9.20216397774764,862
"4980",112435,-21.1919231414795,-45.1247138977051,0.0002979250430144,6.4766313698783e-06,1.14429403765826e-05,80401.1097676275,7.66723567555189,531
"4981",112436,-21.1844902038574,-45.0906448364258,0.001167839163827,2.53878079092829e-05,1.31357192003634e-05,79613.9058062182,54.4312862141167,783
"4982",112438,-21.1696758270264,-45.0225028991699,0.0001092766347028,2.37557901527907e-06,1.05633507700986e-05,78526.339359605,13.3019491934086,928
"4983",112439,-21.1622924804688,-44.9884262084961,0.0005001601784897,1.08730473584728e-05,1.04093414847739e-05,78232.518484273,9.3398010120743,830
"4984",112441,-21.1475734710693,-44.9202537536621,0.0002212745202996,4.81031565868761e-06,1.15066022772226e-05,78154.395395581,22.7952003331049,896
"4985",112442,-21.1402359008789,-44.8861541748047,0.0006350760195346,1.38060004246654e-05,1.14229924292886e-05,78370.5875805668,27.7447877705295,789
"4986",112444,-21.125602722168,-44.8179168701172,0.0009164968178083,1.99238438653992e-05,1.21721350296866e-05,79307.1564442436,2.6814145804664,657
"4987",112445,-21.1183071136475,-44.7837791442871,0.0004365837467048,9.49095101532293e-06,1.07970608951291e-05,80021.8876950394,16.3158871700811,928
"4988",112446,-21.111026763916,-44.749626159668,0.0005904497556912,1.28358642541571e-05,1.18197094707284e-05,80895.8615885743,18.3988862710635,806
"4989",112448,-21.0965023040771,-44.6812629699707,0.0010581271235423,2.30027635552688e-05,1.27388193504885e-05,83100.893572194,4.60699754460755,1102
"4990",112449,-21.0892601013184,-44.6470527648926,0.0001259909627151,2.73893397206848e-06,1.14460390250315e-05,84420.6084476084,5.27611336650465,905
"4991",112450,-21.0820293426514,-44.6128196716309,0.0004209473008813,9.15102828003e-06,1.0431140253786e-05,85876.8099768121,19.7034053784847,842
"4992",112451,-21.0748100280762,-44.5785636901855,0.0009091454303415,1.97640310943825e-05,1.14150561785209e-05,87462.935333384,12.3182747478436,938
"4993",112452,-21.0676021575928,-44.5442771911621,0.0004713228136097,1.02461481219507e-05,1.02436351880897e-05,89172.8278724669,6.97099484720747,652
"4994",112453,-21.0604076385498,-44.5099678039551,0.0005205625839153,1.13165779112023e-05,1.04272148746531e-05,87298.9454794714,2.64297897576864,949
"4995",112454,-21.05322265625,-44.4756278991699,0.0006704589959554,1.45751955642481e-05,1.08707117760787e-05,84244.4217157083,1.66682063301017,971
"4996",112455,-21.046049118042,-44.4412574768066,7.98964274508762e-05,1.73687885762774e-06,9.76022238319274e-06,81237.9505439661,1.32366942880433,880
"4997",112456,-21.0388851165771,-44.4068565368652,0.0001298622537433,2.82309247268131e-06,1.10813844003133e-05,78285.3009425585,1.13094955183524,672
"4998",112457,-21.0317306518555,-44.3724174499512,3.25914423910945e-05,7.08509617197706e-07,1.02828998933546e-05,75392.7165099358,9.51652571685352,825
"4999",112458,-21.0245876312256,-44.337947845459,0.0004338614708103,9.43177110457327e-06,1.1512563105498e-05,72568.5757082391,55.7035407044604,910
"5000",112459,-21.0174522399902,-44.3034362792969,0.0004743830049847,1.03126740214066e-05,1.08499398265849e-05,69820.5983158782,108.177111254196,923
"5001",112461,-21.0032119750977,-44.2342987060547,6.03424609835201e-05,1.31179263007652e-06,8.74669694894692e-06,64595.865272751,59.7326683019586,648
"5002",112463,-20.9890041351318,-44.1649932861328,0.0004681993232225,1.0178246157011e-05,1.29708132590167e-05,59814.0406006356,9.929730745678,716
"5003",112464,-20.9819145202637,-44.1302680969238,0.0009272664356103,2.01579659915296e-05,1.23440449897316e-05,57625.8686074931,8.73877359688349,862
"5004",112465,-20.9748306274414,-44.0955009460449,0.0008826731391309,1.91885465028463e-05,1.43777679113555e-05,55595.527902613,25.3861241848944,858
"5005",112466,-20.9677543640137,-44.0606803894043,5.18404895046842e-05,1.12696716314531e-06,1.30273856484564e-05,53741.6325176407,61.4812293674118,568
"5006",112467,-20.9606857299805,-44.0258102416992,0.0001017948106891,2.21293066715589e-06,9.55032737692818e-06,52084.2278212844,41.1157233802641,633
"5007",112468,-20.9536228179932,-43.9908866882324,7.87655380918295e-05,1.71229430634412e-06,1.35360496642534e-05,50643.4027996493,42.1342865168793,758
"5008",112469,-20.9465675354004,-43.9559097290039,0.0007622385892318,1.6570404113736e-05,1.06175630207872e-05,49439.4960479936,40.366199528826,1025
"5009",112470,-20.9395179748535,-43.9208755493164,0.0005569397271756,1.21073853733833e-05,1.45106287163799e-05,48491.1444572575,14.5354499185385,982
"5010",112471,-20.9324741363525,-43.8857841491699,0.0007813299562258,1.6985433830996e-05,9.76644150796346e-06,47814.8791149509,10.7764908465449,908
"5011",112472,-20.9254379272461,-43.8506317138672,0.0009761380424606,2.12203922274057e-05,1.4638818356616e-05,46115.7418489302,63.4213555385163,822
"5012",112474,-20.9113788604736,-43.7801361083984,0.0004601795099006,1.00039023891441e-05,1.24724920169683e-05,42620.2949488787,163.182903840426,999
"5013",112475,-20.9043560028076,-43.7447929382324,0.0008084821783995,1.75756995304255e-05,1.20582890303922e-05,41271.1981866468,44.068786935947,928
"5014",112477,-20.8903255462646,-43.673900604248,0.0009565483160258,2.07945286092581e-05,1.11375202322961e-05,39515.9670664819,14.5729629136927,926
"5015",112478,-20.8833160400391,-43.6383476257324,0.0002571936765889,5.59116688236827e-06,1.06778416011366e-05,39155.9297749359,17.5035550017834,1007
"5016",112479,-20.8763084411621,-43.6027221679688,0.0004667041193897,1.01457417258644e-05,1.01636951512774e-05,39159.2556116633,35.4529239296175,830
"5017",112480,-20.8693065643311,-43.5670204162598,0.000138694474117,3.01509726341465e-06,9.11073129827855e-06,39528.4838854027,20.6402122372176,1630
"5018",112481,-20.8623085021973,-43.5312423706055,0.0001838163780121,3.99600821765489e-06,1.11594754343969e-05,40255.5035289009,14.6755781445628,834
"5019",112483,-20.8483180999756,-43.4594497680664,0.0006369926031766,1.38476652864483e-05,9.06526565813692e-06,42709.0098337603,55.3897321530801,666
"5020",112484,-20.8413257598877,-43.4234275817871,0.0004881697223027,1.061238526745e-05,8.90606315806508e-06,44384.8805848519,17.1291735854208,796
"5021",112485,-20.8343353271484,-43.387321472168,0.0003626673606049,7.88407305662986e-06,8.96031542652054e-06,46321.5782725542,46.1718120107733,969
"5022",112486,-20.8273468017578,-43.3511276245117,0.0008002102149475,1.73958742379909e-05,9.77510444499785e-06,48490.1607347712,111.817650974475,984
"5023",112487,-20.8203601837158,-43.3148422241211,0.0006007820957165,1.30604803416645e-05,9.62020112638129e-06,50863.2914551748,21.0879681158846,560
"5024",112488,-20.8133754730225,-43.2784690856934,0.0002031848507613,4.41706197307212e-06,8.74414217832964e-06,53415.3894019805,11.3319656593423,655
"5025",112489,-20.8063907623291,-43.242000579834,0.0001983187130463,4.31127637057216e-06,7.58806982048554e-06,56124.4260834346,10.202610763998,775
"5026",112490,-20.7994060516357,-43.205436706543,0.000303192834508,6.59114857626264e-06,7.75126864027698e-06,58970.6801983118,35.4950091506116,938
"5027",112491,-20.7924213409424,-43.1687774658203,0.0003327810227347,7.23437005945016e-06,8.3206996350782e-06,61937.0546806359,13.4321675692663,822
"5028",112492,-20.7854385375977,-43.1320152282715,0.0008617728344688,1.8734192053671e-05,1.11633262349642e-05,65009.6502177449,14.9506996152823,658
"5029",112493,-20.7784538269043,-43.0951538085938,0.0003088581797783,6.71430825605057e-06,8.39388394524576e-06,68175.3608212643,19.1220000468295,807
"5030",112494,-20.7714672088623,-43.0581855773926,0.0005062194377387,1.10047703856253e-05,8.19406068330863e-06,71424.2015529861,19.0097416455687,937
"5031",112495,-20.7644805908203,-43.021110534668,0.0003447547233008,7.49466789784492e-06,7.05722277416498e-06,74747.1176422553,14.5950332433006,1004
"5032",112496,-20.7574939727783,-42.9839286804199,0.0005332877353794,1.1593211638683e-05,8.74626311997417e-06,78136.2950910277,15.2507288702626,968
"5033",112497,-20.7505054473877,-42.9466361999512,0.0001872561751952,4.07078641728731e-06,8.78383616509382e-06,81585.3642601658,15.5827373605705,946
"5034",112498,-20.7435131072998,-42.9092292785645,0.0001503244961895,3.26792383020802e-06,7.51332663639914e-06,79063.9882039629,615.281663149835,626
"5035",112499,-20.7365207672119,-42.8717041015625,0.0001443774012841,3.138639158351e-06,1.03004731499823e-05,75095.8000780648,651.983639002747,851
"5036",112500,-20.7295246124268,-42.8340644836426,0.000219917566028,4.78081665278296e-06,9.12889936444117e-06,71116.1076635811,361.494798627383,947
"5037",112501,-20.7225246429443,-42.7962989807129,0.0008353339289897,1.81594332389068e-05,9.43489612836856e-06,67123.794825203,41.9330229757375,901
"5038",112502,-20.7155227661133,-42.758415222168,0.0001265756104658,2.75164370577841e-06,8.05730451247655e-06,63119.7331639519,43.7433262658636,661
"5039",112503,-20.7085189819336,-42.7204055786133,0.0008331614299095,1.81122049980331e-05,9.50706271396484e-06,59103.2202302386,83.4377706691138,815
"5040",112504,-20.701509475708,-42.6822662353516,0.0006823290041211,1.48332392200246e-05,9.18843579711393e-06,55073.8621295507,20.6625480890187,928
"5041",112505,-20.6944961547852,-42.6439971923828,0.0002494894379196,5.42368343303679e-06,9.0611474661273e-06,51031.8248976699,29.8598113276229,943
"5042",112506,-20.6874771118164,-42.6055946350098,0.00041801487896,9.08727997739334e-06,9.06664354261011e-06,46976.8329344702,95.9662529806846,721
"5043",112508,-20.6734275817871,-42.5283813476562,0.0003586546717997,7.79684069129871e-06,7.90971444075694e-06,38828.3510293441,63.951226997924,50
"5044",112789,-21.690523147583,-47.4657936096191,0.0005044421286584,1.09661332317046e-05,2.08159617614001e-05,17716.6542104875,499.32237246809,820
"5045",112791,-21.6715717315674,-47.3903121948242,0.0003914973622158,8.5108122220845e-06,1.60736653924687e-05,21461.2241338783,5.19587537735291,1056
"5046",112792,-21.6621704101562,-47.3527526855469,0.0008216771566367,1.7862546883407e-05,1.67153739312198e-05,21467.7364433393,4.49815241713138,968
"5047",112793,-21.6528186798096,-47.3153114318848,0.0009526809262752,2.07104549190262e-05,1.40360043587862e-05,20808.9045006081,6.26573506039586,529
"5048",112794,-21.6435127258301,-47.2779846191406,0.0001754987497406,3.81519021175336e-06,1.29279269458493e-05,20916.534403086,3.95559787673877,634
"5049",112795,-21.6342544555664,-47.2407684326172,0.0006770061972929,1.47175260281074e-05,1.26237418953679e-05,21772.5990512641,3.31507063774913,781
"5050",112797,-21.6158771514893,-47.1666679382324,0.0005837565440742,1.26903596537886e-05,1.47902846947545e-05,25339.4856909975,2.33586009269832,820
"5051",112798,-21.6067562103271,-47.1297798156738,0.0009694316104287,2.10746002267115e-05,1.51305421240977e-05,27803.0160443986,2.18697843144735,897
"5052",112799,-21.5976791381836,-47.0929908752441,0.0008036990657274,1.74717188201612e-05,1.52254997374257e-05,30575.3460168399,3.68464561105945,753
"5053",112800,-21.5886459350586,-47.0563049316406,0.0001781727251,3.87332011086983e-06,1.34224346766132e-05,28565.6833905126,8.46123793567207,1099
"5054",112801,-21.5796566009521,-47.019718170166,0.0010056149658339,2.18611949094338e-05,1.46687043525162e-05,26106.7711455704,11.348456498599,916
"5055",112802,-21.5707092285156,-46.983226776123,0.0020708610318251,4.50187180831563e-05,2.26058764383197e-05,24047.0895024008,11.9516395560932,869
"5056",112803,-21.5618019104004,-46.946834564209,0.0007394767999358,1.60755826073e-05,1.29959480545949e-05,22490.7671977732,14.3228225093337,633
"5057",112804,-21.5529384613037,-46.910530090332,0.0008181689772754,1.77862821146846e-05,1.27372140923399e-05,21541.6661526386,101.507220807696,928
"5058",112805,-21.5441131591797,-46.8743171691895,0.0007480175227101,1.62612504936988e-05,1.3574900549429e-05,21274.954817104,77.4692087719012,917
"5059",112807,-21.5265827178955,-46.8021545410156,0.0010555760854913,2.29473062063335e-05,1.59700484800851e-05,22803.4801145577,7.63736716304901,959
"5060",112808,-21.5178775787354,-46.7661972045898,0.0008275258514913,1.79896924237255e-05,1.52631182572804e-05,21929.4215716729,32.7854325338449,962
"5061",112809,-21.5092086791992,-46.7303237915039,0.0003361372091603,7.30733063392108e-06,1.60182516992791e-05,20695.7810223578,110.04301366047,638
"5062",112810,-21.5005760192871,-46.6945343017578,0.0004678556761064,1.01707755675307e-05,1.28994097394752e-05,20133.9396723394,71.9707811213474,787
"5063",112811,-21.4919834136963,-46.6588172912598,0.0003439125493969,7.47635976949823e-06,1.34460069602937e-05,20295.248768786,14.0160411702433,913
"5064",112812,-21.4834251403809,-46.6231803894043,0.0007521712432208,1.63515487656696e-05,1.54062472574878e-05,21157.6645577801,12.3250913071684,890
"5065",112813,-21.4749031066895,-46.5876159667969,0.0011265539833402,2.44903039856581e-05,1.68207061506109e-05,22637.3449459206,10.8127037555962,584
"5066",112814,-21.4664154052734,-46.5521240234375,0.0018621946874191,4.04824932047632e-05,1.87550358532462e-05,24619.2787757283,11.5103597011161,716
"5067",112817,-21.4411602020264,-46.4460601806641,0.0007022714562481,1.52667707880028e-05,1.69841823662864e-05,32534.6089105777,48.8439708440671,920
"5068",112818,-21.4328079223633,-46.4108390808105,0.0011116120695078,2.41654797719093e-05,2.87102320726262e-05,35578.9142210366,37.4597894500816,843
"5069",112820,-21.416202545166,-46.3405799865723,0.0005232605944911,1.1375230315025e-05,1.46678730743588e-05,39966.5710825432,32.4774238340306,680
"5070",112821,-21.4079475402832,-46.3055381774902,0.0004415150451677,9.59815315582091e-06,1.13846563181141e-05,36269.8698688401,23.5316490136236,805
"5071",112822,-21.3997230529785,-46.2705574035645,0.000605673649261,1.31668184621958e-05,1.1436976819823e-05,32591.6584186442,5.53338298067275,830
"5072",112823,-21.391529083252,-46.2356300354004,0.0006668973492196,1.44977684612968e-05,1.19606411317363e-05,28935.4932498457,6.94028006556982,1034
"5073",112824,-21.3833656311035,-46.200756072998,0.0011840027109428,2.57391893683234e-05,1.34277443066821e-05,25308.1844150243,14.2378422410698,924
"5074",112825,-21.3752307891846,-46.1659317016602,0.000546339297216,1.18769412438269e-05,1.14614404083113e-05,21720.6131970532,20.8364680310545,666
"5075",112826,-21.3671264648438,-46.131160736084,5.33106435796071e-05,1.15892703433929e-06,1.14486228994792e-05,18193.1310253286,224.446638058431,803
"5076",112827,-21.3590488433838,-46.096435546875,0.0011629758919298,2.528208460717e-05,1.30954931591987e-05,14763.4815722208,4.81068668367489,951
"5077",112828,-21.351001739502,-46.0617599487305,0.0014029116973688,3.04980803775834e-05,1.35925502036116e-05,11514.467854193,4.86334979400134,1013
"5078",112830,-21.3349876403809,-45.9925346374512,0.000616448245637,1.34010488181957e-05,1.26123950394685e-05,6653.15701949896,9.50556561891829,907
"5079",112831,-21.3270206451416,-45.9579887390137,0.00138602629886,3.01310064969584e-05,1.30361268020351e-05,6411.2626449121,21.4810136251902,1074
"5080",112833,-21.311164855957,-45.8890075683594,0.0001145706996794,2.49066738433612e-06,1.20427785077482e-05,10781.6316053035,3.86049360130137,955
"5081",112835,-21.2954120635986,-45.8201713562012,0.0010015982188633,2.17738743231166e-05,1.30601711134659e-05,17301.9288774719,10.880140141959,1298
"5082",112836,-21.2875728607178,-45.7858047485352,1.53324965594948e-05,3.33315142597712e-07,1.22291694424348e-05,20764.8376933769,20.2491468756487,1404
"5083",112837,-21.2797584533691,-45.7514686584473,0.0004649683542083,1.01080077001825e-05,1.1449816156528e-05,24284.5567766733,22.4803323507724,785
"5084",112838,-21.2719669342041,-45.7171592712402,0.0002696257615752,5.86142959946301e-06,1.26803024613764e-05,27838.5227880649,18.6954750002016,941
"5085",112839,-21.2641983032227,-45.6828804016113,0.0004696879168477,1.02106068879948e-05,1.39849644256174e-05,31413.6050356521,12.9189806226646,691
"5086",112840,-21.2564525604248,-45.6486282348633,0.0003297377124908,7.16821114110644e-06,1.68146871146746e-05,35002.5422959321,9.7781755347259,967
"5087",112841,-21.2487297058105,-45.6143989562988,0.0014749156835023,3.20633844239637e-05,1.49420384332188e-05,38600.8992863262,13.1105466309071,550
"5088",112842,-21.2410297393799,-45.5801963806152,0.0009257419042114,2.0124824004597e-05,1.33725316118216e-05,42205.1460037216,19.7226987046533,743
"5089",112843,-21.2333507537842,-45.5460090637207,0.0011099934890808,2.41302932408871e-05,1.32476152430172e-05,45814.2883725903,58.3413108736528,809
"5090",112844,-21.2256946563721,-45.5118446350098,0.000711195738404,1.54607769218273e-05,1.23424188132049e-05,49425.9775216211,63.2635568942401,925
"5091",112845,-21.2180576324463,-45.4776992797852,0.0010982422136294,2.38748307310743e-05,1.36886783366208e-05,53039.6136439798,8.04596932665235,845
"5092",112846,-21.2104415893555,-45.4435691833496,0.0004395669166115,9.55580253503285e-06,1.19863625513972e-05,56654.6572277548,99.3975417321269,682
"5093",112848,-21.1952705383301,-45.3753509521484,0.0006106975324655,1.32760333144688e-05,1.22726796689676e-05,63887.031473247,14.0299129361627,956
"5094",112850,-21.18017578125,-45.3071746826172,0.0002711817123781,5.89525461691665e-06,1.15294287752477e-05,71121.2561118073,36.314298737099,1013
"5095",112851,-21.1726570129395,-45.2731018066406,0.0016329034915543,3.54979019903112e-05,1.52036764120567e-05,74738.3766242441,14.6357603053947,942
"5096",112852,-21.1651554107666,-45.2390365600586,0.0001077879260265,2.34321578318486e-06,1.12415109470021e-05,78355.5373902468,9.10562481213846,637
"5097",112853,-21.1576747894287,-45.2049751281738,0.0013336149677343,2.89916297333548e-05,1.38525811053114e-05,77142.9625814366,5.93262023845509,825
"5098",112854,-21.1502094268799,-45.1709175109863,0.0006670694237982,1.45015092130052e-05,1.27156326925615e-05,75973.5035484454,6.51498732595133,941
"5099",112855,-21.1427612304688,-45.1368598937988,0.0008712409107829,1.89400197996292e-05,1.26104059745558e-05,74963.5775114465,57.1000822635689,939
"5100",112856,-21.1353302001953,-45.1028060913086,0.0012229850290168,2.65866310655838e-05,1.3704633602174e-05,74119.6346810254,175.288280181058,917
"5101",112857,-21.1279163360596,-45.0687484741211,0.0007678635411139,1.66926856763894e-05,1.27064458865789e-05,73447.3284161707,172.212557493654,632
"5102",112858,-21.1205177307129,-45.0346870422363,0.000695428929248,1.51180202010437e-05,1.19082005767268e-05,72951.1864957713,6.62646618059244,820
"5103",112859,-21.1131362915039,-45.0006217956543,0.0005459875337692,1.18692942123744e-05,1.22391884360695e-05,72635.0281850407,6.18248266143089,1129
"5104",112861,-21.0984191894531,-44.9324722290039,4.01922449100311e-05,8.73744454565895e-07,1.05759127109195e-05,72550.3020606592,3.64652846180221,984
"5105",112862,-21.0910816192627,-44.8983840942383,0.0009780778455024,2.12625618587481e-05,1.17752088044654e-05,72782.3708760665,2.99993163706417,935
"5106",112863,-21.08376121521,-44.8642845153809,0.0014731607152498,3.20252329402138e-05,1.29922400446958e-05,73196.0646482057,3.39461566239669,1099
"5107",112864,-21.076452255249,-44.8301734924316,0.0003986053434346,8.66533355292631e-06,1.12891530079651e-05,73787.8539815238,3.45005608832456,660
"5108",112865,-21.0691585540771,-44.7960472106934,0.0010807383005158,2.34943108807784e-05,1.13632868306013e-05,74554.181239156,17.5420567632712,805
"5109",112866,-21.0618782043457,-44.7619018554688,0.0006363637967297,1.38339955810807e-05,1.04153168649646e-05,75489.9067220959,38.5810953718409,942
"5110",112867,-21.0546112060547,-44.7277450561523,0.000296169530884,6.43846806269721e-06,1.0284542440786e-05,76588.6329823418,30.4896489041472,990
"5111",112868,-21.0473575592041,-44.6935653686523,0.0004595040973072,9.98921950667864e-06,1.62886917678406e-05,77844.242705807,24.7878166247577,690
"5112",112869,-21.0401153564453,-44.659366607666,0.0003049736787943,6.62986258248566e-06,1.68633559951559e-05,79249.1462673588,4.26564120057444,750
"5113",112870,-21.032886505127,-44.6251449584961,0.0003750140986085,8.15248040453298e-06,1.02751446320326e-05,80796.1927596324,21.3094871220605,552
"5114",112871,-21.0256690979004,-44.5908966064453,0.0004439883923623,9.65192157309502e-06,1.01062705653021e-05,82477.7494815173,28.7156963560167,812
"5115",112872,-21.0184631347656,-44.5566253662109,0.0005185178961255,1.12721281766426e-05,1.11868230305845e-05,84285.8076082189,6.12410015052219,919
"5116",112873,-21.0112686157227,-44.5223274230957,0.0003685478095576,8.01190890342696e-06,1.06925663203583e-05,84463.2303173017,1.67898637327823,886
"5117",112874,-21.0040855407715,-44.4879989624023,0.0005730049160774,1.245662861038e-05,1.10555647552246e-05,81300.7017845983,1.30849448604184,678
"5118",112875,-20.9969139099121,-44.4536399841309,0.0006844126837677,1.48785366036464e-05,1.08167341750232e-05,78179.2596635169,1.22721661856143,1014
"5119",112876,-20.9897499084473,-44.4192504882812,0.0005049696901551,1.09776019598939e-05,9.71369263425004e-06,75104.132015098,1.17712961044519,1005
"5120",112878,-20.975456237793,-44.3503646850586,0.0001677889781603,3.64758648174757e-06,1.05593289845274e-05,69119.2382926149,5.02184421196723,1011
"5121",112880,-20.9612007141113,-44.2813301086426,0.0002754570105025,5.98819588049082e-06,1.13020923890872e-05,63409.4072349777,6.36018679151786,762
"5122",112885,-20.9257106781006,-44.1079978942871,6.45119957880524e-05,1.40243469104462e-06,1.17419949674513e-05,50972.2734222866,8.94347977027332,993
"5123",112886,-20.9186363220215,-44.0731925964355,0.0006976422191655,1.51661351992516e-05,1.59536357386969e-05,48936.3227527448,148.969032776538,783
"5124",112887,-20.9115695953369,-44.0383338928223,0.0009943098375515,2.16154312511208e-05,1.20327504191664e-05,47102.037648015,91.8741312932828,1218
"5125",112888,-20.9045085906982,-44.0034217834473,0.000302065982396,6.56665179121774e-06,1.44554987855372e-05,45494.8872055777,12.4985519972238,880
"5126",112889,-20.8974552154541,-43.9684562683105,0.0013033428112976,2.83335393760353e-05,1.32933510030853e-05,44141.228930165,9.11720003878332,942
"5127",112890,-20.8904075622559,-43.9334335327148,0.0010131798881047,2.20256497414084e-05,1.44282066685264e-05,43066.0994254206,9.94828793752843,940
"5128",112891,-20.8833656311035,-43.8983535766602,0.0018259536809637,3.96946452383418e-05,2.88143601210322e-05,42292.2411194111,8.14493704028596,710
"5129",112892,-20.8763294219971,-43.8632125854492,9.63694828897133e-05,2.09498875847203e-06,1.02692320069764e-05,41548.8954745018,7.59675506700279,568
"5130",112893,-20.8692989349365,-43.828010559082,0.0009785910151549,2.127371772076e-05,2.03691688511753e-05,39450.5507742873,57.7057765691072,873
"5131",112894,-20.8622741699219,-43.7927436828613,0.0010334134822187,2.24655104830163e-05,1.711774712021e-05,37605.6970972533,50.0351348538009,967
"5132",112895,-20.8552551269531,-43.7574119567871,0.0007350946507358,1.59803184942575e-05,1.09835436887806e-05,36055.2757055806,20.2362799081383,588
"5133",112896,-20.848237991333,-43.7220115661621,0.0006285409508564,1.36639337142697e-05,9.29086399992229e-06,34840.2481802257,42.2791794322993,844
"5134",112897,-20.8412265777588,-43.6865425109863,0.0005224513879511,1.13576388685033e-05,8.85888221091591e-06,33999.3115556997,21.9246807465918,968
"5135",112898,-20.8342189788818,-43.6510009765625,0.0001112574586841,2.41864040617656e-06,9.06498371477937e-06,33562.7458068731,15.5703522476301,918
"5136",112899,-20.8272151947021,-43.6153869628906,0.0009969253878807,2.16722910408862e-05,1.07181413113722e-05,33548.7914437038,24.3406027917073,1034
"5137",112900,-20.8202152252197,-43.5796966552734,0.0009827656540437,2.13644707400817e-05,1.12221250674338e-05,33960.5380893683,18.1627712530963,759
"5138",112901,-20.8132171630859,-43.5439338684082,0.0012993156888114,2.82459932350321e-05,1.0851979823201e-05,34784.9994503236,11.5978280372076,899
"5139",112902,-20.8062229156494,-43.5080871582031,0.0003067258230657,6.66795267534326e-06,7.62214540372952e-06,35996.9663636572,25.0295342990582,675
"5140",112903,-20.7992324829102,-43.4721603393555,0.0008309720287797,1.80646093212999e-05,1.1841433661175e-05,37561.2570691365,47.128673306099,780
"5141",112904,-20.7922420501709,-43.436149597168,0.0008207838582166,1.78431273525348e-05,8.97563950275071e-06,39438.2649227835,18.2597985421234,1039
"5142",112905,-20.7852554321289,-43.4000549316406,0.0007437382082571,1.61682219186332e-05,9.82346136879642e-06,41588.2962509813,25.4757624478051,968
"5143",112906,-20.7782688140869,-43.3638763427734,0.0002091695569106,4.54716428066604e-06,7.99890585767571e-06,43973.2613443691,46.8013942849973,783
"5144",112907,-20.7712841033936,-43.3276023864746,0.0001301005349887,2.82827249975526e-06,1.15923330668011e-05,46560.2756245652,14.0446694430231,1326
"5145",112908,-20.7643013000488,-43.2912406921387,0.0004668886613217,1.01497535069939e-05,1.23476766020758e-05,49319.1295106665,8.64816760079834,917
"5146",112909,-20.7573184967041,-43.2547874450684,0.0001739928356983,3.78245294996304e-06,9.4347578851739e-06,52224.8075471452,12.239554617303,739
"5147",112911,-20.7433547973633,-43.1815872192383,0.0002540824234529,5.52353094462887e-06,7.4668814704637e-06,58397.2021821842,35.710056343643,564
"5148",112912,-20.7363719940186,-43.1448364257812,0.000865184370923,1.88083558896324e-05,1.10704722828814e-05,61631.8104745113,20.681295551266,791
"5149",112913,-20.7293891906738,-43.1079864501953,0.0008618831998319,1.87365913006943e-05,1.15663260658039e-05,64948.149852042,19.5282216346334,912
"5150",112914,-20.7224063873291,-43.0710296630859,5.32421986463305e-05,1.15743910100718e-06,1.02328449429478e-05,68336.8026285918,42.9180618966509,904
"5151",112915,-20.7154235839844,-43.0339698791504,0.0008980952552519,1.9523809896782e-05,1.03316224340233e-05,71788.9242983687,15.7921765470537,698
"5152",112916,-20.7084369659424,-42.9967994689941,0.0001298318070439,2.8224305879121e-06,7.30387637304375e-06,75298.0793965439,15.8527039113804,666
"5153",112917,-20.7014503479004,-42.9595184326172,0.0005671399467246,1.23291292766226e-05,9.76518367679091e-06,78858.4494386045,16.1424172733391,944
"5154",112918,-20.6944618225098,-42.9221229553223,0.0006359374383464,1.38247269205749e-05,1.50801488416619e-05,79360.1439541164,21.0431203269285,948
"5155",112919,-20.6874713897705,-42.8846130371094,0.0008132079747156,1.76784342329483e-05,1.03905504147406e-05,75396.2621579609,53.1779166786599,1045
"5156",112920,-20.680477142334,-42.846981048584,0.0001461809106331,3.1778458833287e-06,7.77915647631744e-06,71420.252918601,147.688232876266,926
"5157",112921,-20.6734809875488,-42.8092346191406,0.0006357257861964,1.38201257868786e-05,8.71122483658837e-06,67432.9988431371,23.132112870859,938
"5158",112922,-20.666482925415,-42.7713623046875,0.0003835878305835,8.33886588225141e-06,8.35228638607077e-06,63433.4105160931,14.3083418247331,948
"5159",112923,-20.6594791412354,-42.7333641052246,0.0003064848851863,6.66271489535575e-06,8.25788356451085e-06,59421.5377324925,40.3138560007973,942
"5160",112924,-20.652473449707,-42.6952362060547,0.0004380714199214,9.52329173742328e-06,9.22109575185459e-06,55397.1904559876,10.684503197901,806
"5161",112927,-20.6314277648926,-42.5800666809082,0.0005979933830531,1.29998561533284e-05,1.09494840216939e-05,43250.5090195184,13.7658300562488,988
"5162",112928,-20.6244029998779,-42.5414009094238,0.00028256049427,6.1426194406522e-06,7.87623321230058e-06,39176.8590837697,38.3215399671444,1023
"5163",113208,-21.6412734985352,-47.4771118164062,0.0006446332081395,1.40137653943384e-05,2.26695992751047e-05,23042.9951867911,2.73489640759616,998
"5164",113209,-21.6317729949951,-47.4393272399902,0.0014765953455935,3.20998988172505e-05,1.71138308360241e-05,20161.9077993636,2.98051771005721,675
"5165",113211,-21.6129207611084,-47.3641128540039,0.0006422729038604,1.39624544317485e-05,1.29656427816371e-05,16032.1855520151,5.72645265918464,789
"5166",113212,-21.6035671234131,-47.3266868591309,6.06764176609431e-05,1.31905255784659e-06,1.17373610919458e-05,15211.3239459793,5.07564831571062,916
"5167",113213,-21.5942630767822,-47.2893714904785,0.0014503606871585,3.15295801556204e-05,1.49787247210043e-05,15428.791645123,3.66207776890877,944
"5168",113217,-21.5575065612793,-47.1412200927734,0.0002427119461572,5.27634665559162e-06,1.27990424516611e-05,24118.4980496418,2.43516577280397,724
"5169",113219,-21.5393962860107,-47.0677757263184,0.0003446160135354,7.49165246816119e-06,1.43677034429857e-05,24500.5929356471,7.80368850311943,764
"5170",113220,-21.5304069519043,-47.0312004089355,0.0004917035475955,1.06892075564247e-05,1.23546042232192e-05,21628.032671134,35.9973583431815,811
"5171",113221,-21.5214595794678,-46.9947242736816,0.0008962106767285,1.9482840798446e-05,1.28123983813566e-05,19140.4837789027,29.2458759353087,918
"5172",113222,-21.5125541687012,-46.9583396911621,0.0014556620735675,3.16448276862502e-05,1.81232153408928e-05,17198.0238393013,102.593188259718,930
"5173",113224,-21.4948654174805,-46.8858489990234,0.0001153860666818,2.50839275395265e-06,1.3126754311088e-05,15687.4391217775,7.98972891614619,688
"5174",113225,-21.4860820770264,-46.849739074707,8.74322104209568e-05,1.90070022654254e-06,1.42203607538249e-05,16325.5740794894,8.06208234731362,769
"5175",113226,-21.4773368835449,-46.8137130737305,1.76291788989147e-05,3.83243019541624e-07,1.58149687194964e-05,17799.5293084487,17.3388440275372,959
"5176",113228,-21.4599609375,-46.7419090270996,0.0005461696491693,1.18732532428112e-05,1.44874857141986e-05,15248.9056130646,205.448650677293,990
"5177",113229,-21.4513301849365,-46.7061309814453,5.17557230068633e-05,1.12512441319268e-06,1.41134160003276e-05,14531.545281848,131.056529904093,1036
"5178",113230,-21.4427375793457,-46.6704292297363,0.0003271225386924,7.11135953679332e-06,1.28316751215607e-05,14805.5422893501,11.5697317828595,662
"5179",113231,-21.4341793060303,-46.6348037719727,0.0009548701600579,2.07580469577806e-05,1.52172569869435e-05,16013.5348931225,11.1702939897974,958
"5180",113233,-21.4171714782715,-46.5637702941895,0.000390061566577,8.47959927341435e-06,1.37113729579141e-05,20438.4664868536,10.8431641516497,761
"5181",113234,-21.4087200164795,-46.5283622741699,0.0003625704666774,7.88196666690055e-06,1.67469024745515e-05,23268.3724412945,110.811633375309,973
"5182",113235,-21.4003009796143,-46.4930191040039,0.0009312075417255,2.0243642211426e-05,1.75066234078258e-05,26335.8934781655,55.0184332796546,925
"5183",113238,-21.3752479553223,-46.3873863220215,0.0007036029528535,1.52957163663814e-05,2.66162351181265e-05,36320.7383636517,29.7986035572176,977
"5184",113239,-21.3669624328613,-46.3523025512695,0.0013220281944086,2.87397433567094e-05,1.70217135746498e-05,39794.2128851414,34.815318225964,650
"5185",113240,-21.3587074279785,-46.3172721862793,0.0001540186608508,3.34823175762722e-06,1.25809201563243e-05,37506.4129636387,12.1490957617664,1033
"5186",113241,-21.3504829406738,-46.2823028564453,4.94658456773323e-05,1.07534447124635e-06,1.17132849482005e-05,33980.7677455556,7.1121851180152,772
"5187",113243,-21.3341274261475,-46.2125244140625,4.43283495314972e-05,9.63659772423853e-07,1.20323884402751e-05,27117.3999938859,8.51747236463764,1042
"5188",113244,-21.3259944915771,-46.1777153015137,0.0009431328580831,2.05028882191982e-05,1.2592561688507e-05,23828.0718081463,12.7211909074674,458
"5189",113245,-21.3178901672363,-46.1429557800293,0.0009326699037046,2.02754326892318e-05,1.22624114737846e-05,20689.7425187776,47.8766669518645,719
"5190",113246,-21.3098125457764,-46.1082420349121,0.0007548240282631,1.64092180057196e-05,1.24915559354122e-05,17778.6756517464,10.5470229390628,787
"5191",113249,-21.2857532501221,-46.0043792724609,0.0003314274572403,7.20494472261635e-06,1.29969757836079e-05,12053.2044197686,8.6354479406901,551
"5192",113250,-21.2777881622314,-45.9698448181152,0.0004332116623118,9.41764483286534e-06,1.24803891594638e-05,11958.244723266,7.54098942041598,1007
"5193",113251,-21.269847869873,-45.9353446960449,9.22848976188106e-05,2.00619342649588e-06,1.27806652017171e-05,12956.4644868102,5.42204159409722,736
"5194",113252,-21.2619342803955,-45.9008865356445,0.0004309233172534,9.36789820116246e-06,1.19348851512768e-05,14825.1396084351,8.2840278465869,929
"5195",113253,-21.2540454864502,-45.8664627075195,0.000327631503751,7.12242399458773e-06,1.17884110295563e-05,17281.6654346241,10.9098084808353,601
"5196",113254,-21.2461833953857,-45.8320770263672,0.0013780111294181,2.99567636830034e-05,1.25569613373955e-05,20109.1020404828,12.4161858371937,920
"5197",113255,-21.2383441925049,-45.797721862793,0.0013026523374719,2.83185290754773e-05,1.44182513395208e-05,23170.7681275169,280.957549853076,685
"5198",113256,-21.2305297851562,-45.7633972167969,0.0007740314504189,1.68267706612824e-05,1.13286660052836e-05,26383.5788835419,647.342483218792,740
"5199",113257,-21.2227401733398,-45.7290992736816,0.0004813633840967,1.0464421393408e-05,1.06729257822735e-05,29697.456137639,80.4558069434138,962
"5200",113258,-21.2149715423584,-45.6948318481445,0.0004147759191255,9.01686780707678e-06,1.25230453704717e-05,33080.8483582784,11.5922894747214,960
"5201",113260,-21.1995067596436,-45.6263771057129,0.0009080001073016,1.97391327674268e-05,1.26027207443258e-05,39981.7846486678,14.1722634281636,1008
"5202",113261,-21.1918067932129,-45.5921821594238,0.0002671822858246,5.80831056140596e-06,1.22228948384873e-05,43477.2628355685,15.1129257226725,669
"5203",113263,-21.1764717102051,-45.5238571166992,0.0012462027552828,2.70913642452797e-05,1.30498765429365e-05,50524.1388876621,7.93352553272952,966
"5204",113264,-21.1688365936279,-45.4897193908691,8.20830568954989e-05,1.78441428033693e-06,1.08544945760514e-05,54067.8492617679,6.3881741029818,966
"5205",113265,-21.1612224578857,-45.4556007385254,0.0002227831537311,4.84311203763355e-06,1.0910694982158e-05,57620.9823267857,6.45360828826247,1008
"5206",113266,-21.1536273956299,-45.4214973449707,0.0002744095645539,5.96542531638988e-06,1.1620405530266e-05,61181.9044459235,7.2855572509853,653
"5207",113267,-21.1460514068604,-45.3874053955078,0.0006506371591967,1.41442860694951e-05,1.16994542622706e-05,64749.3491880182,9.54347071451511,1204
"5208",113268,-21.1384963989258,-45.353328704834,0.0009465244802413,2.05766191356815e-05,1.21393813969917e-05,68321.584596189,13.6945029700836,768
"5209",113269,-21.1309604644775,-45.3192558288574,0.0002398373635514,5.21385572938016e-06,1.21174552987213e-05,71898.7566409408,13.9911830455041,1210
"5210",113270,-21.1234436035156,-45.2851943969727,0.0009485727241553,2.06211461772909e-05,1.28134388432954e-05,74869.785239974,14.4668667758404,28
"5211",113271,-21.1159439086914,-45.2511405944824,0.0009417827022843,2.04735370061826e-05,1.30371145132813e-05,73303.4217980653,7.8661845291897,723
"5212",113272,-21.1084613800049,-45.2170906066895,0.000746714809793,1.62329306476749e-05,1.27472558233421e-05,71888.2990867585,5.25750165008477,806
"5213",113273,-21.1009979248047,-45.1830444335938,0.0004990789911971,1.08495432868949e-05,1.2084147783753e-05,70633.5920828279,7.60505594459119,963
"5214",113274,-21.0935516357422,-45.1490020751953,0.000587017091675,1.27612411233713e-05,1.24646412587026e-05,69547.6356076608,9.6968848802,709
"5215",113275,-21.0861225128174,-45.1149559020996,0.0006191438715177,1.34596493808203e-05,1.29190175357508e-05,68638.3110203,384.905546598049,999
"5216",113276,-21.0787086486816,-45.0809097290039,0.0011859510486829,2.5781544536585e-05,1.32019413285889e-05,67912.4730152826,266.048574939459,949
"5217",113277,-21.0713119506836,-45.0468597412109,0.0013744519092142,2.98793893307447e-05,1.36587468659854e-05,67376.2426601794,14.1756186146751,1010
"5218",113278,-21.0639324188232,-45.012809753418,0.0001155622098849,2.51222195402079e-06,1.10328237497015e-05,67034.099447273,38.3729646510831,934
"5219",113279,-21.0565662384033,-44.9787483215332,0.00121411789587,2.63938673015218e-05,1.25506539916387e-05,66888.7902691969,7.79680768254763,964
"5220",113280,-21.0492172241211,-44.9446830749512,0.0013226515620772,2.87532948277658e-05,1.28613191918703e-05,66941.9289498761,3.86207295085567,774
"5221",113285,-21.0126838684082,-44.774169921875,7.57578430210515e-07,1.64690963089242e-08,1.02340327430284e-05,70111.7912225834,407.838207754276,923
"5222",113286,-21.0054168701172,-44.7400207519531,0.0010300032008672,2.23913739318959e-05,1.08364883999457e-05,71291.6932471587,92.1699928983218,971
"5223",113287,-20.9981651306152,-44.7058563232422,0.0005205750094319,1.13168480311288e-05,9.67233063420281e-06,72636.6754049668,67.7946900506403,1134
"5224",113288,-20.9909248352051,-44.6716690063477,0.000179936186214,3.91165622204426e-06,9.04233274923172e-06,74138.0856697439,5.87749067682931,725
"5225",113290,-20.9764804840088,-44.6032218933105,0.0006944073593331,1.50958121594158e-05,1.09596685433644e-05,77574.4917873408,2.13390902321052,1230
"5226",113291,-20.9692764282227,-44.568962097168,0.0005369958525989,1.16738228825852e-05,9.96330254565692e-06,79491.3361361112,2.03107389391497,921
"5227",113292,-20.9620838165283,-44.5346755981445,0.0004709103868663,1.02371823231806e-05,1.0614681741572e-05,81528.9016585601,8.63525081587407,977
"5228",113293,-20.9549026489258,-44.500358581543,0.0005630268078675,1.22397132145124e-05,9.8531536423252e-06,78643.2754654493,9.70722753314223,728
"5229",113294,-20.9477310180664,-44.4660110473633,7.30306758214283e-05,1.58762338742235e-06,9.86048598861089e-06,75409.9788521621,1.84812702523776,890
"5230",113295,-20.9405708312988,-44.4316329956055,0.0003254154107708,7.07424806023482e-06,1.29890977405012e-05,72215.0497100835,1.24548594846782,653
"5231",113296,-20.9334201812744,-44.3972206115723,0.0007736938277957,1.6819431039039e-05,1.05469853224349e-05,69063.8271080344,1.3263042035227,914
"5232",113297,-20.9262790679932,-44.3627700805664,0.0011216881175641,2.43845242948737e-05,1.2596898159245e-05,65962.8377048014,3.61041522577697,910
"5233",113298,-20.9191474914551,-44.3282852172852,0.0009765278773556,2.12288668990368e-05,1.26091217680369e-05,62920.4118756163,4.40990619812461,744
"5234",113299,-20.9120254516602,-44.293758392334,0.0004913099473924,1.06806510302704e-05,9.75714920059545e-06,59945.5464477007,6.15918604681542,734
"5235",113300,-20.9049129486084,-44.2591934204102,0.0005679986461473,1.23477966553764e-05,1.13801343104569e-05,57049.8335871956,79.134802826057,998
"5236",113301,-20.8978099822998,-44.2245826721191,0.0003080682599829,6.6971360865864e-06,9.7319889391656e-06,54246.2231112991,130.758153816446,1033
"5237",113302,-20.8907127380371,-44.1899299621582,0.0001761104240358,3.82848747904063e-06,9.48768501984887e-06,51550.5515155743,12.1640571227236,974
"5238",113303,-20.8836250305176,-44.1552314758301,0.0008114750125969,1.76407611434115e-05,1.11202480184147e-05,48981.7372366254,4.35571365250265,1035
"5239",113304,-20.8765449523926,-44.1204872131348,0.0009151032354566,1.98935485968832e-05,1.77748897840502e-05,46561.6403154274,5.78256440239361,666
"5240",113305,-20.8694725036621,-44.0856895446777,0.0001768402662492,3.84435361411306e-06,2.1691794245271e-05,44315.4332071894,63.739523410788,759
"5241",113308,-20.8482971191406,-43.9809913635254,6.44795723019342e-05,1.40172983265074e-06,1.7259026208194e-05,38925.4924700821,7.30345350676533,957
"5242",113310,-20.8342113494873,-43.9109115600586,0.0002937619301519,6.38612891634693e-06,1.11925764940679e-05,36791.3374391478,24.524601519902,951
"5243",113311,-20.8271770477295,-43.8757820129395,0.0004788432215718,1.04096352515626e-05,1.21536368169473e-05,36255.0977108677,6.79928143419453,909
"5244",113313,-20.8131256103516,-43.8053359985352,0.0001599565830474,3.47731702277088e-06,1.49720972331124e-05,32780.0790466159,113.582238335341,652
"5245",113314,-20.8061065673828,-43.7700157165527,0.0006543192957906,1.42243325171876e-05,9.96477774606319e-06,30972.4214649683,7.15026255123778,755
"5246",113315,-20.79909324646,-43.7346267700195,0.0008078094433585,1.7561074855621e-05,1.10656264951103e-05,29531.3428498558,7.10563447615483,1095
"5247",113316,-20.7920837402344,-43.6991691589355,0.0004246685966791,9.2319260147633e-06,1.00707220553886e-05,28514.9676779883,35.289052885688,1174
"5248",113317,-20.7850780487061,-43.6636428833008,0.0005617909919237,1.22128476505168e-05,9.56769781623734e-06,27972.4084112142,22.6405912327486,779
"5249",113318,-20.778076171875,-43.6280403137207,0.0008550997044949,1.85891240107594e-05,1.01981904663262e-05,27934.2814746276,15.0953653689862,321
"5250",113319,-20.7710781097412,-43.5923614501953,0.0006431406400224,1.3981318261358e-05,1.00408406069619e-05,28405.6709229196,20.6731938095212,791
"5251",113320,-20.7640838623047,-43.5566062927246,0.0010013070350396,2.17675442399923e-05,1.13010810309788e-05,29365.0063485264,16.8918816893473,857
"5252",113321,-20.7570915222168,-43.5207748413086,0.0008695015894772,1.89022084668977e-05,8.86842826730572e-06,30769.3382854251,13.5670649486696,543
"5253",113322,-20.7501010894775,-43.4848594665527,0.0003463502725935,7.52935375203378e-06,8.76403555594152e-06,32564.374868377,25.9172721687672,991
"5254",113323,-20.7431144714355,-43.4488639831543,0.0008691181137692,1.88938720384613e-05,1.12020052256412e-05,34692.1533958534,16.2660595873334,703
"5255",113324,-20.7361278533936,-43.4127807617188,0.0002907647240135,6.32097226116457e-06,7.85539486969355e-06,37098.3209272603,18.2275259185663,642
"5256",113325,-20.7291450500488,-43.3766098022461,0.0001645938109504,3.57812632501009e-06,8.47360388434026e-06,39735.1343830165,14.7455899354556,908
"5257",113326,-20.7221622467041,-43.3403511047363,0.0010388785340182,2.25843159569195e-05,1.16111568786437e-05,42561.9234800623,48.9026514677865,919
"5258",113327,-20.715181350708,-43.3040008544922,0.0007111549057299,1.54598892549984e-05,1.06546003735275e-05,45546.0313727583,50.7875997391295,730
"5259",113328,-20.7082004547119,-43.2675590515137,0.0004389547611936,9.54249480855651e-06,9.40417612582678e-06,48660.6370738606,40.9330002172234,702
"5260",113329,-20.7012214660645,-43.2310180664062,0.0007782100219628,1.6917609173106e-05,1.02578233054373e-05,51885.1349584969,20.6669532728044,972
"5261",113330,-20.694242477417,-43.1943817138672,0.0008784517267486,1.9096776668448e-05,1.0123504580406e-05,55201.9385023285,22.4449589931456,935
"5262",113331,-20.6872615814209,-43.1576461791992,0.0006930584168003,1.50664873217465e-05,8.84573364601238e-06,58597.6179056675,24.8867048730462,661
"5263",113332,-20.6802825927734,-43.1208038330078,0.0004010481916338,8.71843894856283e-06,8.62328033690574e-06,62062.0047362952,96.1026341467899,924
"5264",113333,-20.6733016967773,-43.0838623046875,0.0002108559965563,4.5838260120945e-06,8.7167818492162e-06,65585.2728591626,115.236209831117,1018
"5265",113334,-20.6663208007812,-43.0468139648438,0.0009338831696368,2.03018080355832e-05,1.17460949695669e-05,69160.9596503697,31.4417468542845,969
"5266",113335,-20.6593379974365,-43.0096549987793,0.0007098432397469,1.54313747771084e-05,1.23719937619171e-05,72783.4435371069,17.3486978282448,717
"5267",113337,-20.6453666687012,-42.935001373291,0.0001465205832573,3.1852300708124e-06,8.8775514086592e-06,80047.7572196938,18.9756600093691,740
"5268",113339,-20.6313877105713,-42.8598861694336,0.0002281869146827,4.96058510179864e-06,8.58324347063899e-06,72159.5416896424,252.215535962052,1246
"5269",113340,-20.6243934631348,-42.822151184082,0.0003159010420858,6.86741395838908e-06,8.79945400811266e-06,68202.0407312492,106.283950070898,984
"5270",113341,-20.6173973083496,-42.7842903137207,0.0006225457436812,1.35336031235056e-05,9.21539867704269e-06,64235.6343970958,17.7625296049588,1135
"5271",113342,-20.6103973388672,-42.7463035583496,0.0002770233577393,6.02224690737785e-06,8.91697891347576e-06,60261.1163754495,44.6280663599155,1637
"5272",113343,-20.6033935546875,-42.7081909179688,0.0007718343513261,1.6779007637524e-05,1.2226030776219e-05,56279.5289098181,50.9609562312184,686
"5273",113344,-20.5963859558105,-42.6699485778809,0.0004592086042976,9.98279574560001e-06,9.7833353720489e-06,52291.8426630882,10.4087928161246,84
"5274",113345,-20.5893726348877,-42.6315689086914,0.0002648487361511,5.75758122067782e-06,8.31034594739322e-06,48299.0899745502,8.77713612514362,840
"5275",113346,-20.5823574066162,-42.5930595397949,0.000224424848966,4.87880106447847e-06,8.92986372491578e-06,44304.5630938897,12.1108594444252,605
"5276",113347,-20.5753345489502,-42.5544052124023,0.000469237083962,1.02008061730885e-05,8.94271033757832e-06,40310.1836708154,23.9060079622125,728
"5277",113348,-20.5683078765869,-42.5156135559082,0.0003089281935899,6.71583029543399e-06,8.15550720290048e-06,36321.8034018038,28.7116777093733,699
"5278",113628,-21.5920352935791,-47.4884300231934,0.0009214019264618,2.00304766622139e-05,1.46306874739821e-05,19567.5358257611,1.77100055005097,928
"5279",113629,-21.5825347900391,-47.4506568908691,0.0004458703770069,9.69283428275958e-06,1.2714383956336e-05,16148.8550395395,2.65682566223233,931
"5280",113630,-21.5730838775635,-47.4130020141602,0.0002680549587239,5.82728171139024e-06,1.25011847558198e-05,13111.0965207888,3.54872009319188,958
"5281",113631,-21.5636825561523,-47.3754730224609,0.0005143222551851,1.11809185909806e-05,1.27386929307249e-05,10766.4203521909,3.93957494312723,721
"5282",113633,-21.5450248718262,-47.3007545471191,0.0008288983481179,1.80195293069119e-05,1.18971920528566e-05,10065.9579721677,3.158245845916,933
"5283",113634,-21.5357666015625,-47.2635688781738,0.0001953184528247,4.24605332227657e-06,1.28106048578047e-05,11920.2735875616,2.26300852966967,982
"5284",113635,-21.5265560150146,-47.226490020752,0.000621794941253,1.35172813315876e-05,1.3802588910039e-05,14646.414158714,3.4867193045835,957
"5285",113637,-21.5082683563232,-47.1526565551758,0.0002375588501308,5.1643228289322e-06,1.34104711833061e-05,21287.4118191819,6.24209447421491,755
"5286",113639,-21.4901599884033,-47.0792350769043,0.000614813181528,1.3365503946261e-05,1.36984890559688e-05,21149.7350819063,5.53680732910854,1000
"5287",113640,-21.4811706542969,-47.0426750183105,0.0008558080844522,1.86045235750498e-05,1.2240028809174e-05,17797.5406583241,804.054490821345,920
"5288",113641,-21.4722232818604,-47.0062103271484,0.0010568106044956,2.29741435759934e-05,1.17084455268923e-05,14738.7398001609,1198.38578610147,1191
"5289",113642,-21.4633178710938,-46.969841003418,0.0016282115830108,3.53959039784968e-05,1.58203365572263e-05,12185.7669950014,230.999845117129,950
"5290",113643,-21.4544544219971,-46.9335632324219,0.0019365821135579,4.20996111643035e-05,2.02395694941515e-05,10501.8069697117,9.52849042750827,714
"5291",113644,-21.445629119873,-46.8973770141602,0.0004246613589202,9.2317686721799e-06,1.4750780792383e-05,10117.5816323479,7.30034443638746,759
"5292",113645,-21.4368457794189,-46.8612785339355,0.0008282655253424,1.80057722900528e-05,1.40267420647433e-05,11157.9344036466,6.5841300035072,1006
"5293",113649,-21.4020977020264,-46.7177200317383,0.0019105348837911,4.15333670389373e-05,1.89069214684423e-05,8932.13687297311,12.4104102470563,864
"5294",113651,-21.3849468231201,-46.6464195251465,3.29891033743479e-05,7.17154421181476e-07,2.76583032245981e-05,11316.6340805022,10.9837969396901,848
"5295",113653,-21.3679389953613,-46.5754127502441,0.0004950899819959,1.0762825695565e-05,1.389468616253e-05,17093.7746976071,11.4164029509444,664
"5296",113660,-21.3094787597656,-46.3290023803711,0.0005875985807506,1.27738821902312e-05,1.32010327433818e-05,39506.4573085131,142.235137010991,954
"5297",113661,-21.3012561798096,-46.2940444946289,0.0004118737033422,8.95377615961479e-06,1.25283186207525e-05,36193.548521952,7.05365879167315,726
"5298",113662,-21.2930641174316,-46.2591400146484,0.0010161376631003,2.20899491978344e-05,1.27848334159353e-05,32976.3118581714,7.53427686631174,707
"5299",113663,-21.2849006652832,-46.2242889404297,0.0001264001261915,2.74782883025182e-06,1.17840345410514e-05,29883.4159077287,7.51604888943411,1004
"5300",113665,-21.2686653137207,-46.1547431945801,7.908315228633e-05,1.7191989627463e-06,2.19471439777408e-05,24247.6932016679,291.366954558292,952
"5301",113670,-21.2285671234131,-45.9816932678223,0.0006524353448185,1.4183377061272e-05,1.35526697704336e-05,17542.6215210492,8.00648011097103,1026
"5302",113671,-21.2206268310547,-45.947208404541,0.0009353718050988,2.03341696760617e-05,1.30243461171631e-05,18261.063268245,12.1640392800804,1146
"5303",113673,-21.2048282623291,-45.8783493041992,0.0003382145923751,7.35249113859027e-06,1.24831076391274e-05,21582.8773219931,13.1049699937001,687
"5304",113674,-21.196964263916,-45.8439750671387,0.0013904200786782,3.0226523449528e-05,1.38168388730264e-05,23922.425952697,13.7493038146945,718
"5305",113676,-21.1813144683838,-45.775318145752,0.0003391077234482,7.37190703148372e-06,1.08168642327655e-05,29416.5628840212,9.50386205856416,937
"5306",113677,-21.1735248565674,-45.7410354614258,0.0005124872532178,1.11410272438661e-05,1.14565809781197e-05,32431.1329967652,9.94767942989648,988
"5307",113678,-21.1657581329346,-45.7067794799805,4.4269396312302e-05,9.62378180702217e-07,1.05951412479044e-05,35563.3322051042,12.0882897059323,984
"5308",113679,-21.1580142974854,-45.672550201416,0.0015158649985096,3.29535869241226e-05,1.5597866877215e-05,38783.7409771544,13.1815665769848,999
"5309",113681,-21.1425952911377,-45.6041641235352,0.0008711090413271,1.89371530723292e-05,1.21633283924893e-05,45411.1346034833,10.7164063926606,660
"5310",113682,-21.1349182128906,-45.5699996948242,0.0005886584731342,1.27969233290059e-05,1.21889170259237e-05,48792.1941572772,127.100859301097,738
"5311",113683,-21.1272621154785,-45.5358619689941,0.000286950613372,6.23805681243539e-06,1.20839858936961e-05,52205.2506220287,44.5531693521972,995
"5312",113684,-21.11962890625,-45.5017356872559,0.0007896976421761,1.71673400473082e-05,1.17284726002254e-05,55645.0113653672,50.6973220559923,1165
"5313",113685,-21.1120147705078,-45.4676284790039,0.0009189189149765,1.99764981516637e-05,1.16100964078214e-05,59106.0293397422,6.23165028536488,1312
"5314",113686,-21.1044216156006,-45.433536529541,0.0001705292229416,3.70715702047164e-06,1.1351043212926e-05,62584.5941576682,7.00120179090611,778
"5315",113687,-21.0968475341797,-45.3994598388672,0.0009996379994845,2.17312608583597e-05,1.2510662600107e-05,66077.6938237618,11.1924630408099,896
"5316",113688,-21.0892925262451,-45.3653907775879,0.0004564485916489,9.92279547062935e-06,1.12460384116275e-05,69583.5190654008,13.2573299300375,585
"5317",113690,-21.0742416381836,-45.2972831726074,0.0016445354485767,3.57507706212346e-05,1.37480210469221e-05,69892.5858515758,13.0574573159227,685
"5318",113691,-21.0667419433594,-45.263240814209,0.0002355186179556,5.11996995555819e-06,1.20834893095889e-05,68214.1540909726,6.85353595235376,667
"5319",113692,-21.0592632293701,-45.2292022705078,0.0003098788083661,6.73649583404767e-06,1.18717425721115e-05,66693.4486790165,5.43072750194094,831
"5320",113693,-21.0517997741699,-45.1951675415039,0.0002311341886525,5.02465627505444e-06,1.14029035103158e-05,65340.6989244614,36.5089142181106,870
"5321",113694,-21.0443553924561,-45.1611328125,0.0005620645206363,1.2218793926877e-05,1.18799653137103e-05,64166.7910758639,79.0389739708339,928
"5322",113695,-21.0369262695312,-45.1271018981934,0.0002874741167033,6.24943731963867e-06,1.20538525152369e-05,63181.1945099945,17.2015819878024,744
"5323",113696,-21.0295143127441,-45.0930671691895,0.0014225881095626,3.0925828468753e-05,1.2962288565177e-05,62392.9415431281,28.7902021112175,698
"5324",113697,-21.0221195220947,-45.0590286254883,0.0001972159170691,4.28730254498078e-06,1.16871206046198e-05,61809.57430615,70.9861033703961,990
"5325",113698,-21.0147399902344,-45.0249862670898,0.0007067259830364,1.53636083268793e-05,1.0524518074817e-05,61436.7117162418,15.4135277276421,908
"5326",113699,-21.0073757171631,-44.9909400939941,0.0002612479511299,5.67930328543298e-06,2.02357114176266e-05,61278.1968337803,16.1214892394888,1047
"5327",113701,-20.9926929473877,-44.9228172302246,7.11271870841301e-05,1.54624319748109e-06,9.63089041761123e-06,61609.2371170663,6.4542185051659,1143
"5328",113702,-20.9853744506836,-44.888744354248,0.0009943771110556,2.16168937186012e-05,1.22278961498523e-05,62095.413720439,8.45037295600553,667
"5329",113703,-20.9780693054199,-44.8546524047852,0.0004083205913048,8.87653459358262e-06,9.38562607188942e-06,62789.8804198325,3.50931465460762,1031
"5330",113704,-20.9707775115967,-44.8205490112305,0.0002007783796216,4.36474738307879e-06,1.2821546079067e-05,63685.7154964954,3.19137202548148,990
"5331",113705,-20.9635009765625,-44.7864303588867,0.0002110930436174,4.58897920907475e-06,1.53062228491763e-05,64775.092480313,3.64072657393976,749
"5332",113707,-20.9489841461182,-44.7181396484375,0.0010188256746914,2.21483842324233e-05,1.2556206456793e-05,67495.7314574296,6.87704457531227,993
"5333",113709,-20.9345188140869,-44.6497650146484,0.0013569272450695,2.94984183710767e-05,1.31009319375153e-05,70869.9731597706,4.12333068469134,1134
"5334",113710,-20.9273052215576,-44.6155395507812,0.0005407007065514,1.17543631859007e-05,1.16041910587228e-05,72775.6299014723,3.2858422083144,735
"5335",113711,-20.9201030731201,-44.5812911987305,0.0004149048600083,9.01967086974764e-06,9.77256058831699e-06,74812.5676662939,2.46874293298059,776
"5336",113712,-20.9129104614258,-44.5470161437988,0.000234466193433,5.09709116158774e-06,1.0288540579495e-05,76970.8211640596,34.2052879537478,125
"5337",113713,-20.9057312011719,-44.5127105712891,0.000486893366542,1.05846384030883e-05,9.75685361481737e-06,76307.1432894945,181.827640156758,837
"5338",113714,-20.8985614776611,-44.4783744812012,0.0009327350853709,2.02768496819772e-05,1.1954130968661e-05,72968.5972509082,6.53298948167839,1035
"5339",113715,-20.8914012908936,-44.4440078735352,0.0003549585198925,7.71648956288118e-06,1.13998967208317e-05,69659.4767546927,2.57202626308564,599
"5340",113716,-20.8842525482178,-44.4096069335938,0.0013796058628941,2.99914318020456e-05,1.35186865009018e-05,66384.4847744301,2.18374890794421,711
"5341",113720,-20.8557529449463,-44.2716255187988,0.0001132555507865,2.46207719101221e-06,1.75437107827747e-05,53758.8248424918,4.0865354567013,684
"5342",113721,-20.8486499786377,-44.2370300292969,0.000523876013176,1.1388608982088e-05,1.44894011100405e-05,50768.588195372,3.51601434188727,820
"5343",113722,-20.8415565490723,-44.2023887634277,0.0008646948808745,1.87977148016216e-05,1.28005112856044e-05,47871.6281000615,5.42877764990758,886
"5344",113726,-20.8132572174072,-44.063346862793,0.0002107714444719,4.58198792330222e-06,1.3447256606014e-05,37662.2340740748,10.2035552256122,796
"5345",113727,-20.8062000274658,-44.0284614562988,0.0006560875681316,1.42627732202527e-05,1.27227976918221e-05,35609.9836790869,12.827984029826,959
"5346",113728,-20.7991504669189,-43.9935188293457,0.0013072873480268,2.84192901744973e-05,1.57026697706897e-05,33839.0814575424,11.7183178695959,774
"5347",113729,-20.792106628418,-43.9585189819336,0.0016500368146807,3.58703655365389e-05,2.35531024372904e-05,32397.4207599729,34.5543491865977,710
"5348",113730,-20.7850685119629,-43.9234619140625,0.0011641003802651,2.53065300057642e-05,1.22406645459705e-05,31332.5003948044,24.7976747550177,973
"5349",113731,-20.7780361175537,-43.8883438110352,0.0008272774248325,1.79842918441864e-05,1.3307947483554e-05,30685.671584819,7.51556307213509,985
"5350",113732,-20.7710094451904,-43.8531646728516,0.0012283591277082,2.67034592980053e-05,1.32303193822736e-05,30485.7814740325,7.30086232287405,973
"5351",113733,-20.763988494873,-43.8179206848145,0.0008464077836833,1.84001692105085e-05,1.08288077171892e-05,28248.9651223382,17.4479205882474,684
"5352",113734,-20.7569732666016,-43.7826118469238,0.0013845921348547,3.00998290185817e-05,1.35425925691379e-05,26110.440161975,27.3210534984986,736
"5353",113735,-20.7499599456787,-43.7472381591797,0.0010834881468326,2.35540901485365e-05,1.1089167855971e-05,24361.8069785805,26.3570889032652,1040
"5354",113736,-20.7429523468018,-43.7117919921875,0.0014487218577414,3.14939534291625e-05,1.25372362163034e-05,23095.3719353885,7.74055490113043,1019
"5355",113737,-20.7359504699707,-43.6762733459473,0.0014236937713576,3.09498645947315e-05,1.18578918772982e-05,22396.7341358972,12.2787289868029,1105
"5356",113738,-20.7289505004883,-43.640682220459,0.001158255367045,2.51794645009795e-05,1.07783916973858e-05,22322.5257438649,4.9404699752601,1152
"5357",113739,-20.7219543457031,-43.6050186157227,0.0012890622529084,2.80230924545322e-05,1.21775201478158e-05,22882.6339042915,18.733242948517,732
"5358",113740,-20.7149600982666,-43.5692749023438,0.0013896643395128,3.02100943372352e-05,1.10806859083823e-05,24036.4462119103,23.6499876212323,770
"5359",113741,-20.7079696655273,-43.5334548950195,0.0007619355237693,1.65638157341164e-05,8.4886032709619e-06,25707.6070392224,21.9184558769369,1051
"5360",113742,-20.7009830474854,-43.4975509643555,0.0009713901563372,2.11171773116803e-05,9.51938363868976e-06,27806.71454319,40.7756924807989,981
"5361",113743,-20.693998336792,-43.4615669250488,0.0003185482419212,6.92496178089641e-06,1.23806921692449e-05,30247.5345592234,33.2691944805306,786
"5362",113744,-20.6870136260986,-43.4254951477051,0.0001439222801309,3.12874522023776e-06,7.81944254413247e-06,32957.6066109229,19.9772572104657,841
"5363",113745,-20.6800327301025,-43.3893394470215,0.0006191718184709,1.34602569232811e-05,1.0661814485502e-05,35878.6484897737,18.031589639514,987
"5364",113746,-20.6730537414551,-43.3530921936035,0.0004435812788869,9.64307128015207e-06,1.00056640803814e-05,38966.374062234,16.2735309229245,715
"5365",113747,-20.6660747528076,-43.3167533874512,0.0005579803746513,1.21300081445952e-05,8.12923735793447e-06,42186.6524561621,101.332833811587,863
"5366",113748,-20.6590957641602,-43.2803230285645,0.0003878163970512,8.43079124024371e-06,8.03373859525891e-06,45513.7149911594,32.3651737839779,924
"5367",113749,-20.6521186828613,-43.2437934875488,0.0006473518442362,1.4072866179049e-05,9.82838719210122e-06,48928.8020352604,29.4380068322652,1058
"5368",113750,-20.6451416015625,-43.2071685791016,8.15435719232482e-05,1.77268634615757e-06,9.06603963812813e-06,52416.4987144394,19.9747347248458,1171
"5369",113751,-20.6381645202637,-43.1704444885254,0.000642258888547,1.39621497510234e-05,7.83735231379978e-06,55965.6337159485,19.4421244691601,716
"5370",113753,-20.6242084503174,-43.0966873168945,0.0005119495672261,1.11293384179589e-05,9.4969327619765e-06,63215.2412535388,34.7404564739637,1034
"5371",113754,-20.6172294616699,-43.0596504211426,0.0009195784296025,1.99908354261424e-05,1.03875099739525e-05,66903.3790073949,25.5824744661219,1021
"5372",113755,-20.6102485656738,-43.0225028991699,0.0003548579443304,7.71430313761812e-06,9.75803959590849e-06,70627.8367426336,17.9711111277027,670
"5373",113756,-20.6032676696777,-42.9852447509766,0.0004734976137115,1.02934263850329e-05,8.49787556944648e-06,74384.9706563006,20.9193478349485,748
"5374",113757,-20.5962829589844,-42.9478759765625,0.0003709983138833,8.0651807365939e-06,8.45860358822392e-06,78171.7349648388,18.8377161668616,1025
"5375",113758,-20.589298248291,-42.9103889465332,0.0005637217163894,1.22548199215089e-05,8.49696516525e-06,77223.0070684062,17.4670090167684,1058
"5376",113759,-20.5823097229004,-42.8727836608887,0.0003534289680828,7.68323843658436e-06,7.72538714954862e-06,73322.1507694038,20.6826934147906,1204
"5377",113760,-20.5753192901611,-42.8350601196289,0.0006699438181385,1.45639960464905e-05,8.42604822537396e-06,69417.7516430882,21.4338206000539,1571
"5378",113761,-20.5683250427246,-42.7972145080566,3.89020281090779e-05,8.45696263240825e-07,7.59181375542539e-06,65510.993085061,14.0009530843186,789
"5379",113762,-20.5613269805908,-42.7592391967773,0.0004130634988541,8.97964127943851e-06,9.03825912246248e-06,61603.0727618429,8.78343063727908,799
"5380",113764,-20.5473213195801,-42.6829071044922,0.0006740719763911,1.46537386171985e-05,1.00213255791459e-05,53795.414791282,5.98071477202593,941
"5381",113765,-20.5403118133545,-42.6445426940918,0.000631895254628,1.3736853361479e-05,9.4573852038593e-06,49902.5046706106,7.47236274059578,1081
"5382",113766,-20.533296585083,-42.6060409545898,0.0007718543492956,1.67794423759915e-05,8.90879800863331e-06,46023.6076180591,9.53211408057984,729
"5383",113767,-20.5262775421143,-42.5674057006836,0.0008876141437212,1.92959596461151e-05,1.12681818791316e-05,42167.032616637,11.8074317366762,634
"5384",113768,-20.5192527770996,-42.5286254882812,0.0002874094161597,6.24803078608238e-06,7.87865246820729e-06,38342.7620564537,33.2712960703335,731
"5385",114048,-21.5428733825684,-47.4997444152832,0.0010072185687022,2.18960558413528e-05,1.52874381456058e-05,17250.1277975914,1.25255985355432,836
"5386",114049,-21.5333728790283,-47.461986541748,0.0005365702054405,1.16645696834894e-05,1.43390716402791e-05,13335.5844953857,1.99015259356928,927
"5387",114050,-21.5239219665527,-47.4243469238281,0.0005731313467549,1.24593771033688e-05,1.25608748930972e-05,9553.57731857996,3.6856155174335,715
"5388",114053,-21.4958629608154,-47.3121376037598,0.0003647805351647,7.93001163401641e-06,1.35124237203854e-05,5227.24868051348,3.03127702513359,662
"5389",114054,-21.4866046905518,-47.2749633789062,0.0007957619636727,1.72991731233196e-05,1.30685266412911e-05,8378.92363263023,2.37910776692616,701
"5390",114055,-21.4773941040039,-47.2378997802734,0.000712550998287,1.54902390931966e-05,1.3610825590149e-05,12028.4752077929,1.84554663981405,931
"5391",114056,-21.4682273864746,-47.2009429931641,0.0003472668531685,7.54927941670758e-06,1.33854782689014e-05,15826.3385581461,1.47522064808387,920
"5392",114057,-21.4591064453125,-47.1640930175781,0.0006102621373429,1.32665682031075e-05,1.33117782752379e-05,19679.6223993633,1.41474867454943,671
"5393",114058,-21.4500312805176,-47.1273460388184,0.0003225293021387,7.01150656823302e-06,1.35769796543173e-05,22740.0509720525,2.90236545435539,728
"5394",114059,-21.4409980773926,-47.0906982421875,0.0006140787791082,1.33495386762661e-05,1.40509837365244e-05,18900.0657471094,3.43849202930362,1100
"5395",114060,-21.4320087432861,-47.0541496276855,0.000341900661624,7.43262307878467e-06,1.27803868963383e-05,15118.8598399771,47.7667986644953,994
"5396",114061,-21.4230613708496,-47.0177001953125,0.0005849216558999,1.27156881717383e-05,1.1931822882616e-05,11443.162611927,379.80511372092,948
"5397",114062,-21.414155960083,-46.9813423156738,1.08034689674241e-05,2.34858021030959e-07,1.32241411847644e-05,8002.5636919347,53.1696491735734,685
"5398",114064,-21.3964691162109,-46.9089050292969,0.0007469226547982,1.62374490173534e-05,2.66885126620764e-05,4630.8570817419,8.08539728075438,766
"5399",114065,-21.3876857757568,-46.8728179931641,0.0003637437366705,7.90747253631707e-06,1.52411657836637e-05,6728.5531858319,6.17767116951466,976
"5400",114066,-21.3789405822754,-46.8368186950684,8.1716347267502e-05,1.77644233190222e-06,1.81847954081604e-05,9943.74301722548,6.06661195315354,1108
"5401",114069,-21.3529376983643,-46.7293128967285,0.0005875622246094,1.27730918393354e-05,1.62321503012208e-05,3348.97925383778,79.2338041724693,1445
"5402",114070,-21.3443431854248,-46.6936340332031,0.0013672435197804,2.97226852126187e-05,2.47023981501115e-05,4722.6426074571,119.969846564814,785
"5403",114071,-21.335786819458,-46.6580352783203,0.001167146849184,2.53727575909579e-05,3.20811923302244e-05,7905.52846454235,11.5880253735031,356
"5404",114072,-21.3272666931152,-46.6225090026855,0.0012912288948427,2.80701933661476e-05,2.41742163780145e-05,11472.0250117673,9.17561932591203,712
"5405",114074,-21.3103294372559,-46.5516700744629,0.0001509420590082,3.28134910887456e-06,1.4980893865868e-05,18863.6078451863,28.8118300587377,1043
"5406",114075,-21.3019123077393,-46.5163536071777,0.0004189170886093,9.10689323063707e-06,1.64508983289124e-05,22596.5274215868,17.6304770939929,705
"5407",114076,-21.293529510498,-46.4811019897461,0.0004530877613433,9.84973394224653e-06,1.6201540347538e-05,26336.0793681098,12.2730450411949,826
"5408",114077,-21.2851791381836,-46.445915222168,0.0008749892331252,1.90215050679399e-05,1.80382212420227e-05,30077.0114581007,12.3916076403055,908
"5409",114078,-21.2768630981445,-46.4107933044434,0.0011823475651908,2.57032079389319e-05,2.2973736122367e-05,33816.3584374236,12.1307791644412,837
"5410",114079,-21.2685775756836,-46.375732421875,0.0004371741051727,9.50378489505965e-06,1.55172238009982e-05,37552.8128191382,23.4753489214314,1010
"5411",114080,-21.2603225708008,-46.3407287597656,0.0013680756528629,2.97407750622369e-05,1.46162738019484e-05,41285.6496718982,27.9190647298504,849
"5412",114081,-21.2520999908447,-46.3057823181152,0.0016579804432694,3.60430531145539e-05,1.54973258759128e-05,39087.3160771845,12.0531506622674,740
"5413",114082,-21.2439079284668,-46.2708892822266,0.0004111596754228,8.93825381353963e-06,1.19798614832689e-05,36145.3795617227,33.3020256428964,974
"5414",114083,-21.235746383667,-46.2360534667969,0.0006209948551259,1.34998881549109e-05,1.32214017867227e-05,33365.4516009617,16.650152307381,984
"5415",114085,-21.2195110321045,-46.1665306091309,0.0001184498246402,2.57499618783186e-06,1.87495861609932e-05,28467.3697375095,47.9533798087277,1456
"5416",114088,-21.1953716278076,-46.0626068115234,5.34330997652432e-05,1.16158912533137e-06,2.05245869437931e-05,23731.5525207452,9.65759444220602,1003
"5417",114089,-21.1873798370361,-46.0280532836914,0.0003880572512571,8.43602720124181e-06,1.5383728168672e-05,23141.063733326,6.87004766958721,768
"5418",114090,-21.1794166564941,-45.9935417175293,0.0005224199267104,1.13569549284875e-05,1.15541624836624e-05,23129.9532707732,19.6764433818636,1036
"5419",114091,-21.1714782714844,-45.9590682983398,0.0007035916569293,1.52954708028119e-05,1.2524788871815e-05,23697.1268492665,14.0775267522608,1016
"5420",114092,-21.1635665893555,-45.924633026123,0.0008402426356042,1.82661442522658e-05,1.27088878798531e-05,24800.7290184433,11.4632524109349,1210
"5421",114093,-21.1556797027588,-45.8902320861816,0.0007950764265842,1.72842701431364e-05,1.2481507837947e-05,26371.9080655984,9.26779113682739,694
"5422",114095,-21.1399803161621,-45.8215370178223,0.0005970602142042,1.29795698740054e-05,1.26229633679031e-05,30602.9965124974,55.3570464235216,1021
"5423",114096,-21.1321678161621,-45.7872352600098,0.0012971817632205,2.81996035482734e-05,1.38766909003607e-05,33121.7292857905,115.909563735061,801
"5424",114097,-21.1243801116943,-45.7529640197754,0.0008916872866393,1.93845062312903e-05,1.20656604849501e-05,35834.2521043239,6.35430052667248,724
"5425",114099,-21.1088714599609,-45.6845016479492,0.0006779434661439,1.47379014379112e-05,1.24539310490945e-05,41684.4348716658,7.77945345831193,698
"5426",114102,-21.0857772827148,-45.5819892883301,0.0009558146666677,2.07785797101678e-05,1.25100723380456e-05,51141.2354529914,256.073739677303,817
"5427",114103,-21.0781230926514,-45.5478591918945,0.0005776105572294,1.25567512441194e-05,1.169555253e-05,54410.8265067064,234.016811049568,847
"5428",114104,-21.0704898834229,-45.5137481689453,0.0014189098219503,3.08458656945731e-05,1.26939521578606e-05,57721.9588007822,21.6224999527387,710
"5429",114105,-21.0628757476807,-45.4796524047852,0.0006192004348122,1.34608790176571e-05,1.03387910712627e-05,61067.8793138407,6.31708280752668,872
"5430",114106,-21.0552825927734,-45.4455718994141,0.0011769368175009,2.55855829891516e-05,1.24207190310699e-05,64442.7050484568,5.97459911549174,964
"5431",114107,-21.0477104187012,-45.411506652832,0.0009554168827889,2.07699322345434e-05,1.29424315673532e-05,67769.8504748046,6.55182071203629,743
"5432",114108,-21.0401573181152,-45.3774490356445,0.0005732502468163,1.24619618873112e-05,1.20985305329668e-05,67641.2422414339,7.87613901622526,1136
"5433",114110,-21.0251064300537,-45.3093643188477,0.0012974868368473,2.82062355836388e-05,1.43003262564889e-05,65025.3103454708,4.41992083243289,746
"5434",114111,-21.0176105499268,-45.275333404541,0.0006867403135402,1.49291372508742e-05,1.2219977179484e-05,63220.4834155611,4.73532475772507,950
"5435",114113,-21.0026702880859,-45.2072830200195,0.0008336326791322,1.81224495463539e-05,1.22570727398852e-05,60112.8247878381,23.0911913971744,1025
"5436",114114,-20.9952259063721,-45.1732635498047,0.0004148318130319,9.01808289199835e-06,1.17593117465731e-05,58836.2097682384,81.1253570035881,706
"5437",114115,-20.9877986907959,-45.1392402648926,0.0005813629795738,1.26383256429108e-05,1.10987721200217e-05,57761.0973952569,4.68519600370497,1270
"5438",114116,-20.9803867340088,-45.1052169799805,0.0006103898649598,1.3269344890432e-05,1.10247128759511e-05,56898.6819116124,6.01751404876656,1029
"5439",114117,-20.972993850708,-45.0711936950684,0.0006648899798165,1.4454129996011e-05,1.08555659608101e-05,56259.0937425352,8.46271107863748,801
"5440",114118,-20.9656143188477,-45.0371627807617,0.0001880465342765,4.08796813644585e-06,9.50766479945742e-06,55849.3822566617,14.9277878702356,1001
"5441",114119,-20.958251953125,-45.0031280517578,0.000541695375432,1.17759864224354e-05,1.35346781462431e-05,55675.0388231679,9.44131070851602,1038
"5442",114122,-20.9362545013428,-44.9009628295898,7.08072300312779e-05,1.53928760937561e-06,9.65786784945522e-06,56571.4011470635,277.666279588786,743
"5443",114123,-20.9289493560791,-44.866886138916,0.0001304531979258,2.83593908534385e-06,1.01044979601284e-05,57331.2133975141,30.1235847947175,1798
"5444",114124,-20.9216594696045,-44.8327941894531,0.0010965687433781,2.38384509430034e-05,1.60503841470927e-05,58309.4180613069,3.4603542334846,813
"5445",114125,-20.9143829345703,-44.7986869812012,0.0014627950731664,3.17998928949237e-05,1.42344579217024e-05,59495.280338293,3.52291122527077,931
"5446",114127,-20.8998699188232,-44.7304191589355,0.0003056174837183,6.64385834170389e-06,1.17219387902878e-05,62441.9529629775,3.94372787139162,1097
"5447",114130,-20.87819480896,-44.6278533935547,0.0002215132408309,4.81550523545593e-06,1.29953159557772e-05,68106.3658590271,3.66432132472761,740
"5448",114131,-20.8709945678711,-44.5936164855957,0.0001109408171942,2.4117568955262e-06,1.27219327623607e-05,70275.5646513324,3.26254545769071,614
"5449",114132,-20.8638038635254,-44.5593528747559,8.4927637317378e-05,1.84625298516039e-06,9.7687689049053e-06,72565.5273127024,2.21172871678865,880
"5450",114133,-20.8566246032715,-44.5250587463379,0.0004098944064026,8.91074796527391e-06,9.74516478891019e-06,74325.7592349404,2.79572677219714,883
"5451",114136,-20.8351516723633,-44.421989440918,6.80433788602386e-06,1.47920388826606e-07,1.63404565682868e-05,64089.8522934825,3.16191950924999,716
"5452",114137,-20.8280143737793,-44.387565612793,0.0004193144541204,9.11553161131451e-06,1.13585374492686e-05,60729.4157414039,3.45159891796197,955
"5453",114138,-20.8208866119385,-44.353099822998,0.0005851360692759,1.27203493320849e-05,1.11366798591916e-05,57402.6059415596,4.66711962288082,703
"5454",114139,-20.8137683868408,-44.3185997009277,0.0006509498471132,1.41510836328962e-05,1.12403167804587e-05,54117.0508424082,5.80941957914315,734
"5455",114140,-20.8066577911377,-44.2840576171875,0.0003282696188762,7.13629606252653e-06,8.83770917425863e-06,50880.7119745467,5.26563949300612,926
"5456",114141,-20.7995567321777,-44.2494697570801,0.0002247961920147,4.8868737394514e-06,1.03257170849247e-05,47704.4061473216,3.98811701872183,922
"5457",114142,-20.7924652099609,-44.2148399353027,0.0005772510539827,1.2548935956147e-05,1.27388193504885e-05,44602.3253182926,4.75271286872581,687
"5458",114143,-20.78537940979,-44.1801643371582,0.0005562109727179,1.20915428851731e-05,2.57514129771153e-05,41591.5692108603,5.57092610413285,1181
"5459",114144,-20.7783031463623,-44.1454429626465,0.0012666779148276,2.75364764092956e-05,4.30007748946082e-05,38695.0823055807,6.30255995924483,1046
"5460",114145,-20.7712345123291,-44.1106719970703,0.0009537816513329,2.07343837246299e-05,2.52006702794461e-05,35941.4635498302,7.54242504220294,750
"5461",114146,-20.7641716003418,-44.0758476257324,0.0013045016894466,2.83587323792744e-05,1.66698846442159e-05,33367.3319623468,15.7014108519357,662
"5462",114147,-20.757116317749,-44.0409698486328,0.0016941697394941,3.68297769455239e-05,1.68843544088304e-05,31019.4869895341,14.6589449554108,1202
"5463",114148,-20.7500686645508,-44.0060386657715,0.0012295503875066,2.67293562501436e-05,1.26466638903366e-05,28955.0389361806,15.2583729278231,1233
"5464",114149,-20.7430267333984,-43.9710540771484,0.0002850521032087,6.19678485236363e-06,9.69781012827298e-06,27240.4320267715,8.85021900605532,927
"5465",114150,-20.735990524292,-43.9360084533691,0.000159625696142,3.47012382917455e-06,1.08977019408485e-05,25947.3244536873,6.04542127296155,1033
"5466",114151,-20.7289600372314,-43.9009017944336,0.0004542112037597,9.87415660347324e-06,9.52076152316295e-06,25143.5268359597,37.0308177660991,828
"5467",114152,-20.7219352722168,-43.8657341003418,0.001193930824229,2.59550179180223e-05,1.23867030197289e-05,24879.2363301395,16.1431490282128,881
"5468",114153,-20.714916229248,-43.8305015563965,0.0010032826503447,2.18104923987994e-05,1.25509923236677e-05,24182.6261037437,292.356357034768,686
"5469",114154,-20.7079010009766,-43.7952041625977,0.0013364924998313,2.90541847789427e-05,1.3069594388071e-05,21622.1315009264,432.104728856883,748
"5470",114155,-20.700891494751,-43.7598419189453,0.0011026436077372,2.39705132116796e-05,1.16758392323391e-05,19447.4554429655,1262.669527695,731
"5471",114156,-20.6938858032227,-43.7244071960449,0.0004524072865024,9.83494101092219e-06,1.08871090560569e-05,17804.3159339075,33.4396046080982,932
"5472",114157,-20.6868839263916,-43.6888999938965,0.0010715967182477,2.32955808314728e-05,1.10227438199217e-05,16853.8082898939,11.4847392553441,734
"5473",114158,-20.6798858642578,-43.6533241271973,0.0017125891245086,3.72301983588841e-05,1.34071815409698e-05,16719.3171254191,8.51352861789088,846
"5474",114159,-20.6728916168213,-43.6176681518555,0.0007979338770383,1.73463886312675e-05,1.14689828478731e-05,17424.7952118763,57.0511029347633,941
"5475",114160,-20.665901184082,-43.5819396972656,0.0009302473044954,2.0222767489031e-05,9.5234563559643e-06,18880.6229950078,13.7509466088418,1397
"5476",114161,-20.6589126586914,-43.5461311340332,0.0003348130130689,7.27854376236792e-06,8.79772323969519e-06,20935.2174802114,15.1326210999396,1041
"5477",114162,-20.651927947998,-43.5102386474609,0.0011319856494083,2.46083836827893e-05,1.10835926534492e-05,23435.9743904604,19.6073163425132,741
"5478",114163,-20.6449432373047,-43.4742660522461,0.0010311196565453,2.24156447075075e-05,1.16386509034783e-05,26258.8349533055,11.8701343254663,1084
"5479",114164,-20.6379623413086,-43.4382057189941,0.0009351144253741,2.03285744646564e-05,1.20519762276672e-05,29314.9513264004,13.0866504001914,1194
"5480",114165,-20.6309833526611,-43.4020614624023,0.0008182301426131,1.77876117959386e-05,1.62660981004592e-05,32541.3313048135,12.4723673323877,813
"5481",114166,-20.6240062713623,-43.3658256530762,0.0007323980207729,1.592169610376e-05,1.12498455564491e-05,35895.5645179222,12.1625082953986,1049
"5482",114167,-20.6170291900635,-43.3294982910156,0.0011552989308256,2.5115194148384e-05,9.59805220190901e-06,39347.6261435341,14.5909849751233,738
"5483",114168,-20.6100521087646,-43.2930793762207,0.0008060986547206,1.75238837982761e-05,1.11110120997182e-05,42876.3966512235,21.2073075891575,766
"5484",114169,-20.6030769348145,-43.2565650939941,0.0003817533306573,8.29898544907337e-06,8.61221633385867e-06,46467.1437037397,29.7475850755605,1352
"5485",114170,-20.5961017608643,-43.2199516296387,0.0006937652906344,1.50818541442277e-05,8.24229664431186e-06,50109.1424479522,31.4078511465925,816
"5486",114171,-20.5891284942627,-43.1832389831543,0.0001682512011029,3.65763480658643e-06,9.12702125788201e-06,53794.1868320538,25.4547201404345,910
"5487",114172,-20.5821533203125,-43.1464233398438,8.40331831568619e-05,1.826808329497e-06,1.01284767879406e-05,57516.3946729819,28.754224824714,696
"5488",114173,-20.5751762390137,-43.109504699707,6.88635780079494e-05,1.49703430452064e-06,7.7642062024097e-06,61270.999221029,33.9515805463775,204
"5489",114174,-20.5681991577148,-43.0724792480469,0.0005154139435035,1.12046509457286e-05,9.39415167522384e-06,65054.6929106216,23.7649568432423,667
"5490",114175,-20.561222076416,-43.0353469848633,0.0006935285364306,1.50767073137104e-05,1.01054029073566e-05,68864.5350599509,108.839075065613,929
"5491",114176,-20.5542430877686,-42.9981002807617,0.0005014179587305,1.09003904071869e-05,1.10127475636546e-05,72698.9611139373,57.6252239675288,974
"5492",114178,-20.5402774810791,-42.9232711791992,0.0002318334691153,5.03985802424722e-06,9.21477476367727e-06,78722.6872636103,14.0176249580244,728
"5493",114179,-20.5332927703857,-42.8856773376465,0.0004477091442822,9.7328074843972e-06,8.02839531388599e-06,74888.0101086519,35.9289640587772,1083
"5494",114180,-20.5263042449951,-42.8479652404785,0.0002124051488863,4.6175032366591e-06,7.7780059655197e-06,71056.7416786471,34.3520279963833,746
"5495",114181,-20.5193119049072,-42.810131072998,0.0007218261234811,1.56918722495902e-05,9.70990095083835e-06,67231.2277284318,122.35956089247,1212
"5496",114182,-20.5123176574707,-42.7721672058105,0.0007262326216732,1.57876656885492e-05,8.69210180098889e-06,63414.0644444153,15.3815842847122,961
"5497",114183,-20.5053195953369,-42.7340812683105,0.0001076396670214,2.33999276133545e-06,9.57124666456366e-06,59610.3457005255,8.15847905732339,724
"5498",114184,-20.4983158111572,-42.6958618164062,2.3863345859354e-05,5.18768388246826e-07,8.77665115694981e-06,55824.3944028019,9.64399683966809,760
"5499",114185,-20.4913101196289,-42.6575088500977,0.0002526015277908,5.49133756067022e-06,8.52688390295953e-06,52063.1942776183,7.83396026905596,1069
"5500",114186,-20.4842987060547,-42.6190223693848,0.0001030153248393,2.23946358346439e-06,9.65492108662147e-06,48336.0537956882,7.43622364434146,946
"5501",114187,-20.4772815704346,-42.580394744873,0.0008216620117309,1.7862217646325e-05,9.66152219916694e-06,44654.4894159902,8.22232372775408,1020
"5502",114189,-20.4632320404053,-42.5027198791504,0.0001391488526678,3.02497505799693e-06,8.32007026474457e-06,37500.9279213613,29.6697257177785,759
"5503",114471,-21.465311050415,-47.3981857299805,0.0006766310470993,1.47093705891166e-05,1.25258620755631e-05,4653.74398593143,192.463173729612,1575
"5504",114472,-21.4559593200684,-47.3607978820801,0.0006727865420543,1.46257943924866e-05,1.22430055853329e-05,1635.07958517182,426.809064662292,837
"5505",114473,-21.4466533660889,-47.3235244750977,0.0008769682790443,1.90645278053125e-05,1.36932940222323e-05,3979.61153655521,6.80904725155396,890
"5506",114474,-21.4373970031738,-47.2863616943359,0.0004950632064719,1.07622436189558e-05,1.31006008814438e-05,7800.2779069538,1.53949054734422,679
"5507",114475,-21.4281845092773,-47.2493133544922,0.0010956306796288,2.38180582528003e-05,1.46604543260764e-05,11721.4463445054,1.100393835266,1089
"5508",114476,-21.4190196990967,-47.2123680114746,0.0008467937695968,1.8408560208627e-05,1.3808322364639e-05,15659.104357233,1.49902297184715,699
"5509",114477,-21.4098987579346,-47.1755294799805,0.0004105521220481,8.92504613148049e-06,1.3111374755681e-05,19595.9928200121,1.75248916419049,547
"5510",114479,-21.3917903900146,-47.1021614074707,0.0003729981108335,8.10865458333865e-06,1.33473840833176e-05,18155.0495831861,2.8006283558301,908
"5511",114480,-21.3828010559082,-47.0656280517578,0.0007406012045976,1.61000261869049e-05,1.20275835797656e-05,14245.2255239754,4.59199872058542,852
"5512",114481,-21.3738536834717,-47.0291900634766,0.0002909216118496,6.32438286629622e-06,1.44151899803546e-05,10353.1209142257,5.7420696232863,1147
"5513",114482,-21.3649482727051,-46.9928436279297,0.0005617001224891,1.22108722280245e-05,1.77644651557785e-05,6490.8003484991,6.45453462644925,763
"5514",114484,-21.347261428833,-46.9204330444336,0.0008684730746608,1.88798494491493e-05,1.97263143491e-05,1759.19645834615,214.036752711709,776
"5515",114485,-21.3384780883789,-46.8843574523926,0.000398704663894,8.66749269334832e-06,1.49391762533924e-05,5351.06893184821,7.29412103354203,997
"5516",114487,-21.3210296630859,-46.8124656677246,0.0009586989763192,2.08412820938975e-05,1.64117445820011e-05,8246.59356564388,346.919683849267,928
"5517",114488,-21.3123607635498,-46.7766456604004,0.0005286209707264,1.14917602331843e-05,1.44313135024277e-05,4679.59060567857,357.72901859687,1466
"5518",114490,-21.2951393127441,-46.7052383422852,0.0006752957433491,1.46803422467201e-05,1.70035473274766e-05,4228.58192997268,298.857371973889,766
"5519",114491,-21.2865829467773,-46.6696510314941,0.0003689025015773,8.01961959950859e-06,1.92013212654274e-05,7717.98400330431,25.775164343841,1318
"5520",114494,-21.2611255645752,-46.5633201599121,0.0002263121259602,4.91982882522279e-06,1.67829985002754e-05,18897.8358090954,171.597507094468,690
"5521",114495,-21.2527103424072,-46.528018951416,0.0004326648977439,9.40575864660786e-06,2.27828095376026e-05,22653.9035844933,50.4028683543362,798
"5522",114496,-21.244327545166,-46.4927787780762,0.0009130872895184,1.98497236851836e-05,1.7874626792036e-05,26409.5285021118,20.6201790625103,1347
"5523",114497,-21.2359771728516,-46.4576072692871,0.0016894557411433,3.6727298720507e-05,1.68476399267092e-05,30161.490228738,22.8007949807768,938
"5524",114498,-21.2276611328125,-46.4224967956543,0.0012773867019859,2.77692761301296e-05,1.41137752507348e-05,33909.0950952205,21.3645925251802,1017
"5525",114503,-21.1865482330322,-46.2478179931641,0.0002933834120995,6.37790026303264e-06,2.13394905586028e-05,37367.9424978782,9.11672202487854,875
"5526",114504,-21.1784172058105,-46.2130432128906,0.0006518537302326,1.4170733265928e-05,1.90560731425649e-05,35102.2986707122,7.6618070872533,896
"5527",114505,-21.1703128814697,-46.1783180236816,0.0007368315455096,1.60180770762963e-05,1.55780999193667e-05,33101.9002630768,8.03854700301688,1113
"5528",114506,-21.162239074707,-46.1436424255371,0.0008245572826126,1.79251583176665e-05,1.88333833648358e-05,31415.0954263778,12.5132591249294,708
"5529",114507,-21.1541938781738,-46.1090126037598,0.0014248976658564,3.09760362142697e-05,2.90913358185207e-05,30092.4857546061,70.1987959802388,753
"5530",114508,-21.1461753845215,-46.0744285583496,0.0006460111435444,1.4043720511836e-05,1.49007928484934e-05,29181.7761216093,28.6387753500317,611
"5531",114509,-21.1381855010986,-46.0398864746094,0.00011842519325,2.57446072282619e-06,1.08149270090507e-05,28719.7975267775,4.14125519237315,991
"5532",114512,-21.114372253418,-45.9365043640137,0.0006262786700972,1.3614753697766e-05,1.24682901514461e-05,30116.0058712526,5.43241497532132,921
"5533",114513,-21.1064872741699,-45.9021148681641,0.0015699145733378,3.41285776812583e-05,1.45165686262771e-05,31434.7336256392,5.48322605141987,737
"5534",114514,-21.0986270904541,-45.8677635192871,0.0011747179632948,2.55373470281484e-05,1.30375638036639e-05,33106.692565373,126.599067598921,777
"5535",114515,-21.0907897949219,-45.8334426879883,0.0007370711864496,1.60232866619481e-05,1.1974319932051e-05,35080.4888855679,201.733344390863,1087
"5536",114516,-21.0829792022705,-45.7991523742676,0.0008655286037537,1.88158392120386e-05,1.21877264973591e-05,37306.781526643,170.624990730134,1044
"5537",114517,-21.0751895904541,-45.7648963928223,0.0001137824324359,2.47353113991267e-06,1.28972869788413e-05,39742.4684507257,12.0287407356039,1036
"5538",114518,-21.0674247741699,-45.7306632995605,0.0006000505800329,1.3044577826804e-05,1.16596966108773e-05,42350.7025315542,12.9272521155832,1069
"5539",114519,-21.059684753418,-45.6964569091797,0.0004700495119323,1.02184676507022e-05,1.11295385067933e-05,45100.6023305873,6.41143530069606,756
"5540",114521,-21.0442676544189,-45.628116607666,0.000410848409956,8.93148717295844e-06,2.16053485928569e-05,50931.1185043112,5.52834894861047,1714
"5541",114525,-21.0136947631836,-45.4916801452637,0.0008217148933908,1.7863367247628e-05,1.26587510749232e-05,63082.8148365706,11.6335447839266,792
"5542",114526,-21.006103515625,-45.4576110839844,0.0007469282609235,1.62375708896434e-05,1.24247562780511e-05,62522.7270908172,17.7386852574914,1193
"5543",114527,-20.9985313415527,-45.4235534667969,0.0005281790490698,1.14821532406495e-05,1.26395898405463e-05,62172.2014926962,4.9087489067452,1033
"5544",114529,-20.9834442138672,-45.3554725646973,0.000346367781276,7.52973437556648e-06,1.43984470923897e-05,62110.7538852823,3.52034018925015,751
"5545",114531,-20.9684352874756,-45.287425994873,0.001139856482041,2.47794887400232e-05,1.19107089631143e-05,58332.8347963775,4.52245889980464,1787
"5546",114532,-20.9609565734863,-45.2534141540527,0.0012354361497273,2.68573076027678e-05,1.24461930681719e-05,56551.6172841229,5.29925894606356,788
"5547",114533,-20.9534969329834,-45.2194023132324,0.0004405829222378,9.57788961386541e-06,1.1986625395366e-05,54954.1611199693,4.91893788366404,897
"5548",114534,-20.9460525512695,-45.1853904724121,0.0006509908471343,1.41519749377039e-05,1.1652055036393e-05,53556.3935881298,3.83672232265955,848
"5549",114535,-20.938627243042,-45.1513824462891,0.0005386774810176,1.1710380022123e-05,1.18243260658346e-05,52374.6752207398,4.32635388644753,833
"5550",114536,-20.9312171936035,-45.1173706054688,0.0003149613885398,6.84698670738726e-06,1.15710126920021e-05,51423.2931038422,9.23798040719887,872
"5551",114537,-20.9238243103027,-45.0833549499512,0.0002828686638167,6.14931877862546e-06,1.1172155609529e-05,50715.4232215433,15.6740967265129,385
"5552",114538,-20.916446685791,-45.0493392944336,0.0008910298638511,1.93702144315466e-05,1.11627568912809e-05,50261.0806647488,4.84499718132579,931
"5553",114539,-20.909086227417,-45.0153121948242,0.0006623032131756,1.43978959386004e-05,1.09793472802266e-05,50067.5398300909,4.70301791538612,721
"5554",114540,-20.9017391204834,-44.9812812805176,0.0005190180963836,1.1283002095297e-05,9.95161553873913e-06,50137.3505147946,3.36204268611901,1109
"5555",114542,-20.8870906829834,-44.9131851196289,0.0005782232565252,1.25700707940268e-05,1.16932596938568e-05,51060.2332507073,3.21275505634547,488
"5556",114543,-20.8797874450684,-44.8791198730469,0.0007527766210841,1.63647091540042e-05,1.72185136761982e-05,51899.5176258094,3.30276573178719,668
"5557",114544,-20.8724994659424,-44.8450393676758,0.0007908349325589,1.71920637512812e-05,1.18716325232526e-05,52976.4855372629,3.33348700999343,1046
"5558",114547,-20.8507137298584,-44.7426986694336,0.0006895492333569,1.49902007251512e-05,1.69969134731218e-05,57486.994797743,3.39712792329717,1001
"5559",114548,-20.8434791564941,-44.7085456848145,0.0008360974497918,1.81760315172141e-05,2.13862422242528e-05,59364.4370852797,3.85320810238655,723
"5560",114549,-20.836254119873,-44.6743698120117,0.0004913037973892,1.06805173345492e-05,1.32449558805092e-05,61402.1246055221,3.83027729599958,787
"5561",114550,-20.8290424346924,-44.6401672363281,5.52090648398007e-05,1.2001970617348e-06,1.27832599901012e-05,63585.5846070709,3.44073197519546,1208
"5562",114551,-20.8218421936035,-44.6059417724609,0.0006845069001428,1.48805847857147e-05,1.19187707241508e-05,65900.2783381994,3.51219532854159,1751
"5563",114552,-20.8146553039551,-44.5716896057129,0.0008986230677692,1.95352840819396e-05,9.61696969170589e-06,68333.6427776547,3.2159229502863,970
"5564",114555,-20.7931537628174,-44.46875,8.23436632799712e-05,1.79007963652111e-06,1.30943053591182e-05,65703.1929916444,5.58763259362159,1014
"5565",114556,-20.7860088348389,-44.4343719482422,0.000217921325202,4.73742011308786e-06,1.41914997584536e-05,62214.7666210808,7.88935372428557,768
"5566",114557,-20.7788715362549,-44.399959564209,0.0001316862108069,2.8627437131945e-06,1.03018610388972e-05,58743.8363436468,9.77563095442514,2014
"5567",114558,-20.7717456817627,-44.3655052185059,0.0003259966279074,7.0868832153792e-06,1.11210611066781e-05,55293.9129587099,5.42305966689881,1178
"5568",114559,-20.7646293640137,-44.3310165405273,0.0005770695242972,1.2544989658636e-05,1.30073540276499e-05,51870.566835367,3.96067396231206,1022
"5569",114560,-20.7575206756592,-44.2964859008789,0.0006608261246583,1.43657853186596e-05,1.72963409568183e-05,48479.398561297,4.37975603798183,808
"5570",114561,-20.7504215240479,-44.2619132995605,0.0011753155595215,2.55503382504685e-05,2.02216033358127e-05,45128.7839670236,4.50515759677636,858
"5571",114562,-20.7433300018311,-44.227294921875,0.0009695993758214,2.10782473004656e-05,1.80314618773991e-05,41829.0894764047,4.8616180771645,897
"5572",114563,-20.7362480163574,-44.1926307678223,0.0002878954546758,6.25859684078023e-06,8.56964834383689e-06,38594.7941155051,6.81346118527502,670
"5573",114565,-20.7221050262451,-44.1231575012207,0.0001285254229514,2.79403093372821e-06,1.01744135463377e-05,32405.2964253955,7.81185664703314,1080
"5574",114566,-20.7150440216064,-44.0883445739746,0.0004299037973396,9.34573472477496e-06,1.25102706078906e-05,29512.0022550264,21.2975291462529,549
"5575",114567,-20.7079906463623,-44.0534820556641,0.0006427157877624,1.39720823426615e-05,1.05574099507066e-05,26814.6000573853,169.632958966811,892
"5576",114569,-20.693904876709,-43.983585357666,0.0004163193189015,9.05041997611988e-06,1.06882707768818e-05,22297.2870018132,4.98564651407054,106
"5577",114570,-20.6868705749512,-43.9485511779785,0.0015148682796279,3.29319191223476e-05,1.76454141183058e-05,20675.9047728259,6.25512590412802,867
"5578",114571,-20.6798419952393,-43.913459777832,0.0013310052745509,2.89348972728476e-05,1.39186004162184e-05,19633.8030183192,24.0540885714062,741
"5579",114572,-20.6728191375732,-43.878303527832,0.0013951057117083,3.03283850371372e-05,1.13994401544915e-05,19268.6675984825,15.2076363730682,741
"5580",114573,-20.6658020019531,-43.8430824279785,0.0005496754438354,1.19494661703357e-05,1.15922230179422e-05,19622.0096741758,228.581301600406,1177
"5581",114574,-20.6587886810303,-43.8077964782715,0.0006056479196558,1.31662591229542e-05,1.20395470730728e-05,17777.8311848709,1305.3615256324,766
"5582",114577,-20.6377773284912,-43.701530456543,0.0005822587045258,1.26577979244757e-05,1.04697755887173e-05,11370.4453280516,20.6637614729178,1032
"5583",114578,-20.6307811737061,-43.6659622192383,0.0011884113846463,2.58350301010069e-05,1.15831589937443e-05,11117.015353305,14.5010949985373,1037
"5584",114579,-20.6237888336182,-43.6303215026855,0.0007911434367997,1.71987703652121e-05,1.0561858289293e-05,12101.332982125,21.351511006227,725
"5585",114580,-20.6168003082275,-43.5946006774902,0.001112219873903,2.41786929109367e-05,1.2994776625419e-05,14072.3706609785,15.8015829386146,1603
"5586",114581,-20.6098136901855,-43.5588035583496,0.001013554745441,2.20337988139363e-05,1.35929140014923e-05,16689.0357863784,14.4542176162913,1380
"5587",114582,-20.6028308868408,-43.5229263305664,0.0002625803472255,5.70826841794769e-06,1.40828133226023e-05,19700.5613050453,12.6533712225291,1057
"5588",114583,-20.5958499908447,-43.4869651794434,0.0003761357002076,8.17686304799281e-06,1.24582629723591e-05,22956.3576538766,14.8834821359392,728
"5589",114584,-20.5888710021973,-43.4509162902832,0.0005925596251472,1.28817309814622e-05,1.16760311357211e-05,26370.1509435079,14.9604076716039,990
"5590",114585,-20.5818920135498,-43.4147834777832,0.0001565239817864,3.40269525622716e-06,1.36614326038398e-05,29890.8243511226,13.426741113161,773
"5591",114586,-20.5749168395996,-43.3785591125488,0.0001450829781788,3.1539777864964e-06,1.26334462038358e-05,33488.4455658566,13.5236549583225,1655
"5592",114587,-20.567943572998,-43.3422470092773,0.0006740096396242,1.46523834700929e-05,9.44944713410223e-06,37143.1025137444,14.910358698624,843
"5593",114588,-20.5609683990479,-43.3058395385742,0.0002727597739067,5.92956030232017e-06,7.24082519809599e-06,40842.7526345408,16.4279877899323,1062
"5594",114589,-20.5539951324463,-43.2693328857422,0.0007484719535568,1.62711294251494e-05,8.43593625177164e-06,44579.1351434613,29.3199636536387,880
"5595",114590,-20.5470237731934,-43.2327346801758,0.0004770334471686,1.03702923297533e-05,8.52800712891622e-06,48345.3505269789,18.6970559710238,457
"5596",114593,-20.5261039733887,-43.1223258972168,0.0002395962164882,5.20861340191914e-06,8.47335559228668e-06,59791.1964959859,25.737859822184,953
"5597",114594,-20.5191307067871,-43.0853118896484,0.0004996981333533,1.08630028989865e-05,9.1687243184424e-06,63647.875209636,29.5202584500231,1073
"5598",114595,-20.5121536254883,-43.0481910705566,8.42937895413343e-05,1.83247368568118e-06,9.41407961363439e-06,67522.6137975632,24.4580247693247,648
"5599",114596,-20.5051784515381,-43.0109558105469,0.0005359720234991,1.16515657282434e-05,9.28550070966594e-06,71415.0395040266,15.3815003531667,990
"5600",114597,-20.4981994628906,-42.9736099243164,0.0001282533062294,2.7881153528142e-06,8.93279229785549e-06,75323.8701154631,15.6717328865115,385
"5601",114598,-20.4912185668945,-42.936149597168,0.000265553162535,5.77289483771892e-06,7.86808504926739e-06,79248.7555535683,14.6951033505264,738
"5602",114599,-20.4842338562012,-42.8985710144043,0.0004145300026721,9.01152179721976e-06,7.82132701715454e-06,76833.0807626376,21.6947268551456,1007
"5603",114600,-20.4772491455078,-42.8608703613281,0.0001364158665637,2.96556231660361e-06,7.98755172581878e-06,73091.2625670383,40.6712301543575,1092
"5604",114601,-20.4702606201172,-42.8230476379395,0.0001114274100473,2.42233500102884e-06,9.18655405257596e-06,69364.4345812223,50.3063504302365,730
"5605",114602,-20.4632682800293,-42.785099029541,0.0005244636522547,1.14013837446691e-05,1.00266352092149e-05,65657.0478415473,17.4803688943467,1801
"5606",114603,-20.4562721252441,-42.7470207214355,0.0002094715136991,4.55372855867608e-06,9.25780750549166e-06,61974.7112838217,43.4319416413686,1059
"5607",114604,-20.4492721557617,-42.7088165283203,0.0006790032330172,1.47609398482018e-05,9.97905408439692e-06,58325.3028363158,92.4847105642999,755
"5608",114605,-20.442268371582,-42.6704750061035,0.0005465662616188,1.1881875252584e-05,9.94406855170382e-06,54717.1319256071,114.874786071708,1044
"5609",114606,-20.4352588653564,-42.6319999694824,0.0006863940725452,1.49216102727223e-05,1.02193980637821e-05,51162.7100328723,51.7765172983809,789
"5610",114607,-20.4282455444336,-42.5933876037598,0.0009888923959806,2.14976607821882e-05,1.11517165350961e-05,47677.1246228246,6.3975133172212,1892
"5611",114608,-20.4212265014648,-42.5546340942383,0.0002867245693778,6.23314281256171e-06,1.58398634084733e-05,44280.251782959,16.7510074026603,950
"5612",114609,-20.4142017364502,-42.5157356262207,0.0002251193391202,4.8938986765279e-06,9.27712972043082e-06,40998.143924171,16.2147778566992,775
"5613",114889,-21.4349269866943,-47.4846038818359,0.0011332462745485,2.46357885771431e-05,1.38540845000534e-05,14117.87501109,1.86320729611372,516
"5614",114890,-21.4254760742188,-47.4469947814941,0.0002152063289031,4.67839845441631e-06,1.87445093615679e-05,10838.2476006467,1.81506856224572,918
"5615",114891,-21.4160747528076,-47.4095039367676,0.0005388777117332,1.17147328637657e-05,1.70790517586283e-05,8267.31587937926,2.2704751521628,849
"5616",114892,-21.4067230224609,-47.372127532959,0.0007655590889044,1.66425888892263e-05,1.31766291815438e-05,7185.73204590692,2.9403387060733,975
"5617",114893,-21.3974170684814,-47.3348693847656,0.0005926541762164,1.28837864394882e-05,1.37283695949009e-05,8186.63334947731,3.14646432704837,625
"5618",114894,-21.3881607055664,-47.2977180480957,0.001691052566457,3.67620123142842e-05,1.56326768774306e-05,10686.3104054919,2.61231116706418,1011
"5619",114895,-21.3789482116699,-47.2606811523438,0.0001443615242351,3.13829400511167e-06,1.67386242537759e-05,13887.7924486428,1.84047875897077,694
"5620",114896,-21.3697834014893,-47.2237510681152,0.0007667465833947,1.66684039868414e-05,1.4728682799614e-05,17399.7108009436,3.9218938252392,800
"5621",114898,-21.3515872955322,-47.1502075195312,0.000270017625553,5.86994838158716e-06,1.9139481082675e-05,22811.3973202106,2.65553361672054,1281
"5622",114899,-21.3425559997559,-47.1135864257812,0.0004742456967505,1.03096890597953e-05,1.37437937155482e-05,19091.8745085634,4.73390413083414,1649
"5623",114900,-21.3335666656494,-47.0770645141602,0.0006974327006901,1.51615804497851e-05,1.83793908945518e-05,15485.6352050052,6.01833449923966,986
"5624",114902,-21.3157138824463,-47.0043067932129,0.0020124406873947,4.3748710595537e-05,2.44938055402599e-05,9102.01869469075,86.5552743923256,1048
"5625",114905,-21.2892456054688,-46.8958587646484,0.0001669923540248,3.63026856575743e-06,1.44656905831653e-05,8645.42231175626,10.4939296395087,796
"5626",114906,-21.2805004119873,-46.8598823547363,0.0015658413467463,3.40400292770937e-05,2.95366135105724e-05,11477.1512529319,10.5681164858881,1055
"5627",114907,-21.2717952728271,-46.8239936828613,0.0018738781873253,4.07364823331591e-05,3.72740796592552e-05,11022.1604086483,9.96724618155704,2157
"5628",114908,-21.2631282806396,-46.7881813049316,0.0004415503972268,9.59892167884391e-06,1.30851631183759e-05,8777.31958222716,9.25471807016472,962
"5629",114912,-21.2288303375244,-46.6457252502441,0.0002919815669883,6.34742536931299e-06,1.35946083901217e-05,13838.1624308462,11.6011561399809,741
"5630",114914,-21.2118968963623,-46.5749359130859,0.0007006037594692,1.52305165102007e-05,1.70609600900207e-05,20526.2902370086,23.9981977778435,1045
"5631",114915,-21.2034797668457,-46.5396423339844,0.0018282428209204,3.9744409150444e-05,2.182363459724e-05,24057.86358948,21.0539902749845,1019
"5632",114916,-21.1950988769531,-46.5044174194336,0.0004288766631361,9.32340572035173e-06,1.38413315653452e-05,27646.7207585875,41.4481653954235,539
"5633",114921,-21.1536750793457,-46.3292198181152,0.0001132944903474,2.46292370320589e-06,1.48863364302088e-05,45920.4065078372,24.5336842126159,879
"5634",114924,-21.1291923522949,-46.2247772216797,0.0003740371685125,8.13124279375188e-06,1.26163695313153e-05,39738.0949778607,54.8614344629008,1098
"5635",114925,-21.1210899353027,-46.1900672912598,0.0002503705827621,5.44283875569818e-06,2.72840807156172e-05,37997.7473308575,167.62887955411,1070
"5636",114926,-21.1130180358887,-46.155403137207,0.0011521952292241,2.50477223744383e-05,2.39945911744144e-05,36552.4962454196,12.809645223884,811
"5637",114927,-21.1049728393555,-46.1207847595215,0.0004264353628968,9.27033397601917e-06,1.17492709250655e-05,35437.1327000775,7.76718201696616,1038
"5638",114928,-21.0969543457031,-46.0862121582031,0.0001212464967466,2.63579340753495e-06,1.18491925604758e-05,34681.7925433008,4.18037768150385,710
"5639",114929,-21.0889644622803,-46.051685333252,0.0011980625386058,2.604483779578e-05,1.32386148834485e-05,34308.3382265525,3.12728993349429,813
"5640",114930,-21.0810031890869,-46.0171966552734,0.0008306380041176,1.8057347915601e-05,1.24144580695429e-05,34327.3575296763,3.76923279972859,1047
"5641",114931,-21.0730648040771,-45.9827461242676,6.91183795424877e-05,1.50257346831495e-06,1.24289481391315e-05,34737.374098211,4.77070542523767,1457
"5642",114932,-21.0651550292969,-45.9483337402344,0.0012836595378757,2.79056421277346e-05,1.36109529194073e-05,35522.8326253922,5.22245188959551,767
"5643",114933,-21.0572700500488,-45.9139595031738,0.0013078808442514,2.84321922663366e-05,1.37090137286577e-05,36658.6446797128,5.00782996934023,981
"5644",114934,-21.049409866333,-45.8796195983887,8.34900165500585e-05,1.81500035978388e-06,1.24062098620925e-05,38112.2829844812,4.43919502157323,806
"5645",114935,-21.0415744781494,-45.8453102111816,0.0010796015958476,2.34695999097312e-05,1.29992267829948e-05,39847.9594956834,3.69088107442157,1684
"5646",114936,-21.033763885498,-45.81103515625,0.0003430097958698,7.45673469282337e-06,1.12999305201811e-05,41829.4578202669,4.00452455785775,1038
"5647",114937,-21.0259761810303,-45.7767868041992,0.000321712481309,6.9937495936756e-06,1.95380271179602e-05,44023.0989031503,6.59392016339272,1078
"5648",114941,-20.9950580596924,-45.6400566101074,0.0008712050985195,1.89392412721645e-05,1.77852089109365e-05,54357.6827582386,8.57038280525601,837
"5649",114942,-20.9873828887939,-45.6059303283691,0.0019055337179452,4.14246460422873e-05,2.77655690297252e-05,57223.6186578691,16.2873074961385,1123
"5650",114943,-20.9797306060791,-45.5718231201172,0.0022615569832851,4.91642822453286e-05,2.17618762690108e-05,59444.9793343972,15.1046922606216,1040
"5651",114944,-20.9720993041992,-45.5377349853516,0.0007127192657208,1.54938970808871e-05,1.1514075595187e-05,58398.8904732591,10.4849741076511,584
"5652",114945,-20.9644889831543,-45.503662109375,0.0009672985215729,2.10282287298469e-05,1.21668390420382e-05,57566.1894640422,21.7676221014212,902
"5653",114946,-20.9568977355957,-45.4696044921875,0.0004736719893116,1.02972171589499e-05,9.95167829387356e-06,56955.6267205008,22.8077065717782,685
"5654",114947,-20.9493274688721,-45.4355621337891,0.0010227755665255,2.22342514462071e-05,1.14912318167626e-05,56574.2126414668,4.89891636169334,1414
"5655",114948,-20.9417762756348,-45.4015274047852,0.0002094846504405,4.55401414001244e-06,9.61430396273499e-06,56426.162358262,104.949460309792,1052
"5656",114949,-20.9342441558838,-45.367504119873,4.41000934188196e-05,9.58697683017817e-07,1.09129041447886e-05,56512.9544469797,36.9042888235605,841
"5657",114953,-20.9042987823486,-45.2314796447754,0.0001807442004064,3.92922174796695e-06,1.07443183878786e-05,49888.7336975308,5.72718019653071,1750
"5658",114954,-20.8968563079834,-45.1974792480469,0.0006811181647208,1.48069166243658e-05,1.15909597298014e-05,48347.2742648442,4.4029129487247,1064
"5659",114955,-20.8894309997559,-45.1634826660156,0.0005742154207837,1.24829439300811e-05,1.08834801721969e-05,47036.8417203074,116.233306212651,787
"5660",114956,-20.882022857666,-45.1294822692871,0.0009087297403311,1.97549943550257e-05,1.11266017484013e-05,45976.9766612198,125.439956182758,1009
"5661",114958,-20.8672561645508,-45.0614738464355,0.0003502033332551,7.61311594033032e-06,1.15513830678537e-05,44675.8078541407,2.39203911624565,817
"5662",114959,-20.8598957061768,-45.027458190918,0.0003558716489351,7.73634019424208e-06,1.08030617411714e-05,44458.3459278176,2.06664249121827,1017
"5663",114960,-20.8525505065918,-44.9934387207031,0.0008576058098697,1.8643604562385e-05,9.99412895907881e-06,44537.1576063804,2.75644812342362,915
"5664",114961,-20.8452205657959,-44.9594078063965,0.0012280097071197,2.66958631982561e-05,2.6997762688552e-05,44910.9704494849,3.07192079260864,1060
"5665",114967,-20.80153465271,-44.7549362182617,0.0001515957792435,3.29556041833712e-06,1.14537779154489e-05,52664.7978255701,3.15888294914496,931
"5666",114968,-20.7943000793457,-44.7207946777344,0.0006501562038465,1.41338305184036e-05,1.08986569102854e-05,54705.1918903354,3.5708461487155,955
"5667",114969,-20.7870769500732,-44.6866302490234,0.0005366285677155,1.16658384285984e-05,1.189513841382e-05,56907.1029638899,4.05446292684826,33
"5668",114970,-20.7798671722412,-44.6524391174316,0.0011466724427009,2.49276617978467e-05,1.77687979885377e-05,59253.3465624841,3.87448403436392,900
"5669",114971,-20.772668838501,-44.6182250976562,0.0006625009755225,1.44021951200557e-05,9.9136359494878e-06,61727.4393107134,8.20958985542498,685
"5670",114972,-20.7654819488525,-44.583984375,9.54090050981904e-05,2.0741088064824e-06,1.50296273204731e-05,64315.3136735959,34.8923524196468,851
"5671",114974,-20.7511405944824,-44.5154151916504,0.0001185474402518,2.57711826634477e-06,1.19867208923097e-05,67938.3420237294,4.35850156106586,1178
"5672",114975,-20.7439861297607,-44.4810791015625,0.0001480421442465,3.21830748362117e-06,1.06889247035724e-05,64363.9984203865,3.46003211866376,910
"5673",114976,-20.7368431091309,-44.4467124938965,7.5833968594452e-05,1.648564534662e-06,1.29226027638651e-05,60796.2839367271,3.06992844021516,552
"5674",114977,-20.7297077178955,-44.4123115539551,8.8444450739189e-05,1.92270545085194e-06,1.1212155186513e-05,57236.4350373604,3.72114560252414,700
"5675",114978,-20.722583770752,-44.377872467041,0.0004514403972279,9.81392167886952e-06,1.14938038677792e-05,53686.5290475744,4.78114957301107,765
"5676",114979,-20.7154674530029,-44.343391418457,0.0005897067348996,1.28197116282536e-05,9.25106633076211e-06,50148.9144192258,5.66260494293876,1598
"5677",114980,-20.7083606719971,-44.3088722229004,0.0003306669068479,7.18841101843282e-06,9.27423843677389e-06,46627.7964781091,13.7711210179026,760
"5678",114981,-20.7012634277344,-44.2743110656738,0.0009449128447158,2.05415835807798e-05,1.3734011190536e-05,43127.8032436471,6.76769251853602,1055
"5679",114982,-20.6941738128662,-44.2397041320801,0.0003648113688541,7.93068193161162e-06,9.30698206502711e-06,39655.1983937654,6.46175622007402,832
"5680",114983,-20.6870918273926,-44.2050514221191,7.04546926044713e-05,1.53162375227112e-06,8.87000169313978e-06,36219.2176719402,6.88652983654233,1495
"5681",114984,-20.6800193786621,-44.170352935791,0.0008361431355297,1.81770246854285e-05,1.27947605506051e-05,32832.9875799644,7.65146104583986,1146
"5682",114985,-20.6729526519775,-44.1356010437012,0.0003153895877403,6.8562953856599e-06,8.4969660747447e-06,29514.4105790546,9.18357700714903,778
"5683",114986,-20.6658954620361,-44.1008033752441,0.0002876812923204,6.25394113740185e-06,1.30741518660216e-05,26292.2078282284,27.9378557996438,914
"5684",114988,-20.651798248291,-44.0310401916504,0.000362657905498,7.88386751082726e-06,1.14682816274581e-05,20326.5215532224,58.6607993758412,9
"5685",114989,-20.6447601318359,-43.9960784912109,0.0011137618093926,2.42122132476652e-05,1.05319822978345e-05,17752.0205896585,10.2532718277739,786
"5686",114990,-20.6377277374268,-43.9610557556152,0.0008846334421832,1.92311617865926e-05,1.06998923001811e-05,15639.5033802437,50.3248186298253,1052
"5687",114991,-20.6307010650635,-43.9259719848633,0.0008570693789806,1.86319430213189e-05,1.0675382327463e-05,14201.4793883618,61.2859433511655,961
"5688",114992,-20.6236801147461,-43.8908271789551,0.000758646401664,1.64923130796524e-05,9.91809611150529e-06,13657.7222101299,10.5341000621317,514
"5689",114993,-20.6166648864746,-43.8556175231934,0.0017934707866516,3.89884953619912e-05,1.57705944729969e-05,14116.9649048684,14.3495928331079,18
"5690",114994,-20.6096534729004,-43.8203468322754,0.0008570037789468,1.86305169336265e-05,9.80172990239225e-06,15080.6649081807,223.170683765931,922
"5691",114995,-20.6026477813721,-43.7850036621094,0.0015333099217969,3.33328243868891e-05,2.54357128142146e-05,11663.1637862461,31.7770629828609,674
"5692",114996,-20.595645904541,-43.7495918273926,0.0019322807929711,4.20061041950248e-05,1.99143523786915e-05,8524.13134466642,29.4099932212992,823
"5693",114997,-20.5886478424072,-43.714111328125,0.0014444918269873,3.14019962388556e-05,1.25980250231805e-05,6121.7446643856,59.3489580223586,1219
"5694",114998,-20.5816535949707,-43.6785583496094,0.000744237404433,1.61790740094148e-05,1.11800445665722e-05,5534.54557300854,69.1349826849223,1007
"5695",114999,-20.5746631622314,-43.6429252624512,0.000293446062642,6.37926223134855e-06,1.1722401723091e-05,7231.92089173021,60.5588373961228,574
"5696",115000,-20.5676765441895,-43.6072196960449,0.000443236920546,9.63558522926178e-06,9.0298053692095e-06,10131.7100553441,17.3442044257713,1007
"5697",115002,-20.5537109375,-43.5355682373047,0.0007291020374395,1.5850044292165e-05,1.06514944491209e-05,17033.4049449071,33.2059679624956,787
"5698",115003,-20.5467319488525,-43.4996147155762,0.0003486871064524,7.58015448809601e-06,9.78998195932945e-06,20680.2326576415,17.2767662023815,1797
"5699",115004,-20.5397548675537,-43.4635810852051,0.00022518460446,4.89531748826266e-06,1.12014331534738e-05,24385.2034632782,15.3590315805635,1021
"5700",115005,-20.5327816009521,-43.4274597167969,0.0006628009450651,1.44087161970674e-05,8.11200970929349e-06,28129.4340318929,12.2187630256952,1598
"5701",115006,-20.525806427002,-43.3912467956543,0.0010675684243324,2.32080092246179e-05,1.24618309200741e-05,31902.6962500325,8.39421129518761,778
"5702",115007,-20.518835067749,-43.3549461364746,0.0016434791541541,3.57278076990042e-05,1.34934898596839e-05,35698.3689545152,9.51232127702214,984
"5703",115008,-20.5118637084961,-43.3185501098633,0.0008944295186665,1.94441199710127e-05,8.85714871401433e-06,39513.3892672251,11.8424645246455,825
"5704",115009,-20.5048923492432,-43.2820587158203,0.0010268765727232,2.23234037548536e-05,1.09576976683456e-05,43345.2339769962,14.7715173479765,1507
"5705",115010,-20.4979228973389,-43.2454681396484,0.0009158702705462,1.99102232727455e-05,1.1316542440909e-05,47192.561100687,14.8454777352266,808
"5706",115011,-20.4909515380859,-43.2087821960449,0.0011597563861869,2.52120953518897e-05,1.53925411723321e-05,51053.8030536021,39.7087109093762,879
"5707",115012,-20.4839820861816,-43.171989440918,0.0011462386792118,2.49182321567787e-05,1.16412420538836e-05,54929.227282917,49.4475408249824,669
"5708",115013,-20.4770107269287,-43.1350936889648,0.00141765538865,3.08185954054352e-05,1.21132052299799e-05,58817.8327419944,17.4185351054075,759
"5709",115014,-20.4700393676758,-43.0980949401855,0.0006705863470415,1.45779640661203e-05,1.02702551885159e-05,62719.1071439912,17.4166408759175,1095
"5710",115015,-20.4630661010742,-43.0609855651855,0.0011042620208172,2.4005696104723e-05,1.17918507385184e-05,66633.4829177255,17.4527961888268,919
"5711",115016,-20.456090927124,-43.0237655639648,0.0005483693839778,1.19210735647357e-05,9.46226464293431e-06,70560.6650221982,15.6431713674794,546
"5712",115017,-20.4491138458252,-42.9864311218262,0.0009266109373129,2.01437160285423e-05,1.06963716461905e-05,74500.8116590005,12.4803401640094,688
"5713",115018,-20.4421367645264,-42.9489784240723,0.0006708577420795,1.45838639582507e-05,9.17328361538239e-06,78454.0982577439,103.691221132624,783
"5714",115019,-20.4351558685303,-42.9114112854004,9.5051876087382e-05,2.06634513233439e-06,8.32641217130003e-06,79124.4141277007,341.650961829527,1264
"5715",115020,-20.4281730651855,-42.8737258911133,6.27667441222002e-05,1.36449443743913e-06,8.3698932940024e-06,75484.8092340826,231.738464126552,1041
"5716",115022,-20.4141960144043,-42.7979774475098,0.0002924211039498,6.35698052064981e-06,9.70430301094893e-06,68284.326225058,31.249422865251,1036
"5717",115023,-20.4072036743164,-42.7599143981934,5.39665550149948e-05,1.17318597858684e-06,9.78937168838456e-06,64736.9270468035,16.2746303586783,818
"5718",115024,-20.4002056121826,-42.7217178344727,0.0003996383347839,8.68778988660779e-06,8.81882533576572e-06,61235.6943540282,29.2349839673082,1063
"5719",115025,-20.3932056427002,-42.6833915710449,0.0005082530806248,1.10489800135838e-05,1.011897893477e-05,57792.1050390744,10.7136355931693,811
"5720",115029,-20.3651504516602,-42.5287017822266,0.0004170904121565,9.06718287296826e-06,7.8739867603872e-06,44923.6043453715,9.0045332617566,1010
"5721",115309,-21.3856983184814,-47.4959030151367,0.0008219685078074,1.78688806045102e-05,1.33957364596426e-05,17433.7694485353,1.99618609182921,831
"5722",115310,-21.3762474060059,-47.4583053588867,0.0016877372545423,3.66899403161369e-05,1.89402253454318e-05,14982.0300843311,2.42206571230265,1754
"5723",115313,-21.3481884002686,-47.3462181091309,0.0002875875779864,6.25190386926988e-06,1.30129365061293e-05,13447.3835622593,3.47146283778048,934
"5724",115314,-21.3389320373535,-47.3090858459473,0.0004219287911837,9.1723650257336e-06,1.32047371153021e-05,15171.3918334492,3.64716426575001,909
"5725",115315,-21.329719543457,-47.2720603942871,0.0006030464683135,1.31097058329033e-05,1.42084800245357e-05,17634.1997385433,4.79505213017839,1013
"5726",115316,-21.3205547332764,-47.2351417541504,0.0008888771953934,1.93234172911616e-05,1.39563453558367e-05,20564.883637291,8.83410758997873,846
"5727",115317,-21.3114337921143,-47.1983299255371,0.0011944585530727,2.59664902841905e-05,1.42182425406645e-05,23785.4427131504,5.18699293239922,1184
"5728",115318,-21.3023586273193,-47.1616249084473,0.0005279777724354,1.14777776616393e-05,1.2130185496062e-05,24817.6373836275,12.3555327052928,925
"5729",115319,-21.293327331543,-47.1250152587891,3.656517071704e-05,7.94895015587826e-07,1.3641618352267e-05,21496.1753486655,21.6305663931258,696
"5730",115320,-21.2843379974365,-47.0885047912598,0.0008950521332735,1.94576550711645e-05,1.77642978087533e-05,18422.1807494132,5.25561123325994,847
"5731",115321,-21.275390625,-47.0520935058594,0.0003774994111154,8.2065089372918e-06,1.23421941680135e-05,15732.9881964284,5.34077318257405,1164
"5732",115322,-21.266487121582,-47.0157737731934,0.0006924409481143,1.50530640894431e-05,1.18001244118204e-05,13647.5880095486,4.51132477384542,597
"5733",115323,-21.2576236724854,-46.979549407959,0.0015983510165824,3.47467612300534e-05,2.1568901502178e-05,12463.3858784794,6.04112390104251,933
"5734",115324,-21.24880027771,-46.9434127807617,0.0005279382367007,1.14769181891461e-05,1.48676890603383e-05,12430.3422474377,10.3827721760668,732
"5735",115325,-21.2400169372559,-46.9073638916016,0.001201397011755,2.61173263425007e-05,1.61530297191348e-05,13548.3580898702,11.3812858006207,762
"5736",115329,-21.2052745819092,-46.7640113830566,0.0005523064319277,1.2006661563646e-05,2.20302081288537e-05,13472.9008927037,13.5998883738198,1686
"5737",115331,-21.1881256103516,-46.6928100585938,0.0008495843649143,1.84692253242247e-05,3.05017183563905e-05,15558.0370027447,16.5379351889057,752
"5738",115332,-21.1796073913574,-46.6573181152344,0.0003903950473613,8.48684885568218e-06,1.77077254193136e-05,17764.7242750412,10.2683035604555,1142
"5739",115333,-21.17112159729,-46.6219024658203,0.0011914307433471,2.59006683336338e-05,1.73065236594994e-05,20438.1807971666,9.08408227649212,896
"5740",115334,-21.1626720428467,-46.586555480957,0.0005904613444727,1.28361161841894e-05,1.39036774271517e-05,23415.1235957187,80.8698213338751,1335
"5741",115335,-21.1542568206787,-46.5512771606445,0.0008099985934677,1.76086650753859e-05,1.36816952363006e-05,26590.6055831944,10.3291237666156,810
"5742",115337,-21.1375274658203,-46.4809150695801,0.0005707605414499,1.24078378576087e-05,1.41698556035408e-05,33297.6779742544,11.7651761151794,920
"5743",115338,-21.1292114257812,-46.4458274841309,0.0004466328937269,9.70941073319409e-06,1.37944789457833e-05,36760.2287852974,159.486843626873,1070
"5744",115341,-21.1044540405273,-46.3409271240234,0.0003647304565674,7.92892296885839e-06,1.21788962132996e-05,47373.0107986294,27.2590503593596,953
"5745",115342,-21.096263885498,-46.3060722351074,0.0013379183801589,2.90851821773686e-05,2.55208633461734e-05,48377.1401231092,22.8792297804229,505
"5746",115343,-21.0881042480469,-46.2712707519531,0.0016690410775481,3.62835016858298e-05,3.2827454560902e-05,46375.8127441589,16.1723397795587,39
"5747",115344,-21.0799732208252,-46.2365226745605,0.0021281388981151,4.62638890894596e-05,2.97893639071845e-05,44597.1205028854,33.1811360539562,854
"5748",115345,-21.0718727111816,-46.2018203735352,0.0004611866879713,1.00257975645945e-05,1.2028155651933e-05,43066.4265428356,66.6777405778549,1210
"5749",115347,-21.0557556152344,-46.1325645446777,0.0005670621303579,1.23274376164773e-05,1.13544019768597e-05,40851.526957665,5.00132880349881,953
"5750",115349,-21.0397510528564,-46.0634880065918,0.0003332021724418,7.24352548786555e-06,1.21717903311946e-05,39900.8898659771,5.59686606482529,545
"5751",115350,-21.0317878723145,-46.0290107727051,0.0004365816967037,9.49090645008255e-06,1.26424338304787e-05,39929.1546908581,22.1322661367443,963
"5752",115351,-21.0238513946533,-45.994571685791,0.0005046588012191,1.09708435047651e-05,1.23095151138841e-05,40293.1470908927,12.2736057802947,770
"5753",115352,-21.015941619873,-45.9601745605469,0.000246256063292,5.35339268026291e-06,1.24380540000857e-05,40982.6997594263,5.2898074930708,1725
"5754",115354,-21.0001983642578,-45.8914794921875,0.0004718182026408,1.02569174487144e-05,1.22542787721613e-05,43264.756680788,3.43493881827478,1033
"5755",115356,-20.9845542907715,-45.8229179382324,0.0004267264212103,9.27666133065941e-06,1.06877223515767e-05,46587.8023550664,5.04489261297682,791
"5756",115357,-20.9767684936523,-45.7886810302734,0.0006724454888171,1.46183801916777e-05,1.32723980641458e-05,48573.6474948445,6.28578513692359,844
"5757",115360,-20.9535484313965,-45.6861343383789,0.0015814831058378,3.43800675182138e-05,1.60167801368516e-05,55536.18038648,6.52944257872895,1491
"5758",115361,-20.9458522796631,-45.6520004272461,0.0008123743355099,1.76603116415208e-05,1.23391546367202e-05,57060.1511684366,8.37257628647561,974
"5759",115362,-20.9381790161133,-45.6178855895996,0.0006006195180816,1.30569460452534e-05,1.20565246106707e-05,55493.9803955613,11.3226943187515,785
"5760",115363,-20.9305267333984,-45.5837898254395,0.0005041288131906,1.0959322025883e-05,1.1215281119803e-05,54130.2372142896,10.4473011609163,1039
"5761",115364,-20.9228973388672,-45.5497131347656,0.000563011453778,1.22393794299569e-05,1.11604767880635e-05,52984.2576137795,56.5642516753738,908
"5762",115365,-20.9152870178223,-45.5156517028809,0.0001889030372694,4.1065877667279e-06,1.05402432382107e-05,52069.4757784337,88.5329043067862,683
"5763",115366,-20.9076976776123,-45.4816055297852,0.0001215692673213,2.64281015915913e-06,9.66310926742153e-06,51398.0178416631,29.3410472570562,786
"5764",115367,-20.9001274108887,-45.4475746154785,0.0010995876000379,2.39040782616939e-05,1.08695357994293e-05,50978.8450580283,10.8455206374079,1101
"5765",115368,-20.8925762176514,-45.4135513305664,0.0002587519911685,5.62504328627256e-06,1.02178082670434e-05,50817.9418847143,7.20497399345035,849
"5766",115369,-20.885046005249,-45.3795433044434,0.000536330480827,1.16593582788482e-05,1.20131553558167e-05,50917.4593297092,14.4392643523853,526
"5767",115370,-20.8775329589844,-45.3455390930176,0.0005127265594637,1.11462295535603e-05,1.01268551588873e-05,51275.4699628048,20.4737930583174,683
"5768",115371,-20.8700389862061,-45.3115425109863,0.0009171983365376,1.99390942725586e-05,1.21471839520382e-05,49014.2414555189,20.6551913622815,125
"5769",115372,-20.8625640869141,-45.2775497436523,0.0003807395005424,8.27694566396531e-06,1.09201209852472e-05,46886.9642113685,168.411018747608,936
"5770",115373,-20.8551044464111,-45.2435607910156,0.0008889868913684,1.93258019862697e-05,1.1716805602191e-05,44953.1525076764,83.6549630077984,1297
"5771",115374,-20.8476638793945,-45.2095756530762,0.0007177670377132,1.56036312546348e-05,1.16846404125681e-05,43238.9906007697,4.59040634814523,982
"5772",115375,-20.8402404785156,-45.1755867004395,0.0010985652770614,2.38818538491614e-05,1.11364242911804e-05,41770.9756359612,5.02128523419561,889
"5773",115377,-20.8254432678223,-45.107608795166,0.0007334260335483,1.5944044207572e-05,1.10421497083735e-05,39677.9354079008,7.3568346964755,1554
"5774",115378,-20.8180675506592,-45.0736122131348,0.000377426698833,8.20492823550012e-06,1.02154372143559e-05,39097.7108608645,5.37651147946047,1063
"5775",115379,-20.8107089996338,-45.0396118164062,0.0004037386715936,8.77692764333915e-06,1.37124225148e-05,38849.6434256216,3.69829759136946,1274
"5776",115381,-20.7960357666016,-44.9715805053711,0.0005659665930579,1.23036215882166e-05,1.48932895172038e-05,39366.6122932783,3.19649652201037,771
"5777",115383,-20.781421661377,-44.903507232666,3.53895003399884e-05,7.69336963912792e-07,1.00739562185481e-05,41179.4764717159,4.43968071678324,1133
"5778",115385,-20.7668628692627,-44.835376739502,0.0010001644732256,2.17427059396869e-05,2.28653134399792e-05,44130.9034837844,5.6372902471969,922
"5779",115386,-20.7596035003662,-44.8012886047363,0.0009776074330147,2.12523355003214e-05,2.7708967536455e-05,45969.0978941008,5.62014039729282,856
"5780",115387,-20.7523593902588,-44.7671775817871,0.0005915635338169,1.28600768221077e-05,1.9297893231851e-05,48014.2711945656,7.89130140056249,1003
"5781",115388,-20.7451248168945,-44.7330474853516,0.0005486165136971,1.19264459499391e-05,8.87844271346694e-06,50240.8712679183,6.4697074454941,831
"5782",115392,-20.7163124084473,-44.5962867736816,0.0007944814242364,1.72713353094878e-05,1.27690464069019e-05,60550.405154867,7.31275626772192,949
"5783",115393,-20.7091388702393,-44.5620269775391,0.0008083436987362,1.75726891029626e-05,2.52689387707505e-05,63395.6934187311,5.41997801997972,710
"5784",115394,-20.7019748687744,-44.5277366638184,0.0008671417454024,1.88509075087495e-05,2.40581193793332e-05,66322.3325316455,4.2869438098408,825
"5785",115395,-20.6948223114014,-44.4934158325195,0.0007364096636592,1.60089057317236e-05,1.83649135578889e-05,63495.1747606423,3.12905854635884,1152
"5786",115396,-20.6876792907715,-44.4590606689453,0.0001700872908259,3.69754980056314e-06,1.23173294923618e-05,59873.0635176442,2.38846010976682,580
"5787",115397,-20.6805458068848,-44.4246673583984,0.0009920913180394,2.15672025660751e-05,1.39796911753365e-05,56251.3918954066,2.64051827029553,926
"5788",115399,-20.6663093566895,-44.355770111084,0.0005955130491202,1.29459358504391e-05,9.51246965996688e-06,49013.4557420157,56.7967864444519,709
"5789",115400,-20.6592044830322,-44.3212623596191,0.0009241680891136,2.00906106329057e-05,1.07856985778199e-05,45399.2951569475,40.3792439341991,158
"5790",115402,-20.64501953125,-44.2521171569824,3.82553233748695e-05,8.31637464671076e-07,1.52246702782577e-05,38189.4137878509,21.5282609890496,791
"5791",115403,-20.6379413604736,-44.2174758911133,0.0006527435980387,1.41900782182347e-05,1.04604196167202e-05,34599.9348486454,6.70394041005796,1324
"5792",115404,-20.6308689117432,-44.182788848877,0.0010716844080889,2.32974871323677e-05,1.16845030788681e-05,31027.4357693027,9.67678879802119,1138
"5793",115405,-20.6238040924072,-44.1480522155762,0.0014751618509762,3.2068735890789e-05,1.51333624671679e-05,27480.1089200377,10.2539135738293,951
"5794",115406,-20.6167488098145,-44.1132621765137,0.0011429238693381,2.48461710725678e-05,1.5179549336608e-05,23971.145044771,12.5987343735717,1217
"5795",115407,-20.6096973419189,-44.0784225463867,0.0008251851686509,1.79388080141507e-05,1.37630913741305e-05,20522.9919508668,13.2772070851555,1065
"5796",115408,-20.6026554107666,-44.0435256958008,0.0014649217191617,3.18461243296042e-05,1.54879471665481e-05,17175.314018785,10.9619197410126,773
"5797",115409,-20.5956172943115,-44.0085716247559,0.0013999653856444,3.04340301227057e-05,2.0549869077513e-05,14004.3325474737,15.5961229919679,1388
"5798",115410,-20.588586807251,-43.973560333252,0.0012403323889884,2.69637475867057e-05,1.3702233445656e-05,11167.7283706635,30.6571943367561,830
"5799",115411,-20.5815620422363,-43.9384918212891,0.0011714266656781,2.54657970799599e-05,1.43705465234234e-05,8994.64195285912,33.5494323205039,940
"5800",115412,-20.5745429992676,-43.9033584594727,0.0007166330105974,1.55789784912486e-05,1.13591640911181e-05,8050.24276385964,9.54211703841787,727
"5801",115413,-20.5675296783447,-43.8681602478027,0.0006855128649476,1.49024535858189e-05,9.8187865660293e-06,8750.47268030519,50.4541831712359,1041
"5802",115414,-20.5605201721191,-43.8328971862793,0.0005395410753408,1.1729153811757e-05,9.14249449124327e-06,10786.0274906872,198.077288741508,600
"5803",115415,-20.5535163879395,-43.7975692749023,0.0010051927492895,2.18520162889035e-05,1.16675500976271e-05,10460.3792057938,123.675015624047,939
"5804",115416,-20.546516418457,-43.7621688842773,0.0015253892197506,3.31606352119707e-05,1.25231790661928e-05,6707.25232118678,115.265881563302,906
"5805",115417,-20.5395202636719,-43.7266998291016,0.0027492288063513,5.97658436163329e-05,1.66617628565291e-05,2949.08722108565,283.754702133316,32
"5806",115418,-20.5325298309326,-43.6911582946777,0.0014929197132005,3.24547763739247e-05,1.1564489796001e-05,839.601787988074,871.348207579194,1164
"5807",115419,-20.525541305542,-43.6555366516113,0.0014064100032555,3.05741305055562e-05,1.54179106175434e-05,4602.39734665973,177.581313849442,877
"5808",115420,-20.5185565948486,-43.6198425292969,0.0003854320784739,8.37895822769497e-06,1.20388813229511e-05,8384.39295524373,15.415212172808,551
"5809",115421,-20.5115737915039,-43.5840682983398,0.0011767544092435,2.55816175922519e-05,1.49777060869383e-05,12175.2984358713,32.3291823032069,931
"5810",115422,-20.5045948028564,-43.5482139587402,0.001759413491527,3.82481193810236e-05,2.14638839679537e-05,15974.4861185393,31.729985664744,792
"5811",115423,-20.4976177215576,-43.5122756958008,0.0015862811123952,3.44843720085919e-05,1.53498640429461e-05,19782.2537148285,29.7138636327683,1044
"5812",115424,-20.4906425476074,-43.4762496948242,0.0021897691258345,4.76036766485777e-05,1.87124969670549e-05,23598.9401596434,22.6773558072183,751
"5813",115425,-20.4836692810059,-43.4401397705078,0.0007714071980444,1.67697216966189e-05,1.24994558063918e-05,27424.1379376538,10.7809911010496,1138
"5814",115426,-20.4766979217529,-43.4039421081543,0.0001783391098797,3.87693717129878e-06,1.608482307347e-05,31258.2236118964,7.03295411445246,1694
"5815",115427,-20.4697284698486,-43.3676490783691,0.0005174377965886,1.12486477519269e-05,1.06568168121157e-05,35101.965935926,5.50300615616762,1010
"5816",115428,-20.4627590179443,-43.3312644958496,0.000617699122813,1.3428241800284e-05,8.03359580459073e-06,38955.0191988977,5.57230885218188,756
"5817",115429,-20.4557914733887,-43.2947883605957,0.0009621811332181,2.09169811569154e-05,9.4191154857981e-06,42817.3376611933,20.6972517644659,815
"5818",115430,-20.4488220214844,-43.2582092285156,0.0008255094871856,1.79458584170789e-05,8.9076129370369e-06,46690.1697717412,16.2030482359672,2132
"5819",115431,-20.4418544769287,-43.2215347290039,0.0010659859071893,2.31736066780286e-05,9.94331730908016e-06,50572.653285158,17.855272836602,902
"5820",115432,-20.434886932373,-43.1847534179688,0.0004650000246329,1.01086961876717e-05,1.00857760116924e-05,54465.9938668976,6.52957493949963,815
"5821",115433,-20.4279174804688,-43.1478729248047,0.0002458481758367,5.34452556166798e-06,9.27187647903338e-06,58369.4607209537,7.87082917766906,1115
"5822",115434,-20.4209480285645,-43.1108818054199,5.00556236602279e-05,1.08816573174408e-06,8.34672664495884e-06,62284.1727491074,13.9233481242495,843
"5823",115435,-20.4139766693115,-43.0737838745117,0.0007966063967614,1.73175303643802e-05,9.36782544158632e-06,66209.7865710452,16.3766474178159,518
"5824",115436,-20.4070053100586,-43.0365753173828,0.0013898337783757,3.02137777907774e-05,1.17704139483976e-05,70146.646967028,16.2874915435074,935
"5825",115437,-20.400032043457,-42.9992561340332,0.0010315243853256,2.24244431592524e-05,1.05957324194605e-05,74094.7978911587,14.409103710961,711
"5826",115438,-20.3930549621582,-42.9618186950684,0.0005102609939058,1.10926303023007e-05,1.20154163596453e-05,78055.058016024,95.877000600432,956
"5827",115439,-20.3860778808594,-42.9242630004883,0.0006160597076814,1.33926023409003e-05,1.28711590150488e-05,81738.9449609147,655.005323704208,147
"5828",115440,-20.3790969848633,-42.8865852355957,0.0002787419698506,6.05960804023198e-06,8.73286808200646e-06,78209.2577261435,1030.56417125349,938
"5829",115441,-20.3721122741699,-42.8487854003906,0.0008484809623041,1.84452383109601e-05,1.0619268323353e-05,74713.4913988958,33.2766605112295,1033
"5830",115442,-20.3651256561279,-42.810863494873,2.47882728672266e-05,5.38875497113622e-07,9.5095010692603e-06,71258.6699610901,20.4718999648439,706
"5831",115443,-20.3581352233887,-42.7728118896484,0.0004489632010518,9.76006958808284e-06,1.05139315564884e-05,67852.6028986058,104.616039455689,969
"5832",115444,-20.3511409759521,-42.7346305847168,0.0011377198788977,2.47330408456037e-05,1.09069887912483e-05,64505.4995628056,259.058839142462,875
"5833",115445,-20.3441429138184,-42.6963157653809,0.0002508039697204,5.45226021131384e-06,9.14315660338616e-06,61229.3026360542,75.9119018410682,1052
"5834",115446,-20.3371391296387,-42.6578636169434,0.0004999243028578,1.08679196273442e-05,1.24242060337565e-05,58038.6374461654,9.07009447804091,1096
"5835",115447,-20.3301315307617,-42.6192741394043,0.0006982393970247,1.51791173266247e-05,1.09430011434597e-05,54951.4255160589,38.3621247519435,983
"5836",115448,-20.3231182098389,-42.5805473327637,0.000822918034828,1.78895224962616e-05,9.28287590795662e-06,51989.5301552329,73.0856855342083,780
"5837",115449,-20.3160991668701,-42.541675567627,0.0004556339463306,9.90508578979643e-06,8.09208268037764e-06,49178.4949462077,6.71768436606838,425
"5838",115450,-20.3090744018555,-42.5026550292969,5.09909052652802e-05,1.10849794054957e-06,8.3360364442342e-06,46549.3039835555,136.605837234906,999
"5839",115733,-21.3082904815674,-47.394847869873,0.0003455108389971,7.51110519559006e-06,1.22121946333209e-05,18367.9825257213,4.30651823866276,837
"5840",115734,-21.2989845275879,-47.3576126098633,0.0001730472831695,3.76189746020827e-06,1.17986783152446e-05,18899.1362248034,4.24886370173657,943
"5841",115735,-21.2897281646729,-47.3204917907715,0.000437186070485,9.50404501054436e-06,1.3168946679798e-05,20215.1330997936,407.056583002583,743
"5842",115736,-21.2805156707764,-47.2834815979004,0.0005572157660935,1.21133862194256e-05,1.24154348668526e-05,22170.4672610825,111.615558829405,834
"5843",115737,-21.2713508605957,-47.2465744018555,0.000937138487643,2.03725758183282e-05,1.29882628243649e-05,24607.234730172,23.4877244041489,873
"5844",115738,-21.2622318267822,-47.2097778320312,0.0002723572833929,5.92081050854176e-06,1.29071067931363e-05,27391.9523924892,19.2292327031528,511
"5845",115739,-21.2531547546387,-47.1730804443359,0.0002292116014359,4.98286090078182e-06,1.50656505866209e-05,27825.7422738875,27.3325762137981,945
"5846",115740,-21.2441234588623,-47.1364860534668,0.0002305056541445,5.01099248140235e-06,1.71519732248271e-05,24949.146806793,17.4153634493955,883
"5847",115741,-21.2351341247559,-47.0999908447266,0.0006797291844122,1.4776721400267e-05,1.20016329674399e-05,22399.0659974381,4.5332246978358,1172
"5848",115742,-21.226188659668,-47.063591003418,5.12361059179511e-06,1.11382838952068e-07,1.31117576529505e-05,20292.0604599038,5.53433850797523,982
"5849",115744,-21.2084197998047,-46.9910736083984,0.0012083377296221,2.62682115135249e-05,1.50787709571887e-05,17979.4153158669,367.728063467013,719
"5850",115745,-21.1995983123779,-46.954948425293,0.0006461137691076,1.40459515023394e-05,2.69081174337771e-05,18005.4358089928,314.356972668397,1133
"5851",115746,-21.1908149719238,-46.9189147949219,0.0001597254245098,3.4722918371699e-06,1.21239972941112e-05,18840.4022497798,14.910196202384,942
"5852",115748,-21.1733665466309,-46.8470993041992,0.0006973643812671,1.51600952449371e-05,1.9890054318239e-05,20411.6207577179,8.44766541500458,1070
"5853",115749,-21.164701461792,-46.8113136291504,0.0007672031897527,1.66783302120166e-05,2.40337412833469e-05,19377.4896273138,7.77234280334725,751
"5854",115751,-21.1474800109863,-46.7399826049805,0.0004251400132488,9.24217420106288e-06,1.39183921419317e-05,19519.4984632474,8.04774989519491,1009
"5855",115753,-21.1304054260254,-46.6689567565918,0.0003267720721851,7.10374069967656e-06,1.37781535158865e-05,22411.0238566536,8.6582807995405,1409
"5856",115755,-21.1134719848633,-46.5982131958008,0.0002657873019416,5.7779848248174e-06,1.44581308632041e-05,27161.1340880826,33.4480999831576,907
"5857",115758,-21.0883274078369,-46.4926109313965,0.0001153637572315,2.50790776590293e-06,2.06254098884529e-05,36083.9078722511,9.21122893607874,1400
"5858",115759,-21.0800132751465,-46.4575386047363,0.0005452419190987,1.18530851977994e-05,1.48904309753561e-05,39316.6524431901,12.6097195554827,932
"5859",115760,-21.0717296600342,-46.4225234985352,0.0003719713531609,8.08633376436774e-06,1.21176708489656e-05,42628.1709180672,39.6289170000153,813
"5860",115763,-21.0470676422119,-46.3178291320801,0.0002502722454664,5.44070098840166e-06,1.59938081196742e-05,52870.8405693714,17.5271975394864,102
"5861",115764,-21.0389080047607,-46.2830390930176,1.39868290602863e-05,3.04061501310571e-07,1.53895271068905e-05,51207.1810626749,14.2054069096525,1024
"5862",115765,-21.0307769775391,-46.2483024597168,0.0008684003623784,1.88782687473577e-05,1.22358133012312e-05,49613.643277316,10.2783894841616,807
"5863",115766,-21.0226764678955,-46.2136154174805,0.0001794397094272,3.90086324841832e-06,1.19753303806647e-05,48254.0889236005,7.87369624437916,552
"5864",115768,-21.0065612792969,-46.1443824768066,0.001757321988407,3.82026519218925e-05,1.4112530152488e-05,46310.5309339836,76.7443959162829,950
"5865",115771,-20.9825954437256,-46.0408630371094,0.0008747500942263,1.90163063962245e-05,1.24788784887642e-05,45530.0198323605,7.20152551232757,757
"5866",115772,-20.9746589660645,-46.0064353942871,1.28654131117401e-05,2.79682893733479e-07,1.19489877761225e-05,45859.0600532191,5.96109438303433,1124
"5867",115773,-20.9667510986328,-45.9720497131348,0.0004845643143198,1.05340068330406e-05,1.1832617019536e-05,46474.8250684487,5.01099453639404,867
"5868",115774,-20.9588661193848,-45.9376983642578,0.0004016539878648,8.73160843184451e-06,1.08855947473785e-05,47365.6418146221,4.58532841097603,563
"5869",115775,-20.9510078430176,-45.9033813476562,0.0001072184440999,2.33083574130433e-06,9.28247663978254e-06,48515.0180429982,4.94028305780286,936
"5870",115776,-20.9431743621826,-45.8690948486328,0.0007032781322777,1.52886550495168e-05,1.10172695713118e-05,49904.4546694991,37.5313515582832,858
"5871",115777,-20.9353656768799,-45.8348426818848,1.75844920136115e-06,3.82271565513292e-08,1.83735319296829e-05,51513.6381460185,216.860444681436,177
"5872",115778,-20.9275798797607,-45.8006172180176,0.0003550767505657,7.71905979490839e-06,1.10547443910036e-05,53322.2733583925,325.624293048988,1279
"5873",115779,-20.9198169708252,-45.7664184570312,0.0009936308269971,2.1600670152111e-05,1.28526171465637e-05,55310.1450131363,8.77426548451886,1073
"5874",115780,-20.9120788574219,-45.732250213623,0.0004156080940447,9.03495856618974e-06,1.04923465187312e-05,56091.5402179643,6.42031407057414,1279
"5875",115781,-20.9043617248535,-45.6981048583984,0.0003119211532975,6.78089463690412e-06,9.17768647923367e-06,54007.8417897328,7.31210815925594,1155
"5876",115782,-20.8966674804688,-45.6639785766602,0.0002089117379,4.54155951956636e-06,1.10792452687747e-05,52099.0485256822,8.6375565335887,1068
"5877",115784,-20.8813438415527,-45.5957946777344,0.0002157886337954,4.69105725642294e-06,1.14698414108716e-05,48883.8296218119,4.24432526730306,1652
"5878",115785,-20.8737144470215,-45.5617294311523,0.0007244871085276,1.57497197506018e-05,1.22769533845712e-05,47616.7106369056,6.14861950343697,1041
"5879",115786,-20.8661060333252,-45.5276794433594,0.0001483797982473,3.22564778798551e-06,1.05538283605711e-05,46601.5771514322,237.195861413768,419
"5880",115787,-20.8585166931152,-45.4936447143555,0.0008488226849294,1.84526670636842e-05,9.90217085927725e-06,45854.4611440189,105.678235362458,1010
"5881",115788,-20.8509464263916,-45.4596252441406,0.0002383746459599,5.18205752086942e-06,1.05496428659535e-05,45388.1120239148,6.80533312653384,920
"5882",115791,-20.8283557891846,-45.3576240539551,9.2804123141832e-05,2.01748093786591e-06,1.61386378749739e-05,45730.8311113314,10.2819374615213,1335
"5883",115793,-20.8133888244629,-45.2896575927734,0.000170216189872,3.7003519537393e-06,1.61975531227654e-05,42346.7046112467,9.38516883227696,912
"5884",115794,-20.8059310913086,-45.2556800842285,9.64049081630947e-05,2.09575887311075e-06,1.26731365526211e-05,40198.2040648026,5.25984111620396,734
"5885",115796,-20.7910690307617,-45.1877326965332,0.000196026665435,4.26144924858818e-06,1.82807707460597e-05,36610.1582358631,5.55709593290517,1053
"5886",115797,-20.7836627960205,-45.1537551879883,0.0004463804507395,9.70392284216359e-06,1.09154570964165e-05,35242.1302914133,6.2954705199206,830
"5887",115798,-20.776273727417,-45.1197738647461,0.0006616570863116,1.43838497024262e-05,1.08442545752041e-05,34205.9238550342,6.91279763318794,499
"5888",115801,-20.7541980743408,-45.0178031921387,2.43336615994849e-05,5.28992643467063e-07,1.69593913597055e-05,33347.7930518039,3.87980891102441,986
"5889",115802,-20.7468700408936,-44.9837951660156,8.96254709914501e-05,1.94837980416196e-06,1.12754341898835e-05,33844.0744539716,63.1089276920185,727
"5890",115803,-20.7395572662354,-44.9497756958008,0.0004833038146898,1.05066046671709e-05,1.4846998055873e-05,34714.9822549098,8.8042161404041,992
"5891",115804,-20.7322597503662,-44.9157447814941,0.0010811836946231,2.35039933613734e-05,2.13214061659528e-05,35933.5222792446,3.48249075678923,1069
"5892",115805,-20.7249736785889,-44.8816986083984,0.0007955116125231,1.72937307070242e-05,1.20091199278249e-05,37465.9504257095,13.3945015668856,900
"5893",115806,-20.7177028656006,-44.8476371765137,0.0009630289969209,2.09354129765416e-05,1.09042739495635e-05,39276.1899108951,261.839805308148,692
"5894",115808,-20.7032012939453,-44.7794609069824,0.0007293564049177,1.58555740199517e-05,1.02783251350047e-05,43587.9868240907,38.7469110500678,970
"5895",115809,-20.6959686279297,-44.7453384399414,0.001240719378984,2.69721604126971e-05,1.14542199298739e-05,46026.0646783211,10.2803226189585,1377
"5896",115810,-20.6887493133545,-44.7111968994141,0.0008293736136693,1.8029861166724e-05,1.29930576804327e-05,48615.5988510194,8.8188022383042,1047
"5897",115811,-20.6815414428711,-44.6770324707031,0.0007764118781778,1.68785190908238e-05,1.44924579217331e-05,51334.2671054172,8.54455379352966,696
"5898",115812,-20.6743450164795,-44.6428413391113,0.0003768034985114,8.19138040242251e-06,1.21137863970944e-05,54163.3958397688,9.73969956087092,1003
"5899",115813,-20.6671619415283,-44.6086235046387,0.0006916170987096,1.50351543197758e-05,1.14191379907425e-05,57087.1094943187,8.55029625740307,1062
"5900",115815,-20.6528263092041,-44.5401000976562,3.2713218729441e-05,7.11156928900891e-07,1.83804168045754e-05,63167.4010896597,50.7841158353236,981
"5901",115816,-20.6456737518311,-44.505786895752,0.0005753281111537,1.25071328511694e-05,1.035032710206e-05,63119.0882765579,137.880772539691,1739
"5902",115817,-20.6385326385498,-44.4714431762695,0.001373188690195,2.98519280477194e-05,1.20691747724777e-05,59471.2777469768,144.536640725364,149
"5903",115818,-20.6314010620117,-44.4370651245117,0.0011800847823906,2.56540170084918e-05,1.13361620606156e-05,55820.5934739925,3.06625962062448,981
"5904",115819,-20.6242790222168,-44.402645111084,0.0004683672141254,1.01818959592492e-05,1.34814681587159e-05,52166.3496032571,3.93155539595935,928
"5905",115820,-20.617166519165,-44.3681907653809,0.0004413410460983,9.59437056735624e-06,1.05235976661788e-05,48509.415094703,41.4445542790085,708
"5906",115823,-20.5958824157715,-44.2645721435547,0.0004174737205175,9.0755156634259e-06,9.85932547337143e-06,37519.0483523826,8.61936560838248,852
"5907",115827,-20.5676174163818,-44.1257629394531,0.0005004323684261,1.08789645310026e-05,1.16169512693887e-05,22829.1061730547,8.83713887914766,848
"5908",115828,-20.5605697631836,-44.0909309387207,0.0005405229840107,1.17504996524076e-05,8.91340550879249e-06,19156.2825255978,11.6303382218791,524
"5909",115830,-20.5464935302734,-44.0211067199707,0.000492524844958,1.07070618469152e-05,1.10252931335708e-05,11842.1234536416,9.27269855127442,964
"5910",115831,-20.5394630432129,-43.9861068725586,0.0005303502512106,1.15293532871874e-05,9.76622050075093e-06,8242.24526375035,48.5742513465825,992
"5911",115832,-20.5324401855469,-43.9510459899902,0.0002899409164456,6.30306340099196e-06,9.63605270953849e-06,4814.6482050807,25.293302842959,173
"5912",115833,-20.5254230499268,-43.9159278869629,0.0007340632910199,1.59578976308694e-05,1.04087157524191e-05,2471.36953321919,75.6000060858758,1281
"5913",115834,-20.5184116363525,-43.8807411193848,0.001534802824608,3.33652787958272e-05,1.17450554171228e-05,4104.96713654647,549.638656272904,1082
"5914",115835,-20.5114040374756,-43.8454895019531,0.001334378906904,2.90082371066092e-05,1.27008079289226e-05,7453.64971907606,977.897150518248,1463
"5915",115836,-20.5044021606445,-43.810173034668,0.0008118927107716,1.7649841538514e-05,1.27608827824588e-05,11062.1775596607,102.123782288699,1007
"5916",115837,-20.4974040985107,-43.7747840881348,0.0010909601915045,2.37165259022731e-05,1.61148327606497e-05,8965.81224662159,9.60252365649744,940
"5917",115838,-20.4904098510742,-43.7393264770508,0.0018079836227116,3.93039917980786e-05,1.33745688799536e-05,6554.39556079929,148.210736972824,1096
"5918",115839,-20.483419418335,-43.7037963867188,0.0014206376799847,3.08834278257564e-05,1.11216386358137e-05,5812.91790279442,59.6098801555263,699
"5919",115840,-20.4764347076416,-43.6681900024414,0.0009974641616281,2.16840035136556e-05,1.04970840766327e-05,7282.82562575273,1.44226289403907,1141
"5920",115841,-20.4694499969482,-43.6325035095215,0.0012530548629001,2.72403231065255e-05,1.31003052956657e-05,10044.6958389622,10.5305073201352,1292
"5921",115846,-20.4345741271973,-43.4528617858887,0.000545315509953,1.18546849989798e-05,1.08532995000132e-05,27850.9776853749,71.0433943932349,966
"5922",115847,-20.427604675293,-43.416675567627,0.0007036037895886,1.52957345562754e-05,9.12526502361288e-06,31609.1453378486,67.0202750175884,1026
"5923",115848,-20.4206371307373,-43.3803977966309,0.0005554980325541,1.20760441859602e-05,8.96478559297975e-06,35392.1511234638,114.903077058403,815
"5924",115849,-20.4136695861816,-43.3440246582031,0.0007855437543184,1.70770381373586e-05,9.14878273761133e-06,39195.9712520147,18.8329001129375,492
"5925",115850,-20.4067039489746,-43.3075561523438,0.0010485970451554,2.27955879381625e-05,9.84782764135161e-06,43017.617182673,23.3832395536501,741
"5926",115851,-20.3997383117676,-43.2709922790527,0.0009451150835957,2.05459800781682e-05,1.02064295788296e-05,46855.1813629756,81.9337663470948,1053
"5927",115852,-20.3927726745605,-43.2343254089355,0.0008891805118764,1.93300111277495e-05,9.61628029472195e-06,50708.0216185091,20.5205344468544,909
"5928",115853,-20.3858070373535,-43.1975593566895,0.0003200699702574,6.958042831684e-06,9.0898756752722e-06,54574.7598518674,10.500434360061,927
"5929",115854,-20.3788394927979,-43.1606903076172,0.0009465053190069,2.05762025871081e-05,1.07856294562225e-05,58455.0929780784,18.9623442175685,544
"5930",115855,-20.3718719482422,-43.1237144470215,0.0006593408361368,1.43334964377573e-05,9.450356628804e-06,62348.7736861762,69.9049443248467,681
"5931",115856,-20.3649044036865,-43.0866279602051,0.000753571770474,1.63819950103061e-05,9.52638492890401e-06,66255.752450907,11.7619816924976,903
"5932",115857,-20.3579349517822,-43.049430847168,0.0001976907433345,4.29762485509855e-06,8.97209974937141e-06,70175.7553228527,13.1456126810976,1312
"5933",115858,-20.3509635925293,-43.0121192932129,0.0005763603912782,1.2529573723441e-05,9.09461505216314e-06,74108.8951654044,9.12668034079088,1066
"5934",115859,-20.3439903259277,-42.9746971130371,0.000897899375559,1.95195516425883e-05,1.03039119494497e-05,78054.5778187926,9.14913751208241,1009
"5935",115860,-20.3370132446289,-42.9371528625488,0.0008876661049725,1.92970892385347e-05,1.12563639049768e-05,82013.8291400038,13.7345427396074,1017
"5936",115861,-20.3300361633301,-42.8994903564453,0.0002266023893753,4.92613889946369e-06,8.31746365292929e-06,81234.8232182965,24.6250678567095,1563
"5937",115862,-20.323055267334,-42.861701965332,0.0006469397103501,1.40639067467418e-05,8.72733289725147e-06,77862.8660713584,16.8481470153764,963
"5938",115863,-20.3160705566406,-42.8237915039062,0.0002054247070191,4.46575450041564e-06,7.63154275773559e-06,74541.2026593983,12.9095485494333,965
"5939",115864,-20.30908203125,-42.7857513427734,0.000930737798626,2.02334304049145e-05,9.71730059973197e-06,71278.2608245806,12.6033258148241,935
"5940",115865,-20.3020896911621,-42.7475814819336,0.0008493171117152,1.84634154720698e-05,1.23874096971122e-05,68084.8381332032,22.4898957234684,748
"5941",115866,-20.295093536377,-42.7092781066895,0.0005368995443859,1.16717292257817e-05,9.97468669083901e-06,64973.3182242421,23.4438310359322,785
"5942",115867,-20.2880935668945,-42.670841217041,0.0001320516339546,2.87068769466714e-06,9.01373459782917e-06,61958.7229838858,12.6498066989872,1021
"5943",115868,-20.2810878753662,-42.632266998291,0.0003575461232685,7.77274181018583e-06,9.54165898292558e-06,59058.5170086803,47.2023776762543,813
"5944",115869,-20.274076461792,-42.5935516357422,0.0006745696664438,1.46645579661708e-05,8.87854002940003e-06,56293.1366464387,7.27385795821397,989
"5945",115870,-20.2670612335205,-42.5546913146973,0.0007241673920361,1.57427693920908e-05,1.23015433928231e-05,53686.298392177,6.79222208032384,435
"5946",116152,-21.2778263092041,-47.4809951782227,0.000581051044719,1.26315444504144e-05,1.38309087560629e-05,25026.2340973488,18.4129330547396,769
"5947",116153,-21.268424987793,-47.4435424804688,0.0006816991517553,1.48195467772894e-05,1.41712898766855e-05,24168.547435443,41.5027758748107,922
"5948",116154,-21.2590713500977,-47.4062080383301,0.0002390420886513,5.19656714459416e-06,1.13261085061822e-05,23962.1799392434,4.81951489143686,1010
"5949",116155,-21.2497653961182,-47.3689880371094,0.000271466432423,5.90144418310956e-06,1.18797088362044e-05,24417.107468598,6.56661669363356,1096
"5950",116157,-21.2312984466553,-47.2948799133301,0.0006465856458817,1.40562096930807e-05,1.23211884783814e-05,27107.3958262887,64.2504251751841,673
"5951",116158,-21.222131729126,-47.2579879760742,0.0006025079455866,1.30979988171021e-05,1.22171350085409e-05,29169.5877816916,5.191844179557,935
"5952",116160,-21.2039356231689,-47.1845207214355,0.0013739753048867,2.98690283671021e-05,1.43967890835484e-05,31547.2731712001,6.41786882034983,955
"5953",116161,-21.1949043273926,-47.1479377746582,0.0008585305695305,1.8663708033273e-05,1.53437267726986e-05,29076.4697942591,6.56356936060129,1470
"5954",116162,-21.1859149932861,-47.1114540100098,0.0004254214491083,9.24829237192171e-06,1.04120354080806e-05,26956.954860642,6.74726021838524,718
"5955",116163,-21.1769695281982,-47.0750694274902,0.0008481217519147,1.84374293894507e-05,1.30814232761622e-05,25271.9048892584,7.01934852601772,984
"5956",116164,-21.1680660247803,-47.0387763977051,0.0008011994868866,1.74173801497091e-05,1.74277556652669e-05,24106.9605155313,7.0305998001917,1031
"5957",116165,-21.1592025756836,-47.0025749206543,0.0010571984312264,2.29825745918788e-05,1.43807264976203e-05,23534.5224164208,240.451044671055,993
"5958",116167,-21.1415977478027,-46.9304389953613,0.0007874591246945,1.71186766237952e-05,1.15405919132172e-05,24271.6861850328,9.2822462799796,1005
"5959",116168,-21.1328544616699,-46.8945045471191,0.000675721808875,1.4689604540763e-05,1.41215741678025e-05,25518.0441832831,7.09510504595514,905
"5960",116169,-21.1241493225098,-46.8586502075195,0.0018845438826247,4.09683452744503e-05,3.25271539622918e-05,25656.7001000215,6.93767898707325,921
"5961",116170,-21.1154842376709,-46.8228797912598,0.0001490747067691,3.24075449498196e-06,1.48621602420462e-05,24875.4097577503,8.23727463476682,582
"5962",116173,-21.0897083282471,-46.7160339355469,0.0016396977807744,3.56456039298791e-05,2.51104866038077e-05,25986.0629292982,6.5917392734555,773
"5963",116174,-21.0811901092529,-46.6805686950684,0.0015651676076231,3.40253827744164e-05,3.6060740967514e-05,27417.9707000933,5.74211237336067,812
"5964",116175,-21.0727062225342,-46.6451759338379,0.0002894341896535,6.29204760116409e-06,1.41781711135991e-05,29269.9452628569,5.14052522510053,1090
"5965",116176,-21.0642566680908,-46.6098556518555,0.0012397797254379,2.69517331616953e-05,1.54945246322313e-05,31464.9325180397,5.33346537788036,863
"5966",116177,-21.0558433532715,-46.5746002197266,0.0005800003564218,1.2608703400474e-05,2.01772982109105e-05,33933.8856051143,4.88159499352361,975
"5967",116178,-21.0474624633789,-46.5394096374512,0.0001216282571476,2.64409254668863e-06,1.63582644745475e-05,36619.4658360362,5.61676064881436,729
"5968",116180,-21.0307998657227,-46.4692268371582,0.0009452125632378,2.05480992008233e-05,1.70195671671536e-05,42464.853859958,7.60606793915739,964
"5969",116181,-21.0225162506104,-46.4342231750488,0.0003008471312568,6.54015502732364e-06,1.45225621963618e-05,45561.0902491327,11.9940998278963,94
"5970",116182,-21.0142650604248,-46.3992805480957,0.001366061882436,2.96969974442618e-05,3.27966736222152e-05,48741.5956602069,38.525788426956,1080
"5971",116183,-21.006046295166,-46.3643951416016,0.0019383882900001,4.21388758695684e-05,3.76874486391898e-05,51989.6830987153,27.7248261490156,1252
"5972",116184,-20.9978561401367,-46.3295669555664,0.0020902376418234,4.5439948735293e-05,3.38675854436588e-05,55292.3769090266,20.0330867334393,976
"5973",116185,-20.9896965026855,-46.2947883605957,0.000901249495655,1.95923803403275e-05,1.56785190483788e-05,56181.9279188462,22.3577581188941,1400
"5974",116186,-20.9815673828125,-46.2600631713867,0.000850281699968,1.84843847819138e-05,1.17736872198293e-05,54743.9715087739,10.0074641332307,938
"5975",116188,-20.9653968811035,-46.1907577514648,0.000399144451876,8.67705330165336e-06,1.06017669168068e-05,52540.1638118546,5.83032797323443,1123
"5976",116189,-20.9573535919189,-46.156177520752,0.0005226430421316,1.13618052637321e-05,1.12796042230912e-05,51800.6821640262,103.515084787143,708
"5977",116190,-20.9493370056152,-46.121639251709,0.0009057763163582,1.96907894860487e-05,1.14959048005403e-05,51316.1761376539,68.3409674303342,1007
"5978",116191,-20.941349029541,-46.0871467590332,0.0007653864704479,1.66388363140868e-05,1.22904930321965e-05,51092.7290878578,57.4966472036249,1384
"5979",116192,-20.9333896636963,-46.0526924133301,0.000137919950248,2.99825978800072e-06,1.23619738587877e-05,51132.4469739461,5.23048642448039,1056
"5980",116193,-20.9254550933838,-46.0182800292969,0.0001496767481512,3.25384235111414e-06,1.13477663035155e-05,51434.2008408841,4.65757257748938,977
"5981",116194,-20.9175453186035,-45.9839019775391,0.000577714145038,1.2559003153001e-05,1.20433232950745e-05,51992.3488898304,4.42459816603524,1137
"5982",116195,-20.9096622467041,-45.9495620727539,4.39126699802728e-05,9.54623260440712e-07,1.1241483662161e-05,52797.6836075318,5.45765970535214,1011
"5983",116196,-20.9018058776855,-45.9152565002441,0.0001320900400969,2.87152261080337e-06,9.82542132987874e-06,53838.2150216906,6.10571327488383,922
"5984",116197,-20.8939723968506,-45.8809852600098,0.0002914282758865,6.33539730188204e-06,1.36252601805609e-05,55100.2086516154,6.45973548522416,941
"5985",116198,-20.8861637115479,-45.8467445373535,0.0001464568135816,3.18384377351322e-06,1.54992503667017e-05,56567.9279450379,6.77185521182058,398
"5986",116201,-20.8628787994385,-45.7441864013672,0.0001571100206092,3.41543523063592e-06,1.11417521111434e-05,51634.0515664948,7.77584937661607,806
"5987",116202,-20.8551635742188,-45.7100524902344,0.0006354439319693,1.38139985210728e-05,1.08939011624898e-05,49369.3537463884,7.08916930330415,930
"5988",116203,-20.847469329834,-45.6759414672852,0.0010400487080914,2.2609754523728e-05,1.26590239233337e-05,47280.2489892989,6.31121103508036,1037
"5989",116204,-20.8397979736328,-45.6418495178223,0.000424283405664,9.22355229704408e-06,1.16635546874022e-05,45390.397703187,4.72131175377081,953
"5990",116205,-20.8321475982666,-45.6077766418457,0.0002004660054808,4.35795664088801e-06,1.09514321593451e-05,43724.8066113157,4.3142897437399,718
"5991",116206,-20.8245182037354,-45.5737228393555,0.0009492004428466,2.06347922357963e-05,1.04421742435079e-05,42309.3324812555,4.69438627397017,568
"5992",116207,-20.8169116973877,-45.5396881103516,0.0010011702288466,2.17645701923175e-05,1.13040077849291e-05,41169.3398576601,5.79202995313798,924
"5993",116208,-20.8093223571777,-45.5056648254395,0.0012016492037219,2.6122808776563e-05,1.274355690839e-05,40326.9170690418,7.69215512244748,1173
"5994",116209,-20.8017539978027,-45.4716529846191,0.0009865485335467,2.1446707251016e-05,1.13133810373256e-05,39800.9466384849,9.80567897137254,714
"5995",116210,-20.7942066192627,-45.4376564025879,0.0009964247692551,2.16614080272848e-05,1.2456403055694e-05,39603.4847034302,8.35661992188312,971
"5996",116211,-20.7866764068604,-45.4036674499512,0.0006744441980117,1.46618303915602e-05,1.55731650011148e-05,39738.7024498288,7.38940330815343,974
"5997",116212,-20.779167175293,-45.369686126709,0.0001919203250508,4.17218097936711e-06,1.04477003333159e-05,40203.3053775938,6.57679368582125,1073
"5998",116213,-20.7716751098633,-45.3357124328613,0.0006019979136908,1.30869111671927e-05,1.2316749234742e-05,40672.313756261,5.5427124571352,1341
"5999",116214,-20.7642002105713,-45.3017463684082,0.0012874258500232,2.7987518478767e-05,1.52060101754614e-05,38089.5425392417,55.2613248865272,702
"6000",116215,-20.7567443847656,-45.2677803039551,0.0002375386011408,5.16388263349654e-06,9.31188787944848e-06,35689.4510688822,304.476878900735,957
"6001",116216,-20.7493057250977,-45.233814239502,0.0004796622597496,1.04274404293392e-05,1.10105411295081e-05,33510.9584857079,3.35079192708798,1036
"6002",116217,-20.7418842315674,-45.1998519897461,0.0005520510185306,1.20011090984917e-05,1.06571351352613e-05,31599.8880987079,3.86541356594916,947
"6003",116218,-20.7344799041748,-45.165885925293,0.0001024888720166,2.22801895688463e-06,1.0178987395193e-05,30006.9442477182,12.8899831488869,931
"6004",116219,-20.7270908355713,-45.1319198608398,0.0003589856842154,7.80403661337914e-06,1.1910718967556e-05,28784.7829165132,16.1429769957497,804
"6005",116220,-20.7197189331055,-45.0979461669922,0.0004786530735145,1.0405501598143e-05,9.8199652711628e-06,27982.1454226411,6.02321476402049,784
"6006",116221,-20.7123622894287,-45.0639686584473,0.0009587927743268,2.08433211810188e-05,1.47319624375086e-05,27635.4572456099,6.86694371783052,859
"6007",116222,-20.705020904541,-45.0299797058105,0.0004207246038276,9.14618703973247e-06,1.3979247341922e-05,27762.0608736113,6.73727188750009,990
"6008",116224,-20.6903820037842,-44.9619750976562,0.0002090540247081,4.54465271104709e-06,9.4031602202449e-06,29388.3833592455,64.740788640768,445
"6009",116225,-20.683084487915,-44.9279556274414,0.0005556037122005,1.20783415695769e-05,9.97064489638433e-06,30816.3474788212,3.27220039836197,746
"6010",116226,-20.6758003234863,-44.8939208984375,0.0008129924317472,1.76737485162448e-05,1.66425525094382e-05,32588.095134257,2.38533127557384,918
"6011",116227,-20.6685314178467,-44.8598709106445,0.0006437368556362,1.39942794703529e-05,1.02243539004121e-05,34651.4479465645,170.658278119424,1020
"6012",116228,-20.6612739562988,-44.8258056640625,0.0007103571624611,1.5442547010025e-05,1.06155475805281e-05,36957.6938871821,452.012878223547,1077
"6013",116229,-20.65403175354,-44.7917175292969,0.0002020119782173,4.39156474385527e-06,9.61699151957873e-06,39465.5163397639,244.81390153624,929
"6014",116230,-20.646800994873,-44.7576103210449,0.000468314416139,1.01807481769356e-05,9.917691386363e-06,42138.893283734,8.83958785302849,683
"6015",116231,-20.6395816802979,-44.7234802246094,0.00043031948735,9.35477146413177e-06,9.64120772550814e-06,44949.0521513507,9.70298685163431,686
"6016",116232,-20.6323757171631,-44.6893272399902,0.0007060387724777,1.5348668966908e-05,1.69960549101233e-05,47872.454562051,9.88351315039065,735
"6017",116233,-20.6251811981201,-44.6551475524902,0.000176641165126,3.84002532882732e-06,1.2187610991532e-05,50890.3132914217,13.0842803392209,987
"6018",116234,-20.6179981231689,-44.6209373474121,0.0003469593320915,7.5425941759022e-06,8.98922098713228e-06,53987.6561844392,22.4278582235266,992
"6019",116235,-20.6108264923096,-44.5867042541504,0.0006095232583902,1.32505056171794e-05,1.63354015967343e-05,57151.3376344337,22.2907615711569,1282
"6020",116236,-20.603666305542,-44.5524368286133,0.0010511633954593,2.28513781621587e-05,2.46454856096534e-05,60372.4478241765,5.11351061423574,1009
"6021",116237,-20.5965156555176,-44.518138885498,0.0013480286506819,2.9304970666999e-05,1.43480119731976e-05,61143.1800973788,5.472542938051,906
"6022",116238,-20.589376449585,-44.4838027954102,0.000204430728445,4.44414627054357e-06,9.19197009352501e-06,58556.7535672912,7.7871250064317,815
"6023",116239,-20.5822467803955,-44.4494361877441,0.0009132358100032,1.98529523913749e-05,1.11361996459891e-05,55949.0829731497,14.6957057706755,795
"6024",116241,-20.5680141448975,-44.3805847167969,0.000174955206603,3.80337405658793e-06,7.94261177361477e-06,48648.7414662172,8.89613949348555,904
"6025",116242,-20.5609130859375,-44.3460998535156,0.0006025155598763,1.30981643451378e-05,1.01819932751823e-05,44994.6018891902,8.98545198934457,1038
"6026",116244,-20.5467357635498,-44.2770004272461,0.0005848474374943,1.27140747281373e-05,1.6594600310782e-05,37678.7456665048,10.857799794394,1005
"6027",116245,-20.5396595001221,-44.2423820495605,0.0005874788857909,1.27712801258895e-05,1.53702512761811e-05,34017.7142102946,8.19537929575248,540
"6028",116246,-20.5325908660889,-44.2077178955078,0.0013943714766355,3.03124234051211e-05,2.04996540560387e-05,30355.7596397024,7.4218304016151,743
"6029",116247,-20.5255298614502,-44.1730041503906,0.0015238752312143,3.31277224177029e-05,1.11806930362945e-05,26693.952365765,7.16350392672032,943
"6030",116248,-20.5184764862061,-44.1382369995117,0.0007480786880478,1.62625801749527e-05,9.30516216612887e-06,23034.2942860494,6.98646361998345,1071
"6031",116249,-20.5114288330078,-44.1034164428711,0.0014958215106162,3.25178589264397e-05,1.55461093527265e-05,19380.9835012776,10.7318801890378,1158
"6032",116250,-20.5043907165527,-44.068546295166,0.0008671506984683,1.88511021406157e-05,1.78795908141183e-05,15742.5594189104,11.7613128992338,711
"6033",116251,-20.4973564147949,-44.0336151123047,0.0009200573767884,2.00012473214883e-05,1.24896841953159e-05,12135.6670723071,8.54243754377661,932
"6034",116252,-20.4903297424316,-43.9986267089844,0.0004165255741099,9.05490378499962e-06,1.06123961813864e-05,8608.27622900611,9.17113222748684,1023
"6035",116253,-20.4833087921143,-43.9635810852051,0.0007366738209384,1.60146482812706e-05,1.10203409349197e-05,5332.76929708913,9.43306072905848,954
"6036",116254,-20.4762935638428,-43.9284706115723,0.0012487705280364,2.71471853920957e-05,1.19588330562692e-05,3225.9932759056,11.8255179308779,957
"6037",116255,-20.4692821502686,-43.8932952880859,0.0009591075540811,2.0850164219155e-05,1.1981910574832e-05,4338.64407794735,68.1291298318211,1049
"6038",116256,-20.4622764587402,-43.8580589294434,8.64099240516225e-05,1.87847660981788e-06,1.05354811239522e-05,7110.87045337848,428.198633683177,938
"6039",116257,-20.4552764892578,-43.8227500915527,0.0010212203269475,2.22004418901633e-05,1.04719656519592e-05,10507.1089578311,166.559144961606,1049
"6040",116258,-20.4482803344727,-43.7873764038086,0.0011163301678607,2.4268047127407e-05,1.55584220919991e-05,13370.4915554161,11.3630328880928,990
"6041",116259,-20.4412879943848,-43.7519302368164,0.0016595898196101,3.60780395567417e-05,1.23677600640804e-05,11841.867042629,11.1001795967658,979
"6042",116260,-20.4343013763428,-43.7164077758789,0.000467705189294,1.01675041150884e-05,1.41868977152626e-05,11397.2156647568,1.48569690352385,406
"6043",116262,-20.4203357696533,-43.6451416015625,0.0001901799159895,4.13434599977336e-06,1.15688153528026e-05,13948.3914300644,3.73942789983693,972
"6044",116263,-20.4133567810059,-43.6093902587891,0.0009869663990684,2.14557912840974e-05,1.46734882946475e-05,16428.7372690477,22.0839404859254,1062
"6045",116264,-20.4063816070557,-43.573558807373,0.0012267079982848,2.66675651801052e-05,1.63232598424656e-05,19343.3749626044,11.3498666850725,716
"6046",116265,-20.3994083404541,-43.5376434326172,0.0008279952598968,1.79998969542794e-05,1.22352239486645e-05,22528.8451313615,523.654647253649,556
"6047",116266,-20.3924388885498,-43.5016441345215,0.0011218839135835,2.4388780730078e-05,1.60695562954061e-05,25888.9635044018,929.19669922934,884
"6048",116267,-20.3854694366455,-43.4655570983887,0.0010682911961339,2.32237216550857e-05,1.725925176288e-05,29367.6904152147,959.938024040349,1160
"6049",116268,-20.3785018920898,-43.4293823242188,0.0008261445691459,1.79596645466518e-05,8.53380424814532e-06,32930.4469611021,783.069731109642,1185
"6050",116269,-20.3715362548828,-43.3931159973145,0.0005832013284816,1.26782897496014e-05,7.73585088609252e-06,36555.8033636926,296.094871551407,728
"6051",116270,-20.3645725250244,-43.3567543029785,0.0005084412623546,1.10530709207524e-05,8.20308468973963e-06,40229.839464682,53.4705448468308,971
"6052",116271,-20.3576068878174,-43.3203010559082,0.0003202115249223,6.96112010700745e-06,8.4482298916555e-06,43942.7199727982,53.6360565222588,1023
"6053",116272,-20.350643157959,-43.2837448120117,0.0008582781265431,1.86582201422425e-05,8.94625190994702e-06,47688.5308379517,34.5295263765213,1466
"6054",116273,-20.3436794281006,-43.2470932006836,0.0007575553827336,1.64685952768195e-05,9.08446327230195e-06,51461.8015386769,23.5797402228068,1075
"6055",116274,-20.3367156982422,-43.2103385925293,0.0003854422866425,8.3791801444022e-06,8.32414116302971e-06,55259.6746896717,22.351186827576,1009
"6056",116276,-20.3227882385254,-43.1365165710449,0.0007803796761436,1.696477556834e-05,9.54356892179931e-06,62919.5220263697,12.4064750078483,1086
"6057",116277,-20.3158206939697,-43.0994415283203,0.0005103542480355,1.10946575659909e-05,9.24312280403683e-06,66778.7566185756,7.78677244023235,860
"6058",116278,-20.3088550567627,-43.062255859375,0.0002662329889062,5.78767367187538e-06,8.7769549281802e-06,70655.6955975872,14.9532359273785,945
"6059",116279,-20.3018856048584,-43.024959564209,0.0004659172536776,1.01286359495134e-05,9.1294314188417e-06,74549.5732095818,18.9673019500701,816
"6060",116280,-20.2949142456055,-42.9875450134277,0.0005070101524324,1.10219598354888e-05,9.26019583857851e-06,78460.2497113888,7.62519345359164,996
"6061",116281,-20.2879409790039,-42.9500160217285,0.0001319844022873,2.86922613668139e-06,9.41203052207129e-06,82386.6997222234,10.847238274542,984
"6062",116282,-20.2809658050537,-42.9123649597168,0.0006658633537881,1.44752902997425e-05,9.88057036011014e-06,84522.9303888725,22.5738255963293,473
"6063",116283,-20.2739868164062,-42.8745918273926,0.0007553265713795,1.64201428560773e-05,9.37177264859201e-06,81276.461716862,26.9239167732386,901
"6064",116285,-20.2600193023682,-42.7986640930176,1.53326678287158e-05,3.33318865841647e-07,1.01699970400659e-05,74966.3800327033,13.2767220010187,994
"6065",116286,-20.2530307769775,-42.7605056762695,0.0002748813785729,5.97568214288913e-06,9.44477869779803e-06,71922.8299087067,17.3444011529365,1094
"6066",116287,-20.246036529541,-42.7222175598145,0.0001857474371718,4.03798776460462e-06,9.16291264729807e-06,68970.065862573,97.9600079333249,954
"6067",116288,-20.2390384674072,-42.6837921142578,0.0001293774598707,2.81255347545084e-06,1.00195247796364e-05,66121.9324448455,9.42766701627568,1148
"6068",116290,-20.2250270843506,-42.6065254211426,0.0007030712076812,1.52841566887219e-05,8.84554719959851e-06,60809.1286029517,30.8370184018969,753
"6069",116573,-21.2286167144775,-47.4922981262207,0.0007392579937004,1.60708259500097e-05,1.54923345689895e-05,30347.8057891701,23.6123808392789,952
"6070",116575,-21.2098636627197,-47.417537689209,0.002293079807714,4.98495610372629e-05,1.73357530002249e-05,29554.8744296987,3.07475324931471,972
"6071",116576,-21.2005577087402,-47.3803291320801,0.0006785365021642,1.47507935253088e-05,1.20392696771887e-05,29962.3304343986,4.03815379735368,1056
"6072",116577,-21.1913013458252,-47.3432350158691,5.18861124874093e-05,1.12795896711759e-06,1.46078255056636e-05,30879.8355289514,3.95224384626203,731
"6073",116578,-21.1820888519287,-47.3062477111816,0.0002634266211316,5.72666567677516e-06,1.11086237666314e-05,32259.8788154871,2.31855802783658,1014
"6074",116579,-21.172924041748,-47.2693710327148,0.0007004139042692,1.5226389223244e-05,1.26522318169009e-05,34041.5629779046,4.92361219711831,923
"6075",116582,-21.1456966400146,-47.1593589782715,8.30164924536803e-05,1.8047063576887e-06,1.76399898919044e-05,31743.6541521403,7.57603929829506,483
"6076",116584,-21.1277637481689,-47.0865135192871,0.0007809122580511,1.69763534358935e-05,1.27776620502118e-05,26218.810871747,7.28931486477001,528
"6077",116586,-21.1099967956543,-47.014045715332,0.0019865380454575,4.31856096838601e-05,2.3631117073819e-05,22145.3567050805,16.9480015143364,776
"6078",116587,-21.1011734008789,-46.9779472351074,0.0013156892564438,2.86019403574755e-05,1.84617620107019e-05,20916.2839847825,14.200281190741,833
"6079",116590,-21.0749454498291,-46.870174407959,3.55874431079428e-05,7.73640067563974e-07,2.48063533945242e-05,21406.6363524611,6.69398158215318,1032
"6080",116591,-21.0662784576416,-46.834415435791,6.50775712074392e-05,1.41472980885737e-06,1.63991026056465e-05,22896.5874945649,9.86901285309015,1008
"6081",116599,-20.9982604980469,-46.5510444641113,0.0003507085330056,7.62409854360158e-06,1.24663620226784e-05,40727.5492010594,5.79647654248314,743
"6082",116601,-20.9815998077393,-46.480884552002,8.20551936158154e-05,1.78380855686555e-06,1.77779747900786e-05,46081.9582493596,13.4455737385383,951
"6083",116602,-20.973316192627,-46.4458961486816,0.0021877398758078,4.75595625175629e-05,3.02136941172648e-05,48962.0851549348,13.1909949107841,1051
"6084",116603,-20.96506690979,-46.4109649658203,0.0012506669881986,2.71884127869271e-05,1.80778806679882e-05,51945.8208134475,12.6523755024052,1135
"6085",116604,-20.9568462371826,-46.376091003418,0.0007225913177535,1.57085069076857e-05,1.12095785880229e-05,55015.4172049869,9.81207671920229,939
"6086",116606,-20.9405002593994,-46.3065071105957,0.0005133315607963,1.11593817564426e-05,1.07371206468088e-05,61262.0362212782,5.89671216341947,701
"6087",116607,-20.9323711395264,-46.2717933654785,0.0008153073431458,1.77240726770833e-05,1.24586485981126e-05,59956.0494193027,5.382230178125,909
"6088",116608,-20.9242725372314,-46.2371292114258,0.0009401749157404,2.04385851247935e-05,1.50126306834863e-05,58855.2450804365,5.89396239483933,713
"6089",116609,-20.9162006378174,-46.2025146484375,0.0003105104806309,6.75022783980239e-06,1.17426461656578e-05,57970.5782967139,6.28523210920646,1231
"6090",116611,-20.9001445770264,-46.1334190368652,0.0001112375025513,2.41820657720382e-06,1.03719212347642e-05,56881.7714389977,6.3346001111137,745
"6091",116613,-20.8841972351074,-46.0644950866699,0.0002500084437997,5.43496616955963e-06,1.15924294732395e-05,56733.2609687551,10.2651495796928,978
"6092",116615,-20.8683547973633,-45.9957275390625,2.3656983444198e-05,5.14282248786913e-07,1.03206093626795e-05,57524.8841602248,4.63968986779212,1091
"6093",116616,-20.8604736328125,-45.9613990783691,0.0006054006644262,1.31608840092667e-05,1.0290577847627e-05,58260.7732996516,5.46162177894533,995
"6094",116617,-20.8526153564453,-45.9271087646484,0.0001695818295957,3.68656151294999e-06,9.10714879864827e-06,59212.2995547347,5.91023208783204,739
"6095",116618,-20.844783782959,-45.8928451538086,8.91842187229486e-05,1.93878736354236e-06,9.5487966973451e-06,58571.8103552075,5.98543453155448,972
"6096",116621,-20.8214321136475,-45.7902412414551,0.0003345110981172,7.27198039385257e-06,9.7521487987251e-06,50036.9562445919,8.90333284018648,993
"6097",116622,-20.8136940002441,-45.7560920715332,0.0001911638537421,4.15573595091701e-06,9.49930017668521e-06,47420.8148840847,8.16508897116038,82
"6098",116623,-20.8059787750244,-45.7219696044922,0.001138551007898,2.47511088673491e-05,1.1770397577493e-05,44951.8302267125,7.19050548421329,921
"6099",116625,-20.7906169891357,-45.6537895202637,0.0001627956044103,3.53903487848584e-06,1.06389634311199e-05,40557.2815754311,4.44158414570676,430
"6100",116626,-20.7829666137695,-45.6197319030762,0.0005866343271918,1.27529201563448e-05,9.8692617029883e-06,38691.5091926364,4.77252942611767,834
"6101",116627,-20.7753391265869,-45.5856895446777,0.0006038035880919,1.31261649585213e-05,9.89230011327891e-06,37091.6490323167,4.91663757307895,936
"6102",116628,-20.7677326202393,-45.5516624450684,0.0003233982306483,7.03039631844149e-06,1.00562774605351e-05,35792.5149113985,5.50919202938444,972
"6103",116629,-20.7601451873779,-45.517650604248,0.0018123394984286,3.93986847484484e-05,1.38052737383987e-05,34826.9128108475,7.47828511255389,727
"6104",116630,-20.7525787353516,-45.4836540222168,0.0008753982292546,1.90303962881444e-05,1.06950265035266e-05,34222.650335808,13.0972275340006,612
"6105",116631,-20.7450294494629,-45.4496688842773,0.0009477391686232,2.06030254048528e-05,1.10168975879787e-05,33998.0084539306,12.0751175786358,853
"6106",116632,-20.7375030517578,-45.4156913757324,0.0008027427611523,1.74509295902681e-05,1.04526116047055e-05,34160.699077303,8.14732932240999,1058
"6107",116633,-20.7299938201904,-45.381721496582,0.0009241195584763,2.00895556190517e-05,1.23158297355985e-05,34704.2736954839,5.11919275815782,1161
"6108",116634,-20.7225017547607,-45.3477592468262,0.0005010853565181,1.08931599243078e-05,1.10458804556401e-05,35610.9259314532,4.63572267193271,726
"6109",116636,-20.7075748443604,-45.2798461914062,0.0008780670796113,1.90884147741599e-05,1.06578245322453e-05,31535.2189095869,2.4257011411067,942
"6110",116637,-20.7001361846924,-45.2458953857422,0.0004113117938686,8.94156073627528e-06,1.06346988104633e-05,29051.2240247994,1.99984522005624,1043
"6111",116638,-20.6927165985107,-45.2119445800781,0.0003031850737897,6.59097986499546e-06,1.67222515301546e-05,26828.3227947167,1.89086049356759,991
"6112",116639,-20.6853122711182,-45.1779899597168,0.0014849298968329,3.22810847137589e-05,1.51901276694844e-05,24935.715214441,5.10835888880265,1278
"6113",116641,-20.6705532073975,-45.1100692749023,1.06242612218921e-05,2.30962200475915e-07,1.20569175123819e-05,22463.4815211791,12.6597277741779,796
"6114",116642,-20.6631984710693,-45.0761032104492,0.001336283985438,2.90496518573491e-05,2.01211696548853e-05,22031.6538751503,6.2285489184082,1033
"6115",116643,-20.6558570861816,-45.0421295166016,0.001154831948952,2.51050423685228e-05,2.42841706494801e-05,22190.5652067607,8.32799938543381,1089
"6116",116644,-20.6485328674316,-45.0081443786621,0.0002978228776555,6.47441038381658e-06,1.63549684657482e-05,22928.7055414764,9.16269706389064,497
"6117",116645,-20.6412220001221,-44.9741477966309,0.0009075619091163,1.97296067199204e-05,1.26053773783497e-05,24193.1055168764,7.47353551307427,983
"6118",116646,-20.6339263916016,-44.9401397705078,0.0003886088270519,8.44801797938999e-06,1.02247831819113e-05,25907.3216831868,7.26259786209227,754
"6119",116647,-20.6266441345215,-44.9061164855957,0.0002757797810772,5.995212632115e-06,1.10661903818254e-05,27989.3032328401,6.3853681960261,823
"6120",116648,-20.6193752288818,-44.8720779418945,0.0008355596801266,1.81643408723176e-05,1.09365664684447e-05,30363.926091712,4.31660542112765,1024
"6121",116649,-20.6121196746826,-44.838020324707,0.0002667086519068,5.79801417188719e-06,1.21759321700665e-05,32968.7614375975,8.69405589148717,877
"6122",116650,-20.6048774719238,-44.8039436340332,0.0005416260519268,1.17744793897145e-05,1.31646002046182e-05,35754.0141932226,11.10704531713,957
"6123",116651,-20.5976486206055,-44.769847869873,0.0009423841474927,2.04866119020153e-05,1.16450901259668e-05,38681.180325775,10.5009706889116,436
"6124",116652,-20.5904312133789,-44.7357292175293,0.0011570975766517,2.51542951446027e-05,1.11747576738708e-05,41721.1229205865,14.1515628174039,844
"6125",116653,-20.5832271575928,-44.701587677002,0.0002291580922246,4.98169765705825e-06,9.11115330382017e-06,44851.4704173759,14.1841375425078,984
"6126",116656,-20.5616817474365,-44.5989990234375,0.0018327601865166,3.98426127503626e-05,1.44102032209048e-05,54633.9160690655,28.4923720831383,1124
"6127",116657,-20.5545234680176,-44.5647430419922,0.0012931856836075,2.81127322523389e-05,1.36649705382297e-05,56538.0036537449,15.0535005564584,958
"6128",116658,-20.5473747253418,-44.5304565429688,0.0001194188998852,2.5960630409827e-06,1.14270078483969e-05,57461.9764339934,9.49047708829795,894
"6129",116659,-20.5402355194092,-44.4961318969727,0.0002040903655142,4.4367470763973e-06,9.44109797273995e-06,54698.4608086998,85.1090980774119,1142
"6130",116660,-20.5331077575684,-44.4617767333984,0.0002223519632025,4.83373833048972e-06,8.88507929630578e-06,52043.3962623891,51.7462158092692,1344
"6131",116661,-20.5259895324707,-44.4273834228516,0.0002257985588585,4.90866432301118e-06,9.42344104259973e-06,49514.2775112912,10.020159177561,967
"6132",116662,-20.5188808441162,-44.3929481506348,0.0010506982544029,2.28412664000643e-05,9.66097195487237e-06,47132.0529062924,6.87023753254209,950
"6133",116663,-20.5117797851562,-44.3584747314453,0.0006031923112459,1.31128763314337e-05,9.82835626928136e-06,44921.0399817636,8.35066139908175,1012
"6134",116664,-20.5046882629395,-44.3239593505859,0.0009694797226984,2.10756461456185e-05,1.10483661046601e-05,42178.1752461972,10.9123143657323,1220
"6135",116665,-20.4976062774658,-44.2893981933594,0.0006982502327446,1.51793528857525e-05,9.31694194150623e-06,38512.4170035905,11.0135076118762,973
"6136",116666,-20.4905300140381,-44.2547912597656,0.0009063061370397,1.9702307326952e-05,1.0020108675235e-05,34843.1083024125,48.9217484159208,1026
"6137",116667,-20.4834632873535,-44.2201385498047,0.0018499612851883,4.02165496780071e-05,1.35001109811128e-05,31170.6509696823,87.471838420449,108
"6138",116668,-20.4764041900635,-44.185432434082,0.0009995909749704,2.1730238586315e-05,1.05629160316312e-05,27494.7418213644,9.26507854325602,911
"6139",116669,-20.469352722168,-44.1506805419922,0.001462019252358,3.1783027225174e-05,1.40294396260288e-05,23816.9962911261,12.2567863282135,474
"6140",116670,-20.462308883667,-44.1158714294434,0.0003544781920936,7.70604765421012e-06,1.64506327564595e-05,20137.6800976915,13.7926473818104,725
"6141",116671,-20.4552707672119,-44.0810127258301,0.0002945683336292,6.40365942672361e-06,1.04062646641978e-05,16460.2949918555,15.1856186733234,878
"6142",116672,-20.4482383728027,-44.0460929870605,0.0008807914891804,1.91476410691394e-05,1.18941634354996e-05,12789.5693103318,23.9967301735948,862
"6143",116673,-20.4412136077881,-44.011116027832,0.0004613429900928,1.00291954368004e-05,9.96406015474349e-06,9141.29761317787,38.7513952203355,1055
"6144",116674,-20.4341945648193,-43.9760818481445,0.0001979432072403,4.3031132008764e-06,9.8938844530494e-06,5571.14406538925,10.4642400255685,1016
"6145",116675,-20.4271812438965,-43.9409828186035,0.0006200623138283,1.34796155180084e-05,8.79407161846757e-06,2473.77619610799,9.46844393314533,912
"6146",116676,-20.4201717376709,-43.905818939209,0.0011296007869532,2.45565388468094e-05,1.13123105620616e-05,2992.34158240886,3.94262346119474,1012
"6147",116677,-20.4131679534912,-43.8705940246582,0.0008799270581221,1.91288490896113e-05,1.47902183016413e-05,6299.27585316304,50.7692050591509,1135
"6148",116678,-20.4061698913574,-43.8352966308594,0.0011104854893346,2.414098889858e-05,1.19804853966343e-05,9922.56664965378,32.1130782017796,959
"6149",116679,-20.3991756439209,-43.799934387207,0.000496398886753,1.07912801468046e-05,1.21441535156919e-05,13617.1762987151,5.00880777409154,773
"6150",116680,-20.3921852111816,-43.7644996643066,0.0008079632352746,1.75644181581447e-05,9.78539810603252e-06,17332.1957412473,4.92630944068375,928
"6151",116681,-20.3852005004883,-43.7289886474609,0.0012186709900561,2.64928476099158e-05,1.44653095048852e-05,16998.1154616705,16.0167129165749,1081
"6152",116682,-20.3782176971436,-43.6934051513672,0.0017705116115394,3.84893828595523e-05,1.7026262867148e-05,17487.5510778311,98.4118386980269,1309
"6153",116683,-20.3712387084961,-43.6577453613281,0.0019714043519343,4.28566163463984e-05,1.91632952919463e-05,18740.3764570032,99.7408487915765,749
"6154",116684,-20.3642635345459,-43.6220054626465,0.0006205785375641,1.34908377731335e-05,8.25103143142769e-06,20622.2626988611,79.9485700236397,970
"6155",116685,-20.3572902679443,-43.5861854553223,0.0010325984185328,2.24477917072363e-05,1.09529873952852e-05,22983.3366759737,12.9868537214105,1065
"6156",116686,-20.3503189086914,-43.5502853393555,0.0008358235863852,1.81700779648963e-05,8.8552369561512e-06,25695.4110084684,33.0689848002404,1037
"6157",116687,-20.3433494567871,-43.5142936706543,0.0002564793558121,5.5756381698302e-06,1.60095496539725e-05,28663.0245375251,95.7614786639248,747
"6158",116688,-20.3363838195801,-43.4782218933105,0.0004816745658899,1.04711862149998e-05,8.92556272447109e-06,31817.0766953872,80.9030829951696,974
"6159",116689,-20.329418182373,-43.4420547485352,0.001118843552831,2.43226859311108e-05,1.16114179036231e-05,35111.4599200346,250.52471949224,1050
"6160",116690,-20.3224544525146,-43.4057998657227,0.0007416608459607,1.61230618687114e-05,9.26006396184675e-06,38512.3138259714,84.1789635905259,929
"6161",116691,-20.3154926300049,-43.3694534301758,0.0011786202449002,2.56221792369615e-05,1.47502223626361e-05,41996.5343835075,25.5695284127671,422
"6162",116692,-20.3085308074951,-43.3330078125,0.0015485353214899,3.36638113367371e-05,1.33347894006874e-05,45548.1171849604,2.29283897309544,925
"6163",116693,-20.3015689849854,-43.2964668273926,0.000255895126429,5.56293753106729e-06,9.3225689852261e-06,49154.5007315485,3.67004800983809,979
"6164",116694,-20.2946071624756,-43.2598266601562,0.000452503301858,9.83702830126276e-06,8.94386630534427e-06,52806.9297740381,4.07258751241286,1064
"6165",116695,-20.2876472473145,-43.2230834960938,0.0010762447818706,2.33966256928397e-05,1.14439753815532e-05,56498.7935022805,13.018535552131,1223
"6166",116696,-20.2806854248047,-43.1862373352051,0.0008302637324959,1.80492115759989e-05,1.0421866136312e-05,60225.0598743083,8.79158037840228,951
"6167",116697,-20.2737216949463,-43.149284362793,0.0005774392357125,1.25530268633156e-05,1.0031215424533e-05,63981.9933647927,7.83583517026521,715
"6168",116698,-20.2667579650879,-43.1122207641602,0.0007842745108064,1.70494458870962e-05,9.64397440839093e-06,67766.6430460654,8.72596624380176,952
"6169",116699,-20.2597942352295,-43.0750503540039,0.0009211074793711,2.00240756385028e-05,1.04874561657198e-05,71576.1042314723,30.6092075594325,1095
"6170",116702,-20.2388877868652,-42.9628448486328,4.61840868410945e-05,1.00400188784988e-06,1.06935403891839e-05,83140.3389263733,7.28137912663926,1068
"6171",116703,-20.2319145202637,-42.9252052307129,0.0005243459654593,1.13988253360731e-05,9.74235354078701e-06,87036.2968044041,29.9932746779454,1293
"6172",116704,-20.2249393463135,-42.8874435424805,0.0012209760279802,2.65429571300047e-05,1.29312311401009e-05,84919.7870372058,70.4522921770265,752
"6173",116705,-20.217960357666,-42.8495559692383,0.0006995984222157,1.52086613525171e-05,1.59339324454777e-05,81861.7343894481,11.0531600545797,985
"6174",116706,-20.2109775543213,-42.8115386962891,0.000951104433625,2.0676183339674e-05,1.64155862876214e-05,78877.4328756552,40.208973025853,988
"6175",116707,-20.2039909362793,-42.7733955383301,0.0010042613794212,2.18317691178527e-05,1.03021347968024e-05,75978.0102468991,13.7611778081287,988
"6176",116709,-20.1900043487549,-42.696704864502,0.000791062189819,1.71970041265013e-05,9.33123374124989e-06,70482.2411693255,16.4107587818107,555
"6177",116710,-20.1830043792725,-42.6581535339355,0.0004457946106413,9.69118718785467e-06,1.00902416306781e-05,67915.0766380241,8.20662761279602,740
"6178",116712,-20.1689891815186,-42.5806274414062,0.0002303415913047,5.00742589792935e-06,1.07488740468398e-05,63228.5768253697,4.37312643665966,1057
"6179",116713,-20.1619720458984,-42.5416450500488,0.0007155106140999,1.55545785673894e-05,9.10343806026503e-06,61149.0558589017,30.9941637495229,1026
"6180",116714,-20.1549491882324,-42.5025177001953,0.0002736654141699,5.94924813412945e-06,8.96209894563071e-06,59274.7495571905,53.1296552106768,957
"6181",116996,-21.1606216430664,-47.428825378418,0.0009066445963981,1.97096651390893e-05,1.45907533806167e-05,35150.5681528058,1.13593980310512,435
"6182",116997,-21.1513156890869,-47.3916320800781,0.0007704637791903,1.6749212591094e-05,1.52246811921941e-05,35526.1151638475,0.907560056422618,1005
"6183",116999,-21.1328468322754,-47.3175773620605,0.0010195763097726,2.21647023863625e-05,1.58047314471332e-05,37543.1016018116,2.77904296066568,1033
"6184",117001,-21.1145629882812,-47.243953704834,0.0007202012675406,1.56565492943628e-05,1.44719342642929e-05,35225.0891319594,3.90356349611673,971
"6185",117002,-21.1054878234863,-47.2072982788086,0.0004940685375913,1.07406203824212e-05,2.17230281123193e-05,31691.5082875322,3.61947141075462,762
"6186",117004,-21.0874671936035,-47.1342811584473,0.0001386084368277,3.01322688756045e-06,1.36466833282611e-05,25016.4728955393,149.394794307324,822
"6187",117008,-21.0519332885742,-46.9893951416016,0.0006281720343395,1.36559137899894e-05,1.41472582981805e-05,15459.6308651194,15.9810373565382,526
"6188",117009,-21.0431518554688,-46.9533958435059,0.002550451834395,5.54446050955448e-05,2.16076550714206e-05,14763.3225541091,9.70978429458179,1147
"6189",117010,-21.0344104766846,-46.9174842834473,0.0008906191105779,1.93612850125646e-05,2.01376042241463e-05,15056.8186111896,3.73099127546665,972
"6190",117011,-21.0257053375244,-46.8816566467285,0.0013988598075229,3.04099958157167e-05,1.54201370605733e-05,16279.5787059185,4.89530863426679,880
"6191",117012,-21.0170402526855,-46.8459091186523,0.0001903454849525,4.13794532505563e-06,1.37621682370082e-05,18240.3350637241,8.27613216689678,1294
"6192",117015,-20.991268157959,-46.7391395568848,0.0001647587105253,3.58171109837713e-06,1.48427425301634e-05,26643.5312121269,20.7024170835518,1049
"6193",117016,-20.9827499389648,-46.7037010192871,7.75333044202853e-05,1.68550661783229e-06,1.36364196805516e-05,29882.9358424556,23.7033291415713,1223
"6194",117017,-20.9742679595947,-46.6683311462402,0.0009442631198908,2.05274591280613e-05,1.7509251847514e-05,33234.2717732062,5.0765877488075,962
"6195",117018,-20.9658184051514,-46.6330337524414,0.0015926130217849,3.46220222127158e-05,2.77070830634329e-05,36663.952779763,5.05332618971462,999
"6196",117019,-20.957405090332,-46.5978050231934,0.0017819703643908,3.87384861824103e-05,2.22956768993754e-05,40150.0425757619,5.1129739184588,908
"6197",117020,-20.9490261077881,-46.5626373291016,0.0004211476152704,9.15538294066209e-06,1.45076546687051e-05,43677.7590827369,7.34696336502987,472
"6198",117025,-20.9076156616211,-46.3877449035645,0.0006763937490177,1.47042119351681e-05,1.17719464469701e-05,58427.9626752609,6.15210004277408,858
"6199",117026,-20.8994274139404,-46.3529396057129,0.0003828243097814,8.32226760394406e-06,1.09451175376307e-05,61403.1668389689,3.52526593972539,914
"6200",117027,-20.8912696838379,-46.3181838989258,0.0009325823812105,2.02735300263157e-05,1.1777512554545e-05,64450.2341190555,4.51140175571729,996
"6201",117028,-20.8831405639648,-46.2834854125977,0.0006648295257036,1.4452815776167e-05,1.06288835013402e-05,65233.8503266753,6.04110385628997,1031
"6202",117031,-20.8589305877686,-46.1796684265137,0.0002971342655655,6.45944055577274e-06,1.12134885057458e-05,62838.2140081903,7.44743844772999,529
"6203",117032,-20.8509159088135,-46.1451568603516,0.0008066175978456,1.75351651705569e-05,1.11827812361298e-05,62456.3066218714,5.85651643987759,809
"6204",117033,-20.8429298400879,-46.1106872558594,0.0001702038480289,3.70008365280228e-06,1.10393875729642e-05,62288.9851706984,7.1057963717612,862
"6205",117035,-20.8270378112793,-46.0418663024902,0.0011430514714447,2.48489450314082e-05,1.49149291246431e-05,62599.7706466901,9.26016636491023,973
"6206",117036,-20.8191299438477,-46.0075149536133,0.0009977858862839,2.16909975279123e-05,1.54422286868794e-05,63073.2708078958,18.0194510932483,837
"6207",117037,-20.8112487792969,-45.9731979370117,0.000739744555176,1.60814033733914e-05,1.29756499518408e-05,61842.687021106,46.4879480624815,642
"6208",117039,-20.795560836792,-45.9046669006348,0.0006991219015617,1.51983022078639e-05,1.10242481241585e-05,55429.0065647711,96.2048848557562,1170
"6209",117040,-20.7877540588379,-45.8704490661621,0.0004982055652362,1.0830555766006e-05,1.07089708762942e-05,52317.8746946239,52.3069453410348,1000
"6210",117041,-20.779972076416,-45.8362579345703,0.0005622116186714,1.22219917102484e-05,1.06736142697628e-05,49285.2513730959,10.2346793601226,785
"6211",117042,-20.7722110748291,-45.8020973205566,0.0006250047827052,1.35870604935917e-05,1.10676546682953e-05,46345.676876471,13.0165108636381,994
"6212",117043,-20.7644748687744,-45.7679595947266,0.0013850773575541,3.01103773381328e-05,1.24433154269354e-05,43516.9803216671,8.19331748764318,1131
"6213",117045,-20.7490692138672,-45.6997604370117,2.13144349459071e-05,4.63357281432764e-07,9.7181355158682e-06,38285.9356287139,3.4400395038099,791
"6214",117046,-20.7413997650146,-45.6656913757324,0.0010672988282749,2.32021484407596e-05,1.19205014925683e-05,35943.4482278267,3.33037551523028,965
"6215",117047,-20.7337512969971,-45.6316452026367,0.0005071897994639,1.10258652057382e-05,1.01015375548741e-05,33833.2347175194,3.40980652220612,1015
"6216",117048,-20.7261257171631,-45.5976142883301,0.0007202846063592,1.56583610078087e-05,1.03989978015306e-05,32000.3190441619,3.51670700509609,398
"6217",117049,-20.7185192108154,-45.5635986328125,0.0005747934792452,1.24955104183755e-05,1.10134060378186e-05,30493.5623726451,4.36656672047773,963
"6218",117050,-20.7109336853027,-45.5296020507812,0.0010170408349949,2.21095833694562e-05,1.1410877959861e-05,29362.6854746352,5.78799133810558,1086
"6219",117051,-20.7033672332764,-45.4956130981445,0.0010481884673936,2.2786705812905e-05,1.08843069028808e-05,28651.1988346065,10.5787434823485,1013
"6220",117052,-20.6958198547363,-45.4616394042969,0.0004850082441407,1.05436574813211e-05,1.00347870102269e-05,28389.9906517918,7.4399068449513,571
"6221",117053,-20.6882934570312,-45.4276733398438,0.0002870817506845,6.2409076235781e-06,1.21319098980166e-05,28591.1046059556,2.45633840595546,1063
"6222",117055,-20.6732959747314,-45.3597640991211,0.0005097636803839,1.10818191387807e-05,1.11626841317047e-05,30319.8321129443,3.25685206251321,972
"6223",117056,-20.6658229827881,-45.3258171081543,0.0001854465263022,4.03144622396212e-06,1.56432251969818e-05,30890.145621785,3.59116467574728,738
"6224",117058,-20.6509342193604,-45.2579345703125,0.0004594935544446,9.98899031401379e-06,1.20288441394223e-05,25050.9174550161,2.95863028144402,910
"6225",117059,-20.6435146331787,-45.2239952087402,0.0001237263181792,2.68970256911416e-06,9.59911812969949e-06,22440.5908799212,3.02917993874591,1258
"6226",117060,-20.6361122131348,-45.1900520324707,0.0006608676267205,1.43666875374038e-05,1.1242932487221e-05,20145.2007836691,3.30036321692806,752
"6227",117061,-20.6287250518799,-45.1561050415039,0.0008043147354328,1.74851029441925e-05,1.48099061334506e-05,18283.5130015635,39.0713923460841,974
"6228",117063,-20.6140003204346,-45.0881996154785,0.0004097494838788,8.90759747562697e-06,1.54919653141405e-05,16426.8770590109,9.1934838526147,937
"6229",117064,-20.6066608428955,-45.0542373657227,0.0006248497775231,1.35836908157216e-05,1.15862494567409e-05,16641.4319730991,8.13802009616977,504
"6230",117066,-20.5920276641846,-44.9862785339355,0.0001884727253127,4.09723315897281e-06,9.51481160882395e-06,19231.0306633273,8.54315840134055,993
"6231",117067,-20.5847339630127,-44.952278137207,0.0008845914380799,1.9230248653912e-05,1.28199963000952e-05,21346.6619692878,8.13565817267073,780
"6232",117068,-20.5774517059326,-44.9182662963867,0.0003528862616803,7.67144047131296e-06,1.20299446280114e-05,23828.6127791463,6.65591120950344,724
"6233",117069,-20.5701847076416,-44.8842391967773,0.0005500854440469,1.1958379218413e-05,1.35685013447073e-05,26575.3371626008,137.28617887671,1018
"6234",117070,-20.562931060791,-44.8501968383789,0.0003669953312055,7.97815937403357e-06,1.22249994092272e-05,29513.3548089701,376.305933079264,1042
"6235",117072,-20.5484638214111,-44.7820472717285,0.0003207063073205,6.97187624609796e-06,1.01434743555728e-05,35775.568348835,9.30602749067216,48
"6236",117073,-20.5412483215332,-44.7479400634766,0.0003142387004118,6.83127609590883e-06,8.9477789515513e-06,39038.8560853455,8.46510427590447,955
"6237",117074,-20.5340442657471,-44.7138061523438,0.0002136205066562,4.64392405774561e-06,9.31005706661381e-06,42364.4592693654,10.9982977673751,491
"6238",117075,-20.5268535614014,-44.6796493530273,0.0002258955573779,4.91077298647724e-06,1.0866401680687e-05,45739.0022177623,57.9179941628069,838
"6239",117076,-20.5196723937988,-44.6454658508301,0.0006142031597846,1.33522426040145e-05,1.13755540951388e-05,48414.003226712,427.678422817108,1091
"6240",117077,-20.5125045776367,-44.6112518310547,0.0009834419870458,2.13791736314306e-05,1.17433673949563e-05,49876.2914657111,120.719394503454,1129
"6241",117078,-20.5053462982178,-44.5770072937012,0.0002938761026598,6.38861092738807e-06,9.53401195147308e-06,51557.1250615852,14.3467761148832,804
"6242",117079,-20.4981994628906,-44.5427322387695,0.0004496404126257,9.77479157882044e-06,9.3245198513614e-06,53436.6179403477,10.2514630695807,772
"6243",117080,-20.4910621643066,-44.5084228515625,0.0004727780215034,1.02777830761625e-05,1.07884534372715e-05,51159.8230526564,12.8353516329056,1131
"6244",117082,-20.4768180847168,-44.4396934509277,3.82789402237904e-05,8.32150874430226e-07,1.00101169664413e-05,45566.4837494223,13.7518759267637,1171
"6245",117083,-20.4697113037109,-44.4052696228027,0.0004416340707393,9.60074066824745e-06,1.36322778416798e-05,42961.0288398795,9.71179757558882,975
"6246",117084,-20.4626121520996,-44.3708076477051,4.54026272223018e-06,9.87013635267431e-08,1.82824678631732e-05,40517.4187484823,10.9639652843174,733
"6247",117085,-20.4555225372314,-44.3363037109375,0.0006773706791136,1.47254495459492e-05,1.54243625729578e-05,38267.7657190064,11.7053083286596,1003
"6248",117086,-20.4484405517578,-44.3017539978027,0.0016304895107168,3.54454241460189e-05,1.92308034456801e-05,36249.0934257052,11.697382000741,1348
"6249",117087,-20.4413681030273,-44.2671585083008,0.0010852569212147,2.3592541765538e-05,1.5288669601432e-05,34503.5971333428,20.9526755737655,1078
"6250",117088,-20.4343032836914,-44.2325172424316,0.0005650666844303,1.22840583571815e-05,1.46086367749376e-05,32119.804485732,21.9069779623708,1160
"6251",117089,-20.42724609375,-44.1978225708008,7.45028903565981e-05,1.61962805123039e-06,1.12292473204434e-05,28555.6512536396,13.5072379985398,961
"6252",117090,-20.4201946258545,-44.1630821228027,0.0007229460097732,1.57162176037673e-05,1.14091862997157e-05,25021.3411106259,16.1262465249801,919
"6253",117091,-20.4131526947021,-44.1282844543457,0.0018401072229608,4.00023309339304e-05,1.88379399332916e-05,21532.6530563109,20.2242229163755,16
"6254",117092,-20.4061164855957,-44.093433380127,0.0008295596198877,1.80339047801681e-05,1.14797257992905e-05,18119.8531075433,20.7441921020853,907
"6255",117093,-20.3990859985352,-44.0585289001465,0.0007799377963237,1.69551694852998e-05,1.17114377644612e-05,14839.3563347183,19.2409844741491,490
"6256",117094,-20.3920631408691,-44.0235633850098,0.0007793817858328,1.69430823007133e-05,1.14661106636049e-05,11806.1820436667,120.604340720698,743
"6257",117095,-20.385046005249,-43.9885368347168,0.0007642990494787,1.66151967277983e-05,1.04395139715052e-05,9273.82854715546,39.1143145776698,750
"6258",117096,-20.3780326843262,-43.9534530639648,0.0010988323629135,2.38876600633375e-05,1.35903101181611e-05,7758.9272648052,13.2029198746819,1072
"6259",117097,-20.3710269927979,-43.9183006286621,0.0007386858342215,1.60583877004683e-05,1.06004108602065e-05,7880.30674678708,12.5945240893023,1014
"6260",117099,-20.3570289611816,-43.8478012084961,0.0017977848256123,3.90822788176592e-05,2.11289552680682e-05,12231.4679809472,13.4264884662403,1012
"6261",117100,-20.3430480957031,-43.7770233154297,0.0018415115991956,4.00328608520795e-05,1.78599893843057e-05,18702.0400480891,15.4898903524036,520
"6262",117101,-20.3360652923584,-43.741527557373,0.0009466133415116,2.05785509024281e-05,1.21431385196047e-05,22192.0294672012,46.2054184694337,768
"6263",117102,-20.3290843963623,-43.7059555053711,0.0008976424142019,1.951396552613e-05,1.2710050214082e-05,22952.2612343189,75.3132621317211,893
"6264",117104,-20.3151340484619,-43.634578704834,3.6602985915124e-05,7.95717085111391e-07,1.63801760209026e-05,25374.5068107418,35.4490272244105,1067
"6265",117106,-20.3011932373047,-43.5628776550293,0.0016030350598157,3.48485882568639e-05,1.51275817188434e-05,29601.989440638,9.97841352099714,1066
"6266",117107,-20.2942276000977,-43.5269012451172,0.0015118638984859,3.28666064888239e-05,1.46818092616741e-05,32190.3050344362,2.61159331806753,985
"6267",117108,-20.2872619628906,-43.4908409118652,0.0013628593624162,2.96273774438305e-05,1.30931648527621e-05,35008.3614212757,90.39875404954,835
"6268",117109,-20.2803001403809,-43.4546852111816,0.0008540769631508,1.85668905032799e-05,1.00912484413129e-05,38008.1322206049,23.9535329794562,918
"6269",117110,-20.2733383178711,-43.4184417724609,0.0012277988498681,2.66912793449592e-05,1.14627910079435e-05,41152.3188640241,1.75144396218967,1184
"6270",117111,-20.26637840271,-43.3821067810059,0.0008982348226709,1.95268439711072e-05,9.48986235016491e-06,44412.720078839,1.92835502301775,987
"6271",117112,-20.2594184875488,-43.3456726074219,0.0009661666699685,2.10036232601851e-05,1.10054743345245e-05,47768.5248024694,0.353963169906723,1086
"6272",117113,-20.2524585723877,-43.3091430664062,0.0008045204049267,1.74895740201464e-05,8.90592582436511e-06,51202.9440142396,0.786827453570003,1117
"6273",117114,-20.2455005645752,-43.2725143432617,0.0001987098867175,4.31978014603374e-06,9.88707051874371e-06,54703.4232395886,2.9261767595082,814
"6274",117115,-20.2385406494141,-43.235782623291,0.0007727133415755,1.67981161212083e-05,1.00166871561669e-05,58260.626965788,6.35392659658817,974
"6275",117116,-20.2315807342529,-43.1989479064941,0.0002775156508505,6.03294893153361e-06,1.22829014799208e-05,61866.637604845,15.6546362395872,967
"6276",117117,-20.2246208190918,-43.1620063781738,0.0009941712742147,2.16124190046685e-05,9.96683047560509e-06,65515.6021535921,11.2805496238798,995
"6277",117118,-20.2176609039307,-43.1249580383301,0.0006763290693925,1.47028058563592e-05,8.59859392221551e-06,69202.5669110592,5.95022889151002,398
"6278",117121,-20.1967678070068,-43.0131340026855,0.0001313166981162,2.85471082861477e-06,8.2557062341948e-06,80459.0532268949,11.0737899524499,764
"6279",117122,-20.1898002624512,-42.9756278991699,0.0001471654445595,3.19924879477185e-06,8.8638535089558e-06,84267.7131487077,30.6202956472374,761
"6280",117124,-20.1758556365967,-42.9002494812012,0.0005429160046332,1.18025218398543e-05,8.43157158669783e-06,88055.3981588993,6.17289369022555,1081
"6281",117126,-20.1618995666504,-42.8243713378906,0.0008994224008347,1.95526608877117e-05,1.02332687674789e-05,82982.5384118668,7.82225926893189,1034
"6282",117127,-20.154914855957,-42.7862396240234,0.0003262877071392,7.09321102476679e-06,1.23503341455944e-05,80219.5562556881,5.95337599149074,548
"6283",117128,-20.1479263305664,-42.747974395752,0.0007179918684414,1.56085188791621e-05,9.70635846897494e-06,77557.2194825608,5.48831631515199,841
"6284",117129,-20.1409339904785,-42.7095718383789,0.000162142658155,3.52484039467527e-06,8.04459068604046e-06,75008.1607492936,15.9614641815981,1092
"6285",117130,-20.1339378356934,-42.6710319519043,0.0005540553338505,1.20446811706643e-05,9.92202876659576e-06,72586.6748771646,24.6383234075989,1137
"6286",117131,-20.1269340515137,-42.6323547363281,5.79140778427245e-05,1.25900169223314e-06,8.74423858476803e-06,70308.6968279293,24.9038491913912,993
"6287",117132,-20.1199264526367,-42.5935325622559,0.0003388191962585,7.36563470127294e-06,8.9329023467144e-06,68190.3176591217,23.6786878729143,777
"6288",117133,-20.1129131317139,-42.5545616149902,0.0002615032599351,5.68485347685055e-06,8.89404418558115e-06,66249.5345829242,14.6948009360046,1007
"6289",117415,-21.1207504272461,-47.4774742126465,0.0012889836834801,2.80213844234822e-05,2.25109724851791e-05,34297.6723278554,1.02987000816579,864
"6290",117416,-21.1113967895508,-47.4401779174805,0.0009497937717242,2.06476906896569e-05,1.43922152346931e-05,38270.2173169559,1.67593012312834,1346
"6291",117417,-21.1020927429199,-47.4029960632324,0.0014551284039043,3.16332261718344e-05,1.75990589923458e-05,41097.5050238602,2.30553513565309,1025
"6292",117418,-21.0928344726562,-47.3659286499023,0.0003786934321396,8.2324659160804e-06,1.33955809360486e-05,41824.2608340629,2.29441197992122,789
"6293",117419,-21.0836238861084,-47.3289680480957,0.0010793304936669,2.34637063840637e-05,1.60159161168849e-05,40692.474765877,2.90946469576041,857
"6294",117420,-21.0744590759277,-47.2921180725098,0.0006436469066102,1.39923240567441e-05,1.25467004181701e-05,36846.0078435757,3.6867775069612,171
"6295",117421,-21.0653381347656,-47.25537109375,0.0012242891643836,2.66149818344275e-05,1.52633092511678e-05,33037.1347253301,3.96552727860416,1005
"6296",117431,-20.9764823913574,-46.8931999206543,0.0006845158950454,1.48807803270756e-05,1.32708073579124e-05,11594.9667866117,5.76242366136506,761
"6297",117432,-20.9678173065186,-46.8574638366699,0.0021937298952252,4.76897803309839e-05,3.75274430552963e-05,14274.1624626896,8.53399046944336,822
"6298",117433,-20.9591903686523,-46.8218116760254,0.0008539339651179,1.85637818503892e-05,4.21874683524948e-05,17382.6379515456,10.0488721825864,968
"6299",117434,-20.9505996704102,-46.7862358093262,0.0007233628712128,1.57252798089758e-05,1.79932940227445e-05,20723.6384890349,6.73383078210709,1024
"6300",117439,-20.9081840515137,-46.6094436645508,0.0003150299589833,6.84847736920347e-06,1.53112305270042e-05,38641.9405335151,4.52402588561281,751
"6301",117441,-20.8914585113525,-46.5392036437988,0.0006612223187403,1.43743982334854e-05,1.2527536455309e-05,45987.2148038125,7.6036898418749,972
"6302",117442,-20.8831443786621,-46.5041809082031,0.0001773633512129,3.85572502636933e-06,1.33931380332797e-05,49669.0279858849,7.8781861594624,465
"6303",117443,-20.8748645782471,-46.4692153930664,0.0009668425009294,2.10183152375976e-05,1.5457908375538e-05,53353.9596912759,8.16074689978959,111
"6304",117444,-20.8666133880615,-46.4343070983887,0.0012333823833614,2.68126605078578e-05,1.55209600052331e-05,57040.1459343891,6.33142840696509,1001
"6305",117447,-20.8420505523682,-46.3299217224121,0.0007392955631075,1.60716426762519e-05,1.10000164568191e-05,67862.4964545937,10.537699617922,811
"6306",117448,-20.8339233398438,-46.2952346801758,0.0007833246490918,1.70287967193872e-05,1.11106628537527e-05,70563.6365267777,8.55742190702451,812
"6307",117449,-20.8258247375488,-46.2605934143066,0.0008788477534835,1.9105385945295e-05,1.14409485831857e-05,69647.6338868773,8.87596248902256,495
"6308",117451,-20.8097133636475,-46.1914558410645,0.0007617790543008,1.65604142239317e-05,1.23212730613886e-05,68379.7046536553,10.6021990988724,1133
"6309",117453,-20.7937145233154,-46.1224937438965,0.0001573038921378,3.41964982908394e-06,1.10894061435829e-05,67890.000057621,5.14266052432331,1159
"6310",117454,-20.7857551574707,-46.088077545166,0.0001888688984763,4.10584561905125e-06,1.01705436463817e-05,67941.3945514556,5.35078612406569,976
"6311",117455,-20.7778244018555,-46.0536994934082,0.0003734612437256,8.11872268968727e-06,9.28211193240713e-06,66239.945611379,7.56835357603967,757
"6312",117457,-20.7620372772217,-45.9850540161133,9.4304901722353e-05,2.05010655918159e-06,1.09251650428632e-05,59396.0080141589,15.0640906282438,962
"6313",117458,-20.7541809082031,-45.9507827758789,0.0012126517685828,2.63619949691929e-05,1.17388735816348e-05,56027.3384745457,198.349570618973,1371
"6314",117459,-20.7463493347168,-45.9165458679199,0.0013738019333686,2.9865259421058e-05,1.35764012156869e-05,52702.1671830729,139.241400751904,1019
"6315",117460,-20.7385444641113,-45.8823394775391,0.0004531100184976,9.85021779342787e-06,9.73119313130155e-06,49428.2004924262,6.82947821468313,1304
"6316",117462,-20.7230033874512,-45.8140106201172,0.0003699696317198,8.04281808086671e-06,1.1190410987183e-05,43075.1133154882,7.22694851149571,789
"6317",117464,-20.7075538635254,-45.7457847595215,0.0004606377478921,1.00138640846126e-05,1.00975203167764e-05,37085.3547640624,5.33701313842992,1007
"6318",117465,-20.6998634338379,-45.7117080688477,0.0002609020029922,5.67178267374402e-06,1.05579410956125e-05,34284.0447919813,3.46681238636699,889
"6319",117466,-20.6921939849854,-45.6776542663574,0.0005118214630783,1.11265535451821e-05,1.65621786436532e-05,31656.3720793115,3.15538145049525,25
"6320",117467,-20.6845474243164,-45.6436157226562,0.0006820666876592,1.48275366882444e-05,1.72402906173375e-05,29247.9593838091,3.36534217692897,946
"6321",117468,-20.6769199371338,-45.6095962524414,0.0003829804027191,8.32566092867637e-06,1.26209879454109e-05,27116.1644857901,6.28315938713936,484
"6322",117469,-20.6693153381348,-45.5755958557129,0.0015493836035602,3.36822522513103e-05,1.31287924887147e-05,25330.2966079224,6.14585615145631,1067
"6323",117470,-20.6617298126221,-45.5416069030762,0.0008993994742922,1.95521624846151e-05,1.07345213109511e-05,23966.177153016,5.49149111457432,1083
"6324",117471,-20.6541652679443,-45.5076293945312,0.0013438258974929,2.92136064672377e-05,1.11138224383467e-05,23098.0837235082,5.25464243096064,988
"6325",117472,-20.6466197967529,-45.4736671447754,0.0008091502277238,1.75902223418234e-05,1.08557242128882e-05,22781.6832201164,3.9657770315748,758
"6326",117473,-20.6390933990479,-45.4397125244141,0.001067768989742,2.32123693422182e-05,1.23543122754199e-05,23039.0538727332,4.00202708640151,892
"6327",117474,-20.6315860748291,-45.4057655334473,0.0010424910542496,2.26628490054281e-05,1.44173309308826e-05,23851.0554407631,6.15046349062805,1127
"6328",117475,-20.6240978240967,-45.371826171875,0.0010759425531432,2.33900555031141e-05,1.43921297421912e-05,25163.5109401874,5.77069049842936,1125
"6329",117476,-20.616626739502,-45.337890625,0.0006970846188778,1.51540134538664e-05,1.35264026539517e-05,26902.9028894107,6.0757866413026,984
"6330",117477,-20.6091728210449,-45.3039627075195,0.0004779765313287,1.03907941593206e-05,1.26836348499637e-05,24984.2242709218,5.62792192303485,915
"6331",117478,-20.6017379760742,-45.2700309753418,0.0002006308632189,4.36154050476034e-06,1.02540134321316e-05,21777.2475598654,2.86326065862466,862
"6332",117483,-20.5648097991943,-45.1003532409668,0.0004865929786319,1.05781082311296e-05,1.46792281157104e-05,10827.1327340546,10.7030149151346,514
"6333",117484,-20.5574722290039,-45.0664024353027,0.0012384390247461,2.69225874944823e-05,1.73943444679026e-05,11151.1191356863,6.75836283295495,1155
"6334",117485,-20.5501499176025,-45.0324363708496,0.000986390725302,2.1443276637001e-05,1.28934752865462e-05,12556.4936003863,5.81061531059172,1253
"6335",117486,-20.5428409576416,-44.9984664916992,0.0007812943113094,1.69846589415101e-05,1.01693813121528e-05,14736.8154981812,4.87749390855497,1001
"6336",117487,-20.5355472564697,-44.9644775390625,1.59954051923705e-05,3.47726199834142e-07,9.66962761594914e-06,17404.7736289351,4.04021386244818,885
"6337",117489,-20.5210018157959,-44.8964614868164,0.0011511335796967,2.50246430368861e-05,1.08356980490498e-05,23520.2676675384,10.5097134440713,1068
"6338",117490,-20.5137500762939,-44.8624267578125,0.0006894058587931,1.49870838868083e-05,1.00156939879525e-05,26791.9735641257,6.87162587698494,999
"6339",117491,-20.5065097808838,-44.8283767700195,0.0001805839028747,3.92573701901711e-06,9.74686099652899e-06,30145.5301016538,7.00318938060029,965
"6340",117492,-20.4992828369141,-44.7943000793457,0.0002840517445292,6.17503792454954e-06,1.01128116511973e-05,33558.0173161876,9.8809447859777,58
"6341",117493,-20.4920692443848,-44.7602043151855,3.03981792058039e-05,6.60829982734867e-07,9.2248938017292e-06,37013.0468002166,9.73575163413417,1020
"6342",117494,-20.4848670959473,-44.7260856628418,0.0005181572632864,1.12642883323133e-05,8.94625736691523e-06,40500.5483030786,8.1690130366627,395
"6343",117495,-20.4776763916016,-44.6919403076172,0.0005157641171535,1.12122634163825e-05,1.59504797920818e-05,41860.8748199656,9.3440384460839,759
"6344",117496,-20.4704990386963,-44.6577682495117,3.57421920398338e-05,7.77004174778995e-07,1.04853188531706e-05,43231.6187795722,9.42308449829679,715
"6345",117498,-20.4561748504639,-44.5893325805664,0.00075147374082,1.63363856700016e-05,1.08290732896421e-05,46715.3555887961,8.89747942567866,1105
"6346",117499,-20.4490280151367,-44.5550651550293,0.0006829450921941,1.48466324390029e-05,1.05388098745607e-05,48776.9324290966,8.25280201685181,63
"6347",117500,-20.4418926239014,-44.5207672119141,0.0008720216683286,1.89569927897537e-05,1.01157265817164e-05,48022.0872814329,6.12768814148772,1027
"6348",117501,-20.4347686767578,-44.4864349365234,0.0007487972761737,1.62782016559504e-05,1.14663998829201e-05,44966.5006886413,8.49848416948891,539
"6349",117502,-20.4276523590088,-44.4520606994629,7.42454008104687e-05,1.61403045240149e-06,1.38854666147381e-05,42003.4869652279,128.872315691921,798
"6350",117503,-20.4205455780029,-44.417652130127,0.0007457648644049,1.62122796609765e-05,1.03712563941372e-05,39155.8522203983,12.249615360269,1110
"6351",117504,-20.4134483337402,-44.3831977844238,0.0005988101202092,1.30176113088964e-05,9.46342970564729e-06,36450.9734132991,53.2331171613953,996
"6352",117505,-20.4063606262207,-44.348705291748,0.0014661015156889,3.18717720801942e-05,1.38200111905462e-05,33924.8264909108,112.999734542786,1053
"6353",117506,-20.3992805480957,-44.3141670227051,0.0012991908479307,2.8243279302842e-05,1.25535971164936e-05,31621.0261459792,32.1890142689117,825
"6354",117507,-20.3922100067139,-44.2795829772949,0.0014426839770749,3.13626951538026e-05,1.73922562680673e-05,29593.4078840952,15.9740111884178,589
"6355",117508,-20.3851451873779,-44.2449531555176,0.0011704906100931,2.54454480455024e-05,1.25700644275639e-05,27903.5732668039,12.4671822939273,1034
"6356",117509,-20.3780899047852,-44.2102737426758,0.0012816707858291,2.78624083875911e-05,1.67300222528866e-05,26618.1958590661,25.9015492820365,826
"6357",117510,-20.3710403442383,-44.1755409240723,0.0004233311174175,9.20285037864232e-06,2.27042783080833e-05,25799.4588418285,10.4245174100492,890
"6358",117511,-20.3640003204346,-44.140754699707,0.0011983641816186,2.60513952525798e-05,1.43081324495142e-05,24187.7512582631,13.0451769006773,344
"6359",117512,-20.3569660186768,-44.1059188842773,0.0023484186240239,5.10525787831284e-05,1.57996419147821e-05,21164.1632011816,12.0723540961079,963
"6360",117513,-20.3499374389648,-44.0710220336914,0.0015283536049537,3.32250783685595e-05,1.66028348758118e-05,18078.6862383525,41.6013304768459,715
"6361",117514,-20.3429145812988,-44.0360679626465,0.000576245925913,1.25270853459369e-05,1.02815038189874e-05,15267.795467286,35.27438125792,1011
"6362",117515,-20.3358993530273,-44.0010566711426,0.0010901023706537,2.3697877622908e-05,1.09781931314501e-05,12917.1642333988,25.6925269033158,1028
"6363",117516,-20.3288898468018,-43.9659805297852,0.0006710531197313,1.4588111298508e-05,9.72556517808698e-06,11322.5700738931,21.7610487630543,770
"6364",117517,-20.3218841552734,-43.9308395385742,4.47267923391337e-05,9.72321572589863e-07,9.99124949885299e-06,10829.9314935828,10.4392141461105,1008
"6365",117518,-20.314884185791,-43.895637512207,0.0006640910232817,1.44367613756913e-05,1.04168384496006e-05,11586.9712382165,4.15273074742766,450
"6366",117519,-20.3078899383545,-43.8603630065918,0.0004765940357174,1.03607399069006e-05,1.58008097059792e-05,13389.2297026353,3.85180501873791,810
"6367",117522,-20.2869319915771,-43.7541275024414,0.0009151344456768,1.98942270799307e-05,1.09102793430793e-05,22001.8161040051,241.921535482446,1038
"6368",117523,-20.2799530029297,-43.7185668945312,0.0005019772743253,1.09125494418549e-05,1.11852004920365e-05,25354.3905688677,33.5532903578952,470
"6369",117524,-20.2729778289795,-43.6829261779785,0.0005905981925025,1.2839091141359e-05,1.16338233056013e-05,28818.5171015048,20.6742390024816,873
"6370",117525,-20.2660064697266,-43.6472129821777,0.0009684819997346,2.10539565159706e-05,9.99869644147111e-06,30420.3373179068,20.9397373668481,1141
"6371",117526,-20.2590370178223,-43.6114158630371,0.0008855930936988,1.92520237760618e-05,1.15680868475465e-05,32027.7087237965,7.3077438311536,1220
"6372",117527,-20.2520694732666,-43.5755348205566,0.0008363328233826,1.81811483344063e-05,1.2494358998083e-05,33987.365358626,3.28222266730292,973
"6373",117528,-20.2451057434082,-43.5395698547363,0.0005506191137101,1.19699807328288e-05,1.41324026117218e-05,36244.6869035214,1.48687660369741,841
"6374",117529,-20.2381420135498,-43.5035171508789,0.0015264237590599,3.31831251969561e-05,1.40270485644578e-05,38750.7427224608,0.276369750607344,850
"6375",117530,-20.2311820983887,-43.4673767089844,0.0010764052676677,2.34001145145157e-05,1.40278489197954e-05,41462.57079207,5.2720006091669,967
"6376",117531,-20.2242221832275,-43.4311447143555,0.0005533868243219,1.20301483548246e-05,1.20445001812186e-05,44345.2989988656,21.0848240494657,1034
"6377",117532,-20.217264175415,-43.3948211669922,0.000734783050575,1.59735445777187e-05,8.44094847707311e-06,47369.8380600024,19.1524391911312,1028
"6378",117533,-20.2103061676025,-43.3583984375,0.0005054952853242,1.09890279418323e-05,7.71008035371779e-06,50513.5402954949,5.57121738051715,832
"6379",117534,-20.2033500671387,-43.3218803405762,0.0009658847739046,2.09974950848846e-05,9.29296584217809e-06,53757.2396045489,0.92097253905145,912
"6380",117535,-20.1963920593262,-43.2852630615234,0.0010826942525454,2.35368315770756e-05,9.305640560342e-06,57086.4301832423,2.32504843766279,103
"6381",117537,-20.1824779510498,-43.2117233276367,0.0002116387413479,4.60084220321733e-06,7.18730416338076e-06,63955.0299996297,9.13646712462289,939
"6382",117538,-20.1755218505859,-43.1747932434082,8.70578865033167e-05,1.8925627500721e-06,9.21178889257135e-06,67477.2547929878,13.1738670016647,574
"6383",117539,-20.1685619354248,-43.1377563476562,0.000208089917578,4.52369386039209e-06,7.74971431383165e-06,71049.1905401613,8.63432552676514,788
"6384",117540,-20.1616020202637,-43.1006050109863,0.0007540673686889,1.63927688845433e-05,9.96611925074831e-06,74665.848422496,8.84498492026126,1029
"6385",117541,-20.1546401977539,-43.0633430480957,0.0011932740708289,2.59407406701939e-05,1.33534267661162e-05,78322.5673923339,7.59713359274791,1045
"6386",117542,-20.1476764678955,-43.0259666442871,0.0010865993790503,2.36217256315285e-05,1.26343138617813e-05,82015.954448042,5.3753409837384,993
"6387",117543,-20.1407108306885,-42.9884719848633,0.0002822218048095,6.135256626294e-06,1.24873868116993e-05,85743.2275311479,110.63913882561,548
"6388",117544,-20.1337432861328,-42.950855255127,0.0006172662797325,1.34188321680995e-05,8.32796285976656e-06,86421.8417215258,62.404571682002,803
"6389",117545,-20.1267719268799,-42.9131202697754,0.0009063470533874,1.97031968127703e-05,1.10217079054564e-05,83818.1603329204,5.59088871700906,873
"6390",117546,-20.1197967529297,-42.8752555847168,0.000224301158596,4.87611214339267e-06,8.75874957273481e-06,81320.6552980001,12.215418049766,991
"6391",117547,-20.1128196716309,-42.8372650146484,0.0009544823333271,2.07496159418952e-05,1.01946025097277e-05,78941.7806878264,41.4957638231959,925
"6392",117548,-20.1058387756348,-42.799144744873,0.0013043024628132,2.83544013655046e-05,1.71355077327462e-05,76694.2535672246,6.89021418176619,851
"6393",117549,-20.0988521575928,-42.7608909606934,0.0010654196048562,2.31612957577454e-05,1.12410007204744e-05,74591.7723608256,6.28555739993459,509
"6394",117550,-20.0918636322021,-42.7225036621094,0.0005033692250435,1.09428092400776e-05,9.2556274466915e-06,72649.6288591703,5.34497481892248,1093
"6395",117551,-20.084867477417,-42.6839752197266,0.0008121812170429,1.76561134139774e-05,9.51035599427996e-06,70882.5452250601,4.5759727333354,1003
"6396",117552,-20.0778694152832,-42.6453094482422,0.000101291179817,2.20198216993595e-06,8.24826111056609e-06,69307.1711098875,12.4669371843109,865
"6397",117553,-20.0708637237549,-42.6064987182617,9.38151188165648e-05,2.03945910470793e-06,8.47005685500335e-06,67938.6482746666,12.6294619900587,836
"6398",117554,-20.0638523101807,-42.5675430297852,0.0001392774693158,3.02777107208385e-06,8.78992705111159e-06,66792.6537629569,4.37899668057002,1039
"6399",117555,-20.0568351745605,-42.5284385681152,0.0006241405189939,1.35682721520425e-05,1.18629186545149e-05,65883.5904654304,4.80446249371624,974
"6400",117842,-21.0161399841309,-47.2667961120605,0.0007744985159661,1.68369242601329e-05,1.51885005834629e-05,31699.7000806342,3.87903539040684,1043
"6401",117843,-21.0070648193359,-47.2301635742188,0.0009464827271585,2.05757114599692e-05,2.01635739358608e-05,27795.3154989749,4.19227954425071,1006
"6402",117846,-20.9801006317139,-47.1208648681641,0.0001944607365658,4.22740731664817e-06,1.48484787132475e-05,16230.567267181,7.42977555100483,182
"6403",117849,-20.9535121917725,-47.0124130249023,0.0008328626317961,1.81057093868731e-05,1.68373808264732e-05,5503.62139388085,27.2444388610744,428
"6404",117850,-20.944730758667,-46.9764404296875,0.0003891464712069,8.45970589580247e-06,1.3016011507716e-05,3571.52587110711,906.827556600253,781
"6405",117851,-20.9359893798828,-46.9405517578125,0.0009304506311309,2.02271876332816e-05,2.13449911825592e-05,4992.6501040841,118.188506145043,1055
"6406",117853,-20.9186210632324,-46.869026184082,0.0005566383770201,1.21008342830464e-05,1.28732308439794e-05,11726.0639030765,13.0472546353096,1057
"6407",117854,-20.9099941253662,-46.8333854675293,0.0005893076122447,1.28110350487987e-05,1.5935002011247e-05,15410.3646008741,8.46292587384995,703
"6408",117855,-20.901403427124,-46.7978210449219,0.0003023445106009,6.57270675219479e-06,1.70393232110655e-05,19139.5983965975,6.9241627410453,1037
"6409",117857,-20.8843326568604,-46.7269172668457,0.0004384875282994,9.53233757172711e-06,1.32641443997272e-05,26642.8105550994,44.64535398191,470
"6410",117861,-20.8506107330322,-46.5859527587891,0.0007228972281154,1.5715157132945e-05,2.05088035727385e-05,41656.2349505951,5.61814242139193,752
"6411",117862,-20.842264175415,-46.5508766174316,0.0011919743701582,2.59124863077886e-05,2.74395588348852e-05,45399.6817484009,7.04648775295195,781
"6412",117863,-20.8339519500732,-46.5158615112305,0.0010534451721468,2.29009820031933e-05,3.87360669265036e-05,49137.9991311735,7.44495532810029,1116
"6413",117864,-20.8256702423096,-46.4809112548828,0.001287311049964,2.79850228253054e-05,2.52856116276234e-05,52870.4589280556,7.83715664943942,1010
"6414",117865,-20.8174228668213,-46.4460144042969,2.20875978129698e-05,4.80165169847169e-07,1.13126216092496e-05,56597.8481921132,8.27523716833012,1004
"6415",117868,-20.7928600311279,-46.341667175293,0.0004633570952137,1.00729803307331e-05,9.81138055067277e-06,67745.793266824,9.35794101312068,870
"6416",117870,-20.7766361236572,-46.2723579406738,0.0003634398763097,7.9008668762981e-06,1.42466797115048e-05,75087.4768811389,9.5014921740677,1068
"6417",117871,-20.7685661315918,-46.2377777099609,0.0006220481791388,1.35227865030174e-05,1.02671983768232e-05,74418.7198596466,28.1984376198284,1242
"6418",117874,-20.7445278167725,-46.1343078613281,0.0003769850281969,8.1953266999335e-06,1.2454323041311e-05,71556.7432189875,7.15575856176916,1023
"6419",117875,-20.7365684509277,-46.0999031066895,0.0013902230275562,3.02222397294827e-05,1.24816524476046e-05,67988.6067698168,5.4617731979098,873
"6420",117876,-20.7286376953125,-46.0655364990234,0.000280198872133,6.09127982897917e-06,1.34619240270695e-05,64437.7268658803,5.65395593998278,933
"6421",117878,-20.7128524780273,-45.9969139099121,6.96160852839967e-05,1.51339315834775e-06,1.17221934488043e-05,57396.1134780881,5.69179564794396,382
"6422",117879,-20.7049961090088,-45.9626541137695,0.0013020544065511,2.83055305771995e-05,1.37310853460804e-05,53910.997185151,16.6528188842601,838
"6423",117880,-20.6971664428711,-45.9284286499023,0.0001197278747895,2.60277988672897e-06,1.324855202256e-05,50455.2261400912,12.6121171568567,1043
"6424",117883,-20.6738224029541,-45.825927734375,0.000156870034516,3.41021814165288e-06,1.29409581859363e-05,40324.3037263036,5.77765549231823,1018
"6425",117884,-20.6660861968994,-45.7918167114258,0.0003526244054228,7.66574794397457e-06,1.09668708319077e-05,37058.0832511768,4.48852898810531,454
"6426",117886,-20.6506843566895,-45.7236595153809,0.0003213738336853,6.9863876888121e-06,1.20935965242097e-05,30789.7448276515,2.92007865597574,864
"6427",117887,-20.6430168151855,-45.6896171569824,0.0012616031999641,2.74261565209599e-05,1.50809119077167e-05,27845.0292436624,3.03611738332981,1127
"6428",117888,-20.6353702545166,-45.655590057373,0.0005540508573176,1.20445838547312e-05,1.14054437290179e-05,25084.2528346581,2.9130313601929,1076
"6429",117889,-20.6277446746826,-45.62158203125,0.0013276789177325,2.8862585168099e-05,1.42388535095961e-05,22574.1744240185,3.96962229627672,1047
"6430",117890,-20.6201400756836,-45.5875930786133,0.0005445782207971,1.18386569738504e-05,1.03975453384919e-05,20406.1938108831,5.09841970198571,100
"6431",117891,-20.6125564575195,-45.5536155700684,0.0002043474314632,4.44233546659234e-06,1.11715926323086e-05,18698.1058969328,10.8746953330783,496
"6432",117892,-20.6049919128418,-45.5196495056152,0.0006174923655635,1.34237470774679e-05,9.26549091673223e-06,17583.1810089933,7.69972101104245,1138
"6433",117893,-20.5974464416504,-45.4856986999512,0.0014639280125265,3.18245220114477e-05,1.48741773955408e-05,17176.180814745,4.86094239045087,1214
"6434",117894,-20.5899219512939,-45.4517555236816,0.000512115575475,1.11329472929356e-05,9.69468055700418e-06,17525.759321422,6.98451314266779,985
"6435",117895,-20.5824146270752,-45.4178199768066,0.0012418688856996,2.6997149689123e-05,1.20118147606263e-05,18588.1739988729,8.29955685696841,836
"6436",117897,-20.5674571990967,-45.349967956543,0.0007705513853579,1.67511170729995e-05,1.176819569082e-05,22380.6414119792,5.38581196613854,796
"6437",117898,-20.5600051879883,-45.316047668457,0.0009672700725786,2.10276102734497e-05,1.43328916237806e-05,23101.0630615753,2.90272137184887,1013
"6438",117899,-20.5525722503662,-45.2821311950684,0.0004359795821073,9.47781700233463e-06,1.17154177132761e-05,19594.8511711024,2.42531554577045,1049
"6439",117900,-20.5451545715332,-45.2482147216797,0.0001971236879398,4.28529756391072e-06,1.13458763735252e-05,16137.223292272,2.19107325802553,895
"6440",117901,-20.5377540588379,-45.2142944335938,0.0005779462553618,1.25640490296064e-05,2.37832100538071e-05,12767.1953455348,2.29620334990241,951
"6441",117902,-20.5303707122803,-45.1803703308105,0.0012440856480679,2.70453401753912e-05,2.76829487120267e-05,9577.63216339178,3.63702323661105,679
"6442",117903,-20.5230026245117,-45.1464424133301,0.0016347565251635,3.55381853296421e-05,2.37653803196736e-05,6826.10096058641,5.37949874053535,533
"6443",117905,-20.5083122253418,-45.0785675048828,6.72296434913733e-05,1.4615139889429e-06,1.25093210954219e-05,5893.70324369565,9.57986435082827,1137
"6444",117906,-20.5009918212891,-45.0446166992188,0.0003489436494419,7.58573150960729e-06,1.07246532934369e-05,8248.02150070583,8.41142594540687,995
"6445",117907,-20.4936847686768,-45.0106544494629,0.0006084594751882,1.32273798953975e-05,1.13725054688985e-05,11291.2006441886,24.4112027378267,1039
"6446",117908,-20.4863910675049,-44.9766807556152,0.0003889271210937,8.45493741508108e-06,1.02137100839172e-05,14599.2350777915,6.41129814549175,486
"6447",117909,-20.4791126251221,-44.9426918029785,0.0007292598456842,1.58534749061801e-05,1.03148367998074e-05,18027.8075085463,5.92520348025539,823
"6448",117911,-20.4645977020264,-44.8746643066406,5.05829445955897e-05,1.09962923033891e-06,9.98579889710527e-06,25050.042612762,7.02381953680868,1107
"6449",117912,-20.4573593139648,-44.8406219482422,0.0003047391419386,6.62476395518752e-06,1.02866242741584e-05,28604.6142562329,7.3805217103477,1135
"6450",117913,-20.4501342773438,-44.8065605163574,0.0009922641875164,2.15709605981829e-05,9.90870921668829e-06,32176.1050564695,20.9652134029466,750
"6451",117914,-20.4429206848145,-44.7724761962891,0.0005768578721472,1.25403885249398e-05,9.45242481975583e-06,34468.3923651195,929.336421077329,1021
"6452",117916,-20.4285316467285,-44.704231262207,0.0008742654572415,1.90057708095992e-05,1.30951775645372e-05,36618.927927298,17.9307301514542,790
"6453",117917,-20.4213542938232,-44.6700706481934,0.0015520867600571,3.37410165229812e-05,2.12313298106892e-05,38173.2860400045,22.3625827350853,538
"6454",117918,-20.4141883850098,-44.6358795166016,0.0007067890728649,1.53649798448896e-05,1.45338462971267e-05,40001.1776047826,13.5692228916672,763
"6455",117919,-20.4070320129395,-44.6016578674316,0.0002028318740485,4.40938856627326e-06,9.44133989833063e-06,42067.5513830879,12.4462640555374,1056
"6456",117921,-20.3927536010742,-44.5331153869629,0.0006417631229851,1.39513722388074e-05,1.48792614709237e-05,45103.9839812436,13.6467559966796,988
"6457",117923,-20.3785152435303,-44.4644317626953,5.99149834670243e-05,1.30249964058748e-06,9.80391905613942e-06,38929.0900076935,299.710899994401,856
"6458",117924,-20.371410369873,-44.4300346374512,0.0008114644697343,1.76405319507467e-05,9.8249947768636e-06,35831.4905735286,8.7031571995754,831
"6459",117925,-20.364315032959,-44.3955917358398,0.0011870528614963,2.58054969890509e-05,1.21879393191193e-05,32846.3214867881,11.1401447444588,655
"6460",117926,-20.3572292327881,-44.3611106872559,0.0008050167562032,1.75003642652882e-05,2.44701477640774e-05,30009.2359969673,21.0300184728676,1081
"6461",117927,-20.3501510620117,-44.3265838623047,0.0012467550841393,2.71033713943325e-05,1.759319093253e-05,27367.1985726318,9.36350062609248,881
"6462",117928,-20.3430805206299,-44.2920112609863,0.0023268742006621,5.05842217535246e-05,2.21299324039137e-05,24984.1314830253,11.1828893227158,1000
"6463",117929,-20.3360195159912,-44.2573928833008,0.0008260677568614,1.79579947143793e-05,3.10729919874575e-05,22943.2236305208,44.3562910145619,173
"6464",117930,-20.3289642333984,-44.2227210998535,0.0007651619744137,1.66339559655171e-05,1.74867072928464e-05,21344.5953477278,70.9112758487961,917
"6465",117931,-20.3219184875488,-44.1880035400391,0.0005544256728171,1.20527320177644e-05,1.67676425917307e-05,20296.3284304581,20.1507369306747,445
"6466",117932,-20.3148784637451,-44.1532287597656,0.0008672870026202,1.88540652743541e-05,1.3220397704572e-05,19887.9191179425,14.981239365375,818
"6467",117933,-20.3078460693359,-44.1184005737305,0.0009831700481299,2.13732619158691e-05,1.10445289465133e-05,19035.7895509275,15.8388124970002,1058
"6468",117934,-20.3008193969727,-44.0835189819336,0.0017674002956482,3.84217455575708e-05,1.64873417816125e-05,15507.3020260913,42.6889583044497,1116
"6469",117935,-20.2937984466553,-44.0485763549805,0.0007463279034709,1.6224519640673e-05,1.03587817648076e-05,12078.395557963,40.7630860468738,1035
"6470",117936,-20.2867851257324,-44.0135726928711,0.0007092790292517,1.54191093315603e-05,1.02324438557844e-05,8873.13279583754,24.9322391580801,453
"6471",117937,-20.2797756195068,-43.9785079956055,0.0003379407708052,7.34653849576716e-06,1.5665191313019e-05,6256.19748264977,19.2358983957651,776
"6472",117938,-20.2727737426758,-43.9433822631836,0.0005690716334356,1.23711224659928e-05,1.0959925930365e-05,5220.2193225491,12.9420551951744,1074
"6473",117939,-20.265775680542,-43.9081878662109,0.0007455406193912,1.6207404769375e-05,1.10098844743334e-05,6572.92240565207,5.12400345975258,711
"6474",117940,-20.2587814331055,-43.8729286193848,0.001254352973774,2.72685429081321e-05,1.95344637177186e-05,9335.15262228355,3.7021811699025,1178
"6475",117941,-20.2517929077148,-43.8376007080078,0.0011672682594507,2.53753969445825e-05,1.56351234181784e-05,12618.7383207203,435.538273609181,1024
"6476",117942,-20.2448101043701,-43.8022003173828,0.0003197954165443,6.95207427270361e-06,1.71427836903604e-05,16113.102960431,783.06426942603,857
"6477",117943,-20.237829208374,-43.7667236328125,0.0004605087651725,1.0011060112447e-05,2.39696200878825e-05,19710.9352808878,221.682065855444,762
"6478",117944,-20.2308521270752,-43.7311744689941,1.28470350091447e-05,2.79283369764016e-07,2.42333644564496e-05,23367.8124489808,25.3964397134654,1100
"6479",117945,-20.2238788604736,-43.6955490112305,0.0003296285394753,7.16583781468216e-06,1.80227489181561e-05,27063.2402004391,6.21793511188313,1026
"6480",117946,-20.2169094085693,-43.6598472595215,0.0015201448986772,3.3046628232114e-05,1.21601460705278e-05,30786.1565698424,3.74944222895544,1068
"6481",117947,-20.2099418640137,-43.6240615844727,0.0008124754131131,1.76625089807203e-05,9.82345682132291e-06,34530.9913272877,2.6822153003966,927
"6482",117948,-20.2029781341553,-43.588191986084,0.0006626209215028,1.44048026413657e-05,1.05425624497002e-05,38293.8184801014,1.00160868478621,612
"6483",117949,-20.1960144042969,-43.5522384643555,0.0008531112871423,1.85458975465735e-05,1.21161565402872e-05,40668.6610037361,0.446274805106117,975
"6484",117950,-20.1890544891357,-43.5161972045898,0.0004000310145784,8.69632640387863e-06,9.74516387941549e-06,42900.1026679399,0.0131269758050843,656
"6485",117951,-20.1820964813232,-43.4800682067871,0.0006562386824953,1.42660583151155e-05,1.03442980616819e-05,45348.0826533583,0.00290151425398203,1122
"6486",117952,-20.1751384735107,-43.44384765625,0.000280000001112,6.08695654591429e-06,1.45897383845295e-05,47981.9857303288,17.5726036016936,938
"6487",117954,-20.1612281799316,-43.3711280822754,0.0006136658503237,1.33405619635596e-05,9.65156232268782e-06,53704.0442450949,0.887847005115196,964
"6488",117955,-20.1542720794678,-43.3346214294434,0.0008874312334228,1.92919833352789e-05,8.52209450385999e-06,56751.0794020602,31.1542617329135,92
"6489",117956,-20.1473178863525,-43.2980155944824,0.0003041612717424,6.61220155961928e-06,7.52855112295947e-06,59899.6062325146,71.6654853055854,944
"6490",117957,-20.1403636932373,-43.2613067626953,0.0002166823715015,4.71048633698956e-06,8.55655525811017e-06,63136.7229060024,4.77531237064678,459
"6491",117958,-20.1334075927734,-43.2244987487793,0.0004153054469497,9.02837928151712e-06,9.45633655646816e-06,66451.1702138983,6.15817708381183,854
"6492",117959,-20.1264533996582,-43.1875801086426,0.0003319880906929,7.21713240636745e-06,7.7140384746599e-06,69834.258043816,8.79034093745461,1128
"6493",117960,-20.1194953918457,-43.1505546569824,0.0003296482445875,7.1662661866867e-06,9.00142549653538e-06,73278.36676064,8.37155727807871,736
"6494",117961,-20.1125392913818,-43.1134185791016,0.0004263797618477,9.26912525756052e-06,8.43292491481407e-06,76776.8840896437,12.198544801772,1044
"6495",117963,-20.0986175537109,-43.0388031005859,0.0003767597791011,8.19042998045916e-06,9.93816956906812e-06,83918.074405446,183.07331473765,440
"6496",117964,-20.0916538238525,-43.0013198852539,0.0005217731304583,1.13428941403981e-05,8.59474494063761e-06,85332.0468306466,9.14067485367402,494
"6497",117965,-20.0846881866455,-42.9637145996094,0.0001951951808223,4.24337349613779e-06,1.04571427073097e-05,82497.7192292325,6.41236809764847,761
"6498",117966,-20.0777206420898,-42.9259910583496,0.0003198900722054,6.95413200446637e-06,1.06108218460577e-05,79754.5107427761,6.60967132676217,1095
"6499",117967,-20.0707492828369,-42.8881378173828,0.0003146055460092,6.83925100020133e-06,8.49934986035805e-06,77113.2592391325,17.6291209640964,1226
"6500",117968,-20.0637741088867,-42.8501625061035,0.0002156583541363,4.68822508992162e-06,1.02065259852679e-05,74587.2907808009,8.5066532761674,987
"6501",117971,-20.0428256988525,-42.7354354858398,0.0003535914202075,7.68677000451135e-06,9.24022970139049e-06,67847.0379161093,5.46986512594194,828
"6502",117972,-20.0358333587646,-42.6969223022461,0.0009172362406388,1.99399182747584e-05,1.04265318441321e-05,65935.1736908853,4.62143844064868,773
"6503",117973,-20.0288352966309,-42.6582641601562,0.0005049098635936,1.09763013824704e-05,8.88081376615446e-06,64220.8571230843,2.93588064386665,1081
"6504",117974,-20.0218334197998,-42.6194686889648,0.0005747239047195,1.24939979286864e-05,8.22469701233786e-06,62723.5269019337,1.79904539890985,1074
"6505",117975,-20.0148258209229,-42.5805244445801,0.0003254709909015,7.07545632394613e-06,8.4000057540834e-06,61461.5418249114,2.41176160033848,1065
"6506",117976,-20.0078125,-42.541431427002,0.0006912512781127,1.50272016981035e-05,1.11786130219116e-05,60452.7622496957,3.22213321356667,921
"6507",117977,-20.0007915496826,-42.5021858215332,0.000617521107415,1.3424371900328e-05,9.43928807828343e-06,59712.9981799687,4.09595358276402,914
"6508",118258,-21.012996673584,-47.4628753662109,0.0002123678304997,4.61669196738512e-06,1.32735785882687e-05,39085.8167460906,2.52604293516183,1034
"6509",118259,-21.0036926269531,-47.4257202148438,6.60027230878768e-05,1.43484180625819e-06,1.30543567138375e-05,43026.1644509626,2.43909203435781,939
"6510",118260,-20.9944362640381,-47.3886756896973,0.0002293559591635,4.98599911225028e-06,1.25275819300441e-05,43158.0752050308,129.978897811793,522
"6511",118261,-20.9852237701416,-47.3517417907715,0.0014347356627695,3.1189905712381e-05,1.98762518266449e-05,39197.5856189618,23.2512617591185,866
"6512",118262,-20.9760589599609,-47.3149147033691,0.0001864980931713,4.05430637329118e-06,1.36174103317899e-05,35250.2286117479,2.27412654041134,983
"6513",118264,-20.9578647613525,-47.2415771484375,4.8750557425592e-05,1.0597947266433e-06,1.43584738907521e-05,27396.1666228296,2.14752680385059,649
"6514",118265,-20.9488334655762,-47.2050590515137,7.86928624165739e-05,1.7107144003603e-06,1.44170053317794e-05,23490.3044013303,3.22666919429091,1047
"6515",118267,-20.9309005737305,-47.1323165893555,0.0003143328540318,6.83332291373517e-06,1.32781478896504e-05,15730.359359815,17.7749088726591,455
"6516",118268,-20.9219970703125,-47.0960845947266,0.0002168473965866,4.7140738388407e-06,1.28935607790481e-05,11887.5161220476,6.335582273547,840
"6517",118271,-20.8955326080322,-46.9879379272461,0.0004294660593586,9.33621868171031e-06,1.42321205203189e-05,2039.75615842695,1307.94955485833,1105
"6518",118272,-20.886791229248,-46.9520645141602,4.16826891580513e-06,9.06145416479376e-08,1.50297792060883e-05,4250.08639958571,548.376562994183,1147
"6519",118274,-20.8694229125977,-46.8805656433105,0.0003772759610001,8.20165132608963e-06,1.5149150385696e-05,11574.1993354566,6.7930507845171,703
"6520",118275,-20.8607959747314,-46.8449325561523,0.0012128009584557,2.63652382272994e-05,1.62152791745029e-05,15347.6424973368,5.82495122486068,796
"6521",118276,-20.8522071838379,-46.809383392334,0.0008466948675049,1.8406410163152e-05,1.86289435077924e-05,19129.4624448563,5.17917770999056,513
"6522",118277,-20.8436546325684,-46.7739028930664,0.0008929628893383,1.94122367247473e-05,2.59959506365703e-05,22912.3406983943,5.25648111018243,718
"6523",118278,-20.8351364135742,-46.7385025024414,0.0007532502131653,1.63750046340283e-05,2.61067270912463e-05,26691.396267348,81.5777017182184,1000
"6524",118280,-20.818208694458,-46.6679077148438,0.000122979887692,2.67347581939248e-06,1.2697589227173e-05,34234.3384762495,4.64866866120257,991
"6525",118281,-20.8097953796387,-46.6327133178711,0.0008154055758495,1.77262081706431e-05,1.57762951857876e-05,37996.6474468701,18.9156399456923,892
"6526",118285,-20.7764797210693,-46.4925804138184,0.0002740961444942,5.95861183683155e-06,1.61278640007367e-05,52980.3462453345,6.97074466112108,808
"6527",118287,-20.7600135803223,-46.4228706359863,0.00048956594037,1.06427378341323e-05,1.28957353808801e-05,60433.9719779172,7.3771300620595,747
"6528",118289,-20.7436714172363,-46.3533821105957,0.0008931460506573,1.94162184925517e-05,1.03735210359446e-05,67863.0270920902,12.0842157392975,1135
"6529",118290,-20.7355442047119,-46.318717956543,0.00042770356049,9.29790348891402e-06,9.77910985966446e-06,71568.6020503113,125.875762173591,912
"6530",118291,-20.7274475097656,-46.2840995788574,0.0003539708795869,7.69501912145643e-06,1.48470107887988e-05,75268.8915636677,46.7718623262808,947
"6531",118293,-20.7113399505615,-46.2150077819824,0.0009837632096605,2.13861567317508e-05,1.4652584468422e-05,77603.5944889008,6.98147322242434,499
"6532",118294,-20.7033271789551,-46.1805305480957,0.0007535919357906,1.63824333867524e-05,1.24089301607455e-05,73958.1092251533,7.06010499542778,951
"6533",118297,-20.6794548034668,-46.0773468017578,0.0005439596225187,1.182520918519e-05,1.36207863761229e-05,63080.8201284093,5.85280573357882,469
"6534",118298,-20.6715488433838,-46.0430297851562,0.0006941562551219,1.50903533722158e-05,1.40622196340701e-05,59477.1050313034,16.7017545464535,863
"6535",118299,-20.6636695861816,-46.0087471008301,0.0001945498488566,4.22934454036294e-06,1.44793366416707e-05,55886.0953522493,21.9156174982924,1215
"6536",118300,-20.6558170318604,-45.9744987487793,0.0007117225468391,1.54722292791121e-05,1.46899265018874e-05,52309.5323004424,8.65947322084803,1066
"6537",118301,-20.6479873657227,-45.9402847290039,0.0006600256620004,1.43483839565306e-05,1.14294007289573e-05,48749.4630807213,4.83017209706711,114
"6538",118302,-20.6401824951172,-45.9061012268066,0.0003009515139638,6.54242421660456e-06,1.15110478873248e-05,45208.5511945255,4.26254130147761,440
"6539",118303,-20.6324024200439,-45.8719444274902,0.0006785741134081,1.47516111610457e-05,1.39549802042893e-05,41690.3543384174,4.09393873915691,802
"6540",118305,-20.6169109344482,-45.8037185668945,0.0001338504785053,2.9097930109856e-06,1.14531476356206e-05,34745.7759859222,2.40523097097778,1032
"6541",118306,-20.6091995239258,-45.7696418762207,0.0003049972747248,6.63037553749746e-06,9.49326567933895e-06,31336.62462425,1.50978882211308,705
"6542",118307,-20.6015090942383,-45.7355880737305,0.0010114208198501,2.19874091271777e-05,1.32615441543749e-05,27988.330394538,1.5368966310723,1037
"6543",118309,-20.5861968994141,-45.667537689209,1.26710277754682e-05,2.75457125553658e-07,1.33657276819577e-05,21581.2252844255,3.19108290209916,804
"6544",118312,-20.5633869171143,-45.5655975341797,0.0008074146717262,1.7552492863615e-05,1.14867189040524e-05,13699.5805822104,3.6517169602814,740
"6545",118313,-20.5558242797852,-45.5316467285156,0.0005675459724443,1.23379559227033e-05,1.24651105579687e-05,12151.6853235433,4.0484347469009,1082
"6546",118314,-20.5482807159424,-45.4977035522461,0.0009128135097853,1.98437719518552e-05,1.12301158878836e-05,11572.1266141088,5.83710022084188,1064
"6547",118315,-20.5407562255859,-45.4637718200684,5.99589434386871e-05,1.30345529214537e-06,9.72959696809994e-06,12099.5148839455,6.7032332314679,935
"6548",118316,-20.5332508087158,-45.4298477172852,0.0007616933726239,1.65585515787825e-05,1.09897491711308e-05,13604.6980425161,9.939400289658,907
"6549",118317,-20.525764465332,-45.3959312438965,0.0005548491026274,1.2061937013641e-05,9.53101698542014e-06,15809.9791011578,8.31176770848346,605
"6550",118318,-20.5182952880859,-45.3620185852051,0.0005040877713327,1.09584298115806e-05,1.05166463981732e-05,18465.7435831652,4.32960625913262,651
"6551",118319,-20.5108451843262,-45.3281097412109,0.0010569191290414,2.29765028052498e-05,1.12443440229981e-05,21404.6189482012,2.86709740720007,1144
"6552",118320,-20.5034122467041,-45.2942047119141,5.09070644056919e-05,1.10667531316722e-06,1.00692559499294e-05,18879.3780467953,2.45990893437092,971
"6553",118323,-20.4812126159668,-45.1924781799316,0.0001732025079945,3.76527191292553e-06,1.80906881723786e-05,8048.36231653836,4.95593898672045,902
"6554",118324,-20.4738464355469,-45.158561706543,0.0002775577595457,6.03386433795094e-06,9.2154596131877e-06,4444.82512284298,180.082730178515,940
"6555",118325,-20.466495513916,-45.1246376037598,0.0005365124707168,1.16633145808009e-05,1.25780916278018e-05,913.26714646693,230.272161343832,250
"6556",118326,-20.4591598510742,-45.0907096862793,0.0003975686286139,8.64279627421638e-06,1.04567643575137e-05,2831.11479437485,78.1477260635703,496
"6557",118327,-20.4518394470215,-45.056770324707,0.0006998078151809,1.52132133734995e-05,1.18187717816909e-05,6427.26513244847,8.7414046749053,886
"6558",118328,-20.4445343017578,-45.022819519043,0.0007367872822214,1.60171148309018e-05,1.26446830108762e-05,10036.654691537,14.2817531681311,1132
"6559",118329,-20.4372425079346,-44.9888534545898,0.0003262568106947,7.09253936292953e-06,1.0571727216302e-05,13649.8373604677,7.79471340122763,713
"6560",118330,-20.4299659729004,-44.9548759460449,0.0005806505414511,1.26228378576343e-05,1.02501007859246e-05,17264.7560953807,6.09637239736852,1047
"6561",118332,-20.4154529571533,-44.8868713378906,0.0007885293089202,1.71419414982665e-05,1.16472283480107e-05,24499.7954106028,4.79066408367359,298
"6562",118333,-20.4082164764404,-44.852840423584,0.0008418862344115,1.83018746611197e-05,1.1951383385167e-05,28119.9972743514,4.97639353412631,477
"6563",118334,-20.4009914398193,-44.818790435791,0.0009202180299325,2.00047397811431e-05,1.07304385892348e-05,28352.4469618064,7.36714999091903,784
"6564",118335,-20.3937797546387,-44.7847175598145,0.0007009296259639,1.52376005644328e-05,9.85486531135393e-06,28988.5171208276,7.24748645874725,997
"6565",118336,-20.3865814208984,-44.750617980957,0.0004390814010548,9.54524784901878e-06,1.09702868940076e-05,30054.0412063252,7.63262698426817,1002
"6566",118337,-20.37939453125,-44.716495513916,0.0009352183478767,2.03308336494956e-05,1.20272352432949e-05,31505.8817488022,18.4907129309995,775
"6567",118338,-20.3722171783447,-44.6823425292969,0.0009154681356449,1.99014812096721e-05,1.00793968158541e-05,33294.6134125275,49.8391877408266,914
"6568",118340,-20.3579006195068,-44.613956451416,9.26548391362303e-05,2.01423563339631e-06,1.23582085507223e-05,37685.3027250244,8.40950523662275,746
"6569",118341,-20.350757598877,-44.5797119140625,0.0004664162406697,1.01394834928215e-05,1.0109351023857e-05,40200.618186728,7.35713676114386,1075
"6570",118342,-20.3436241149902,-44.5454368591309,0.0005942012994637,1.29174195535597e-05,1.0243323231407e-05,42611.9265262714,5.92202555953799,809
"6571",118343,-20.3365020751953,-44.5111236572266,0.0007114057589205,1.54653425852302e-05,1.63741115102312e-05,39300.1190034904,6.6348481560007,1061
"6572",118344,-20.3293895721436,-44.4767761230469,0.0007615133908984,1.65546389325755e-05,1.61858697538264e-05,36050.9777006078,9.61087794390904,860
"6573",118345,-20.322286605835,-44.4423866271973,0.0005716513715015,1.24272037282935e-05,1.08125223050592e-05,32883.5951489235,10.0074183192171,881
"6574",118346,-20.3151931762695,-44.407958984375,0.0012539833041955,2.72605066129472e-05,1.22434248623904e-05,29825.7764205618,9.45890272187544,1221
"6575",118347,-20.3081073760986,-44.3734855651855,0.0015382336059701,3.34398609993514e-05,1.46004522321164e-05,26703.4108478047,12.8777459489042,613
"6576",118348,-20.3010311126709,-44.3389701843262,0.0014132183496258,3.0722138035344e-05,1.39114390549366e-05,23683.703745484,15.4658979373772,1157
"6577",118349,-20.2939624786377,-44.3044090270996,0.0018479229984222,4.01722390961368e-05,2.57767824223265e-05,20870.0336882688,33.2614376827165,1045
"6578",118350,-20.2869033813477,-44.2698020935059,0.0019102006917819,4.15261019952595e-05,3.24450847983826e-05,18360.2481998058,16.5379604377981,944
"6579",118351,-20.2798500061035,-44.2351455688477,0.0010038030159194,2.18218046939e-05,2.62618050328456e-05,16297.8349267071,33.3909177303695,1023
"6580",118352,-20.2728061676025,-44.2004356384277,0.001710866788926,3.71927562810015e-05,1.76802550413413e-05,14874.1441879629,17.4892335489977,648
"6581",118353,-20.2657680511475,-44.1656723022461,0.0009498633044131,2.06492022698512e-05,1.08158037619432e-05,14285.088046228,15.3555793391835,876
"6582",118354,-20.2587356567383,-44.1308555603027,0.0013249484836706,2.88032279058825e-05,1.21150605991716e-05,14635.8137419768,24.212281697036,1157
"6583",118355,-20.2517127990723,-44.0959854125977,0.0008905314207368,1.93593787116697e-05,1.05473536677891e-05,14730.3721430771,29.7792748967915,1064
"6584",118356,-20.2446937561035,-44.0610542297363,0.0013951769178675,3.03299329971196e-05,1.22506789921317e-05,11025.5212467805,15.2330841735145,689
"6585",118357,-20.2376823425293,-44.0260620117188,0.0011682531803671,2.53968082688516e-05,1.09562824945897e-05,7316.45159360285,37.0952760628422,1056
"6586",118358,-20.2306747436523,-43.9910087585449,0.0010507994156796,2.28434655582532e-05,1.38073210109724e-05,3608.67472842688,37.9984490364165,500
"6587",118359,-20.2236747741699,-43.9558944702148,0.0001610518902452,3.50112804881064e-06,9.43980012380052e-06,417.303730497741,24.7228562249986,844
"6588",118360,-20.2166786193848,-43.920711517334,0.0003740661613846,8.13187307358021e-06,1.0786988241307e-05,3889.29194100152,16.5293563321429,988
"6589",118361,-20.2096862792969,-43.8854637145996,0.0004161806300544,9.04740500118351e-06,1.76949051819975e-05,7617.61580217611,4.36271536585973,705
"6590",118362,-20.2026996612549,-43.8501434326172,0.0003960504145652,8.60979162098374e-06,1.07996056613047e-05,11359.5986992011,89.1161904643058,1227
"6591",118363,-20.1957187652588,-43.814754486084,0.0010256452333123,2.22966355067911e-05,1.62652759172488e-05,15110.0805939327,186.29681409032,987
"6592",118364,-20.1887397766113,-43.7792930603027,0.0018075227490044,3.92939728044439e-05,2.66134793491801e-05,18868.5547344591,31.1077287519212,892
"6593",118365,-20.1817665100098,-43.7437553405762,0.0011966593338002,2.60143333434826e-05,2.54530677921139e-05,22634.9747628615,5.87183475673474,621
"6594",118366,-20.1747951507568,-43.7081413269043,0.0013938147967564,3.03003216686193e-05,1.60547133418731e-05,26409.2934550462,4.00501740577118,803
"6595",118367,-20.1678256988525,-43.6724472045898,0.0002643789302965,5.74736804992426e-06,1.07219329947839e-05,30191.8238655156,2.62498734978069,617
"6596",118368,-20.1608619689941,-43.6366767883301,0.0011149617712362,2.42382993747015e-05,1.80864262802061e-05,33982.0475053794,1.29768283077703,1115
"6597",118369,-20.1538982391357,-43.6008186340332,0.0005936749512329,1.29059772007167e-05,1.60603813128546e-05,37781.2386166336,0.328001911969811,946
"6598",118371,-20.1399803161621,-43.5288467407227,0.0003957634562539,8.60355339682428e-06,1.16517394417315e-05,45405.4676653784,0.227572891377332,577
"6599",118372,-20.1330242156982,-43.4927291870117,0.0007510721916332,1.6327656339854e-05,9.28047938941745e-06,49230.9223872034,0.0573526926818593,1042
"6600",118373,-20.126070022583,-43.4565200805664,0.0003330066065245,7.23927405488212e-06,1.07714095065603e-05,51971.3791131839,0.133984769062163,527
"6601",118374,-20.1191158294678,-43.4202194213867,0.0001861874970927,4.04755428462522e-06,1.03095953818411e-05,54546.0773856685,30.1264426876087,1227
"6602",118375,-20.1121616363525,-43.3838233947754,0.000556554452487,1.20990098366747e-05,1.04428108897991e-05,57268.9082238248,37.841826255719,924
"6603",118376,-20.1052093505859,-43.3473281860352,0.0004885986745648,1.06217103166273e-05,8.22062065708451e-06,60121.6833846741,4.0214094043101,1074
"6604",118377,-20.0982570648193,-43.310733795166,0.0007584593913634,1.64882476383355e-05,8.55279904499184e-06,63088.7849911904,2.5601145386628,1058
"6605",118378,-20.0913047790527,-43.274040222168,0.0003971419355366,8.633520337753e-06,8.91120998858241e-06,66156.603184088,3.72300303012269,683
"6606",118379,-20.0843524932861,-43.2372398376465,4.76587749744795e-05,1.03606032553216e-06,7.84845906309783e-06,69314.007441351,5.71398119211768,422
"6607",118380,-20.0774002075195,-43.2003326416016,0.0008521538948116,1.85250846698182e-05,1.51562580867903e-05,72551.0513221956,12.2367201487687,834
"6608",118381,-20.0704460144043,-43.1633186340332,0.0008426787062489,1.83191023097606e-05,1.19678752525942e-05,75859.3623824412,10.4033778976218,993
"6609",118383,-20.0565338134766,-43.0889587402344,0.0001670171841396,3.63080835086294e-06,1.32618924908456e-05,82662.3557487874,7.67591080139745,1197
"6610",118384,-20.0495758056641,-43.0516052246094,0.0003931604987883,8.54696736496408e-06,9.70622113527497e-06,84800.3327568829,7.41829230019879,699
"6611",118385,-20.0426139831543,-43.0141334533691,0.0005042079264967,1.09610418803641e-05,1.22979172374471e-05,81752.0865018897,10.9784830490514,1031
"6612",118386,-20.0356521606445,-42.9765434265137,0.0007897294381109,1.71680312632816e-05,1.35753498398117e-05,78778.0863334646,21.9969411727128,909
"6613",118387,-20.0286846160889,-42.9388275146484,0.0010751808731583,2.33734972425736e-05,1.36225653477595e-05,75887.9820874474,19.6973446192271,791
"6614",118388,-20.0217170715332,-42.9009895324707,3.30426570371856e-05,7.18318631243164e-07,7.99080407887232e-06,73094.5927182365,11.4257999277879,724
"6615",118389,-20.0147438049316,-42.8630218505859,0.0009120550093939,1.9827282812912e-05,1.37508923216956e-05,70410.6040965061,6.77982711172952,995
"6616",118390,-20.0077686309814,-42.8249282836914,0.0004500221730268,9.78309071797412e-06,9.82456185738556e-06,67851.9230775865,6.11911288482645,917
"6617",118391,-20.0007877349854,-42.7866973876953,0.0007417318847728,1.6124606190715e-05,1.34210022224579e-05,65434.7505156007,5.77824572616264,818
"6618",118392,-19.993803024292,-42.7483329772949,0.0006705578980472,1.45773456097231e-05,8.50226388138253e-06,63178.3789003092,7.28182588341298,1021
"6619",118395,-19.9728221893311,-42.6324043273926,0.000780385449616,1.69649010786088e-05,1.35999525809893e-05,57584.5920114148,2.68716149709152,1131
"6620",118396,-19.9658164978027,-42.5934715270996,0.0011237139369768,2.44285638473229e-05,1.30094358610222e-05,56186.7078835649,1.35188526372801,1022
"6621",118397,-19.9588050842285,-42.5543899536133,0.0001667183964855,3.62431296707655e-06,8.49810294312192e-06,55059.85544225,2.30803857507444,896
"6622",118398,-19.9517879486084,-42.5151596069336,0.0004330673673393,9.41450798563892e-06,9.15288637770573e-06,54224.4249220043,3.157748933705,926
"6623",118679,-20.9637336730957,-47.4742317199707,0.0009562862505845,2.07888315344462e-05,1.23870058814646e-05,40661.325238723,3.18305565701329,549
"6624",118680,-20.9544277191162,-47.4370880126953,0.0007667839854548,1.66692170751048e-05,1.34898600663291e-05,44486.5356047453,3.07776480923038,519
"6625",118682,-20.9359607696533,-47.3631362915039,0.0013067898253211,2.84084744635038e-05,2.87304465018678e-05,39631.2894717697,2.90959031909346,898
"6626",118683,-20.9267959594727,-47.3263244628906,0.0004950773054588,1.07625501186703e-05,1.50834339365247e-05,35763.1158988074,2.54815855121669,1125
"6627",118684,-20.9176769256592,-47.2896156311035,3.85539489116127e-05,8.38129324165493e-07,1.63564418471651e-05,31926.3315037423,1.95875319477867,719
"6628",118687,-20.8905830383301,-47.1800956726074,0.0006858228334749,1.49091920320643e-05,1.35035934363259e-05,20710.9926857561,7.1703819500149,253
"6629",118689,-20.8727340698242,-47.1075668334961,0.000371698912204,8.08041113486979e-06,1.32551649585366e-05,13783.1792520296,10.5605333437814,479
"6630",118690,-20.8638725280762,-47.0714416503906,9.66362758845207e-05,2.10078860618523e-06,1.30934404296568e-05,10774.6392862424,5.89588214042357,784
"6631",118694,-20.8288269042969,-46.9278182983398,0.0009375136796734,2.03807321668137e-05,1.46376114571467e-05,10907.8519061459,5.43610870352123,1012
"6632",118700,-20.7773971557617,-46.714786529541,0.0016720290586818,3.63484577974305e-05,2.38412376347696e-05,31542.8504257404,8.74474151672837,770
"6633",118701,-20.7689514160156,-46.6795387268066,0.0006723503101966,1.46163110912312e-05,2.19947960431455e-05,35215.6196369712,30.1554092503158,689
"6634",118702,-20.7605381011963,-46.6443557739258,0.0001697227985459,3.68962605534762e-06,1.65693654707866e-05,38900.359402633,158.455647774254,1042
"6635",118704,-20.7438163757324,-46.5741882324219,9.68845247371064e-05,2.10618532037188e-06,1.3694883818971e-05,46286.3684651355,83.4167656393,732
"6636",118705,-20.7355041503906,-46.5391998291016,0.0001742550266499,3.78815275325906e-06,1.22878482216038e-05,49982.2960335259,18.6415466068782,688
"6637",118708,-20.7107601165771,-46.4345855712891,0.0002644084042913,5.74800878894166e-06,1.1356197319401e-05,61064.480852107,4.69057225857337,1071
"6638",118710,-20.6944198608398,-46.365119934082,0.0005751511835114,1.25032865980756e-05,1.05276694739587e-05,68440.0680551359,59.7024978792323,847
"6639",118713,-20.670129776001,-46.261302947998,2.92141525903844e-06,6.35090273704009e-08,1.51032418216346e-05,79477.4615564453,4.26678461686612,959
"6640",118714,-20.6620903015137,-46.2267913818359,9.93577673398249e-05,2.15995146390924e-06,1.20364429676556e-05,76255.8562524562,4.04701721474475,1044
"6641",118715,-20.6540794372559,-46.192325592041,0.0004314109246479,9.37849836191162e-06,1.78346926986706e-05,72823.2874013043,4.11822900345301,715
"6642",118716,-20.6460952758789,-46.157901763916,0.000419352985773,9.11636925593484e-06,1.44272189572803e-05,69421.8280103224,4.58572600568097,1173
"6643",118721,-20.6065731048584,-45.9863624572754,0.0005996650543238,1.30361968331272e-05,1.15916764116264e-05,51272.5488796859,18.1462259066794,1065
"6644",118722,-20.5987453460693,-45.9521598815918,0.0002352806923227,5.11479765918921e-06,1.23935151350452e-05,47644.4907730373,5.18358537877937,919
"6645",118725,-20.5754051208496,-45.8497276306152,0.0004828698001801,1.04971695691347e-05,2.22820344788488e-05,36813.1620087856,1.94220665526656,974
"6646",118726,-20.5676708221436,-45.8156394958496,0.0002808656245179,6.10577444604132e-06,1.04656273833825e-05,33225.6545177392,2.62655779667802,636
"6647",118727,-20.5599613189697,-45.7815742492676,0.0004951815626554,1.07648165794672e-05,1.0660423868103e-05,29654.0746989183,5.71971746355155,488
"6648",118728,-20.5522727966309,-45.7475318908691,0.0004837931373913,1.05172421172028e-05,1.0193461093877e-05,26103.5348568699,3.6998640224274,877
"6649",118729,-20.5446071624756,-45.713508605957,0.00069862780947,1.5187561075436e-05,9.93870526144747e-06,22582.3371629507,2.955785281459,1250
"6650",118730,-20.5369625091553,-45.6795043945312,0.0006565763051185,1.42733979373588e-05,1.23393037938513e-05,19105.1630000037,1.6502925847858,992
"6651",118731,-20.5293388366699,-45.6455230712891,0.0006073846889194,1.32040149765089e-05,9.47970784181962e-06,15699.896695616,3.78361906145441,666
"6652",118732,-20.5217361450195,-45.6115531921387,0.0004919505099678,1.06945763036492e-05,1.06595252873376e-05,12422.4192168556,14.4411794129821,1045
"6653",118733,-20.5141544342041,-45.5775985717773,0.0006196946105774,1.34716219690745e-05,1.24414391393657e-05,9405.53385254609,13.4556049871267,498
"6654",118734,-20.506591796875,-45.5436553955078,0.001709901196591,3.71717651432846e-05,1.64918856171425e-05,6991.40042813455,11.9308863170408,804
"6655",118735,-20.4990501403809,-45.5097274780273,0.0016175652999663,3.51644630427472e-05,1.25568976727664e-05,5960.61765151867,31.0929637347711,992
"6656",118736,-20.491527557373,-45.4758071899414,0.0011815883954113,2.56867042480735e-05,1.6284262528643e-05,6955.02368500535,164.930873641701,820
"6657",118737,-20.4840221405029,-45.44189453125,0.000481028606373,1.04571436168044e-05,1.02336534837377e-05,9347.76756602594,1710.09088787768,705
"6658",118738,-20.4765377044678,-45.4079895019531,0.0004439712392922,9.6515486802673e-06,1.03092434073915e-05,12350.3329021433,703.768848559717,979
"6659",118739,-20.4690704345703,-45.3740882873535,0.0002649334555826,5.75942294744891e-06,9.69681241258513e-06,15614.2246462503,64.4484500157082,798
"6660",118741,-20.4541893005371,-45.3062934875488,0.0005473712426464,1.18993748401408e-05,9.47141961660236e-06,19794.4686440229,3.5465596241488,617
"6661",118742,-20.4467735290527,-45.2723999023438,0.0006932770138519,1.50712394315633e-05,1.07351288534119e-05,16393.1807070522,5.18928961514739,777
"6662",118743,-20.4393749237061,-45.2385025024414,0.0008695240976521,1.89026977750473e-05,2.74963949777884e-05,13103.948631935,5.91849628463347,601
"6663",118744,-20.4319934844971,-45.2046012878418,0.0010640666878316,2.31318845180795e-05,1.62837659445358e-05,10037.490476823,5.62431242143701,1111
"6664",118746,-20.4172782897949,-45.1367874145508,0.0001938064306159,4.21318327425979e-06,1.99251335288864e-05,6083.53069673613,4.06185526448108,974
"6665",118751,-20.3807563781738,-44.9670791625977,0.0004206948160572,9.1455394795048e-06,1.466173944209e-05,18277.7180721661,22.5812223192187,889
"6666",118752,-20.3734931945801,-44.9330978393555,0.0010928988231171,2.37586700677639e-05,1.09494476419059e-05,21723.0067249974,36.8762580553967,399
"6667",118753,-20.3662452697754,-44.899097442627,0.0008228223960031,1.78874433913734e-05,1.1163976523676e-05,22921.9164255456,8.37287987234976,1058
"6668",118754,-20.3590106964111,-44.8650779724121,9.76508067651594e-05,2.12284362532955e-06,1.95038519450463e-05,22561.4487062889,15.3102215823535,538
"6669",118755,-20.3517875671387,-44.8310356140137,0.0003120767023574,6.78427613820531e-06,1.1651795830403e-05,22779.7902481721,11.0878795310761,1244
"6670",118756,-20.3445777893066,-44.7969741821289,0.0002661296311998,5.78542676521465e-06,8.29825694381725e-06,23561.7814866719,4.18588924627627,1050
"6671",118759,-20.32301902771,-44.694637298584,0.0004466392110771,9.70954806689406e-06,1.59030005306704e-05,28677.3897051624,23.1389710291007,927
"6672",118760,-20.3158569335938,-44.6604690551758,0.0008678314661665,1.88659014384029e-05,1.02146977951634e-05,31056.5007450541,7.06903695763324,1026
"6673",118761,-20.3087043762207,-44.6262702941895,0.0008360533538507,1.81750729097985e-05,1.26631293824175e-05,33663.5658833017,8.08825502559217,424
"6674",118762,-20.3015632629395,-44.5920372009277,0.0004929605747747,1.07165342342341e-05,1.09732891360181e-05,36451.0081691675,9.75053458209623,869
"6675",118764,-20.2873115539551,-44.5234718322754,0.0004441532291821,9.65550498222001e-06,9.34085346671054e-06,37259.3488315611,3.27538104421073,963
"6676",118765,-20.280200958252,-44.4891357421875,0.000663504764816,1.44240166264353e-05,9.82223809842253e-06,33808.6007677882,11.8446131342429,687
"6677",118766,-20.273099899292,-44.4547576904297,0.0015107500366866,3.28423921018839e-05,1.81229806912597e-05,30401.1142180155,15.1004705635214,1061
"6678",118767,-20.2660083770752,-44.420337677002,0.0008809762402961,1.91516573977424e-05,1.35990094349836e-05,27054.8698669841,22.6829701426065,1063
"6679",118768,-20.2589244842529,-44.3858795166016,0.0004732560064439,1.02881740531302e-05,1.25846945593366e-05,23797.7281649096,14.6608016239971,823
"6680",118769,-20.2518501281738,-44.351375579834,0.0007492517906939,1.62880824063905e-05,1.0822437616298e-05,20673.4146770132,25.2253699981082,769
"6681",118770,-20.2447834014893,-44.3168258666992,0.0013629605236928,2.96295766020194e-05,1.6027437595767e-05,17598.4163217379,47.2603744942992,1045
"6682",118771,-20.2377243041992,-44.2822265625,0.000605747281952,1.31684191728709e-05,1.76344783540117e-05,14511.5858010098,7.56633314874493,813
"6683",118772,-20.2306728363037,-44.2475814819336,0.0011243951230426,2.44433722400572e-05,1.00537863545469e-05,11765.4456809093,6.00187363809269,1234
"6684",118773,-20.2236309051514,-44.2128829956055,0.001336906432698,2.90631833195221e-05,1.21256998681929e-05,9660.31611998162,12.1064901153859,824
"6685",118774,-20.2165946960449,-44.1781349182129,0.0021646111781592,4.70567647425923e-05,1.76224912138423e-05,8682.19475008777,12.1501316629614,1068
"6686",118775,-20.209566116333,-44.1433296203613,0.0010817981928994,2.35173520195531e-05,1.09056045403122e-05,9204.42358981545,13.4846173988289,674
"6687",118776,-20.202543258667,-44.1084671020508,0.0017921443941304,3.89596607419662e-05,1.35983991640387e-05,11021.1648785179,48.2414840881342,1019
"6688",118777,-20.1955261230469,-44.0735473632812,0.0016657048472552,3.62109749403317e-05,1.3034681614954e-05,12658.4628884925,30.1983211712608,878
"6689",118778,-20.1885166168213,-44.0385665893555,0.0014373658559634,3.12470838252921e-05,1.2989705282962e-05,9556.64476264379,53.5147894935498,426
"6690",118779,-20.181510925293,-44.0035285949707,0.0009428038538317,2.04957359528635e-05,1.16859018817195e-05,7064.76172391853,61.9805392933129,1139
"6691",118780,-20.1745128631592,-43.9684219360352,0.0005303950165398,1.15303264465183e-05,1.38709056045627e-05,6008.36170984712,44.2136167329117,1055
"6692",118782,-20.160530090332,-43.8980140686035,0.0015928029606584,3.46261513186619e-05,1.3510494682123e-05,9587.09742860275,5.90933968006735,910
"6693",118783,-20.1535453796387,-43.8627090454102,0.0003067673460463,6.66885534883477e-06,1.41363898364943e-05,12721.3528430779,4.09134988966911,1015
"6694",118784,-20.1465644836426,-43.8273277282715,0.0001563996115692,3.39999155585247e-06,2.16735679714475e-05,16124.2193367725,2.90605861305064,60
"6695",118785,-20.1395893096924,-43.791877746582,0.0001826306615839,3.97023177356459e-06,1.54363660840318e-05,19660.2772974301,32.196480418221,504
"6696",118786,-20.1326160430908,-43.7563514709473,0.0001953605406015,4.24696827394655e-06,1.04281161839026e-05,23273.09560142,65.5382623750175,821
"6697",118787,-20.1256465911865,-43.7207489013672,0.000588020964642,1.27830644487403e-05,1.12690704554552e-05,26934.9421904455,5.27171863065516,935
"6698",118788,-20.1186809539795,-43.6850662231445,0.0011425132834119,2.48372452915646e-05,1.36685312099871e-05,30631.431531242,4.85915684008669,678
"6699",118789,-20.1117191314697,-43.6493072509766,0.0004028858293168,8.75838759384351e-06,9.01949169929139e-06,34353.6727394004,1.54593630969382,1079
"6700",118790,-20.10475730896,-43.6134605407715,0.0003798872858169,8.25841925689019e-06,1.3299545571499e-05,38097.6643604056,0.654490692068079,505
"6701",118791,-20.0977993011475,-43.5775299072266,0.0006239133872441,1.35633345053066e-05,1.58762632054277e-05,41483.123886035,0.96802611489389,775
"6702",118792,-20.0908451080322,-43.5415115356445,0.0003636009059846,7.90436752140522e-06,1.19760115921963e-05,44465.6632146968,1.85317637025633,975
"6703",118793,-20.083890914917,-43.5054054260254,0.0004712805166491,1.02452286228072e-05,1.16439623525366e-05,47575.813773933,2.95643007742875,770
"6704",118794,-20.0769367218018,-43.4692115783691,0.0011461868853075,2.49171062023379e-05,1.64198700076668e-05,50792.1516841036,5.73071576630151,675
"6705",118795,-20.0699863433838,-43.432918548584,0.0013833728444296,3.00733227049932e-05,1.70752628037008e-05,54098.8950094851,31.4841999419451,1106
"6706",118796,-20.0630359649658,-43.3965339660645,0.0006119504596426,1.33032708617975e-05,9.0756147983484e-06,57481.5700016183,154.459912422809,822
"6707",118797,-20.0560855865479,-43.3600540161133,0.0007086256227921,1.5404904843308e-05,9.07820231077494e-06,60929.6792677645,4.64694297160224,639
"6708",118798,-20.0491352081299,-43.3234710693359,0.0005833493887621,1.2681508451351e-05,7.58923533794587e-06,64435.2332014708,3.50658430561689,1061
"6709",118799,-20.0421848297119,-43.2867851257324,0.0001849834352469,4.0213790271082e-06,8.21152298158268e-06,67991.1359919706,4.72951137248309,1211
"6710",118800,-20.0352344512939,-43.25,0.0007947364611027,1.72768795891898e-05,8.75401292432798e-06,71586.5271401744,6.49675432151759,1024
"6711",118801,-20.028284072876,-43.2131042480469,0.0006915931262483,1.50346331793116e-05,9.6271314760088e-06,75221.0144839124,10.3408975859041,881
"6712",118802,-20.021333694458,-43.1761016845703,0.0004406988518894,9.58040982368402e-06,9.27856308408082e-06,78759.6658735715,9.05077864255066,946
"6713",118803,-20.0143795013428,-43.138988494873,0.0012939055268361,2.81283810181776e-05,2.01325310626999e-05,82001.2336907574,9.01807037893822,449
"6714",118804,-20.0074253082275,-43.1017646789551,0.0005335913028829,1.15998109322391e-05,1.09176171463332e-05,84830.8023177416,33.4812221925906,633
"6715",118805,-20.0004692077637,-43.0644226074219,9.99922217488347e-05,2.17374395106162e-06,1.00945972008049e-05,81590.0745384558,8.11352378398506,882
"6716",118806,-19.9935111999512,-43.0269622802734,0.0005369971495383,1.1673851076921e-05,8.86409907252528e-06,78406.1696368949,7.589779675632,974
"6717",118807,-19.98655128479,-42.9893836975098,0.0003203960877726,6.96513234288432e-06,8.00324323790846e-06,75288.2033801245,12.3656394956314,1052
"6718",118808,-19.9795875549316,-42.9516830444336,0.0001823089160097,3.96323730456061e-06,8.3775403254549e-06,72246.2972403626,12.6604388740595,640
"6719",118809,-19.9726219177246,-42.9138565063477,0.0001939467092597,4.21623280999484e-06,8.63275727169821e-06,69292.5717447628,15.5408689096377,554
"6720",118810,-19.9656524658203,-42.8759002685547,0.0001282518524021,2.78808374787332e-06,9.09815753402654e-06,66440.7170827525,12.6299935398907,894
"6721",118811,-19.9586791992188,-42.8378143310547,0.0007154889426601,1.55541074491339e-05,9.02215106179938e-06,63706.9264137714,8.42291057796736,945
"6722",118812,-19.9517021179199,-42.7995986938477,0.0007345927770074,1.5969408195815e-05,8.46928469400154e-06,61109.673472275,10.1876523417954,957
"6723",118813,-19.9447212219238,-42.7612457275391,0.0003015172515006,6.55472285870928e-06,9.7940610430669e-06,58669.5123449465,17.1727526158739,703
"6724",118814,-19.9377346038818,-42.7227592468262,0.0009538725207676,2.07363591471221e-05,1.04207247204613e-05,56409.8104208324,68.9282682239223,1031
"6725",118815,-19.9307422637939,-42.6841278076172,0.0007525284454459,1.63593140314333e-05,1.38895647978643e-05,54355.8043610399,111.408154428091,815
"6726",118816,-19.9237461090088,-42.6453552246094,0.0010017741842602,2.17776996578323e-05,1.22409983305261e-05,52535.3960782071,4.22719884319087,616
"6727",118817,-19.9167442321777,-42.6064338684082,1.60541727609598e-05,3.49003755673039e-07,9.10373819351662e-06,50976.7680416945,2.01860099630476,1085
"6728",118818,-19.9097366333008,-42.5673675537109,0.0009300327656092,2.02181036002003e-05,9.95099799183663e-06,49708.3767573682,1.67735995049498,778
"6729",118819,-19.9027214050293,-42.528148651123,0.0011256457073614,2.44705588556826e-05,1.04579030448804e-05,48756.4479665874,2.25841481137161,1082
"6730",119101,-20.9145050048828,-47.4854774475098,0.0004401753485581,9.56902931648074e-06,1.15693655970972e-05,42921.5720890477,3.5474470978153,874
"6731",119103,-20.8959445953369,-47.4113311767578,0.0002775234952423,6.03311946179019e-06,2.01575294340728e-05,44589.0487925899,3.52089247815808,860
"6732",119105,-20.8775691986084,-47.3376235961914,0.0003320443402117,7.21835522199399e-06,1.94656568055507e-05,37111.871844869,2.73124419976688,19
"6733",119110,-20.8324108123779,-47.1551475524902,0.0001992646839426,4.33184095527395e-06,1.27485418488504e-05,20080.4257348667,4.62535785443428,535
"6734",119117,-20.770938873291,-46.9035720825195,1.48680984324301e-06,3.23219531139785e-08,1.61957796080969e-05,17756.0374338449,4.07336358481578,1127
"6735",119119,-20.7537231445312,-46.8324394226074,0.0003891802753059,8.4604407675215e-06,2.36501709878212e-05,23531.3309807205,140.485938797021,1002
"6736",119120,-20.7451725006104,-46.7969856262207,0.0011760458619392,2.55662143899826e-05,2.81044030998601e-05,26755.3118480729,39.2466643953758,884
"6737",119121,-20.7366561889648,-46.7616081237793,0.002120385877788,4.60953451693058e-05,2.35957595577929e-05,30105.1321996377,382.940278661973,1002
"6738",119122,-20.7281742095947,-46.7262992858887,0.0001268778810299,2.75821480499872e-06,1.2138413694629e-05,33540.8166149162,196.840838455829,410
"6739",119124,-20.7113170623779,-46.6558952331543,0.0009855918942776,2.14259107451653e-05,1.53526543726912e-05,40572.4274899285,262.363780486322,919
"6740",119125,-20.7029399871826,-46.6207885742188,0.0014352776997839,3.12016891257372e-05,2.34392427955754e-05,44139.7850777268,1585.22420680629,926
"6741",119126,-20.6945953369141,-46.585750579834,0.0001613048248145,3.50662662640389e-06,1.72612926689908e-05,47728.6036954029,998.098504673289,1115
"6742",119127,-20.6862850189209,-46.5507736206055,0.0004325753670855,9.40381232794607e-06,1.19171836558962e-05,51333.2595838658,2.81434270084463,532
"6743",119128,-20.6780052185059,-46.5158538818359,0.0002569834468886,5.58659667149186e-06,1.23064191939193e-05,54949.7391369787,75.5274567648351,1089
"6744",119131,-20.653356552124,-46.4114456176758,0.0004935646138619,1.07296655187383e-05,1.06551433418645e-05,65838.3188885572,1.77437931833974,793
"6745",119132,-20.6452007293701,-46.3767547607422,0.0009473505051573,2.05945761990733e-05,1.34825522764004e-05,69474.4952211687,1.45492156336523,774
"6746",119133,-20.637077331543,-46.3421096801758,0.0008913264027796,1.93766609299928e-05,1.27817220345605e-05,73112.3862498346,1.34473057172727,1001
"6747",119134,-20.6289806365967,-46.3075180053711,0.0005387583514675,1.17121380753815e-05,1.38293298732606e-05,76750.4939581327,1.40094238025443,824
"6748",119135,-20.6209144592285,-46.2729721069336,0.0001195318695863,2.59851890405116e-06,1.00204733826104e-05,77850.6240897799,1.1647583694593,932
"6749",119137,-20.6048641204834,-46.2040176391602,0.0005767361690232,1.25377428048523e-05,1.29109466797672e-05,70793.2239199979,2.23874910713315,1049
"6750",119139,-20.5889263153076,-46.1352348327637,0.0002300020232723,5.00004398418241e-06,1.52090988194686e-05,63828.8316654224,3.58623413316684,812
"6751",119143,-20.5573635101318,-45.9981269836426,0.0001877326330941,4.08114419769845e-06,1.19272308438667e-05,50291.3225539096,4.28612597283169,670
"6752",119144,-20.5495357513428,-45.9639358520508,0.0006743889316567,1.46606289490592e-05,1.27300982057932e-05,47022.5494922466,2.88530599598724,1114
"6753",119145,-20.5417327880859,-45.9297752380371,0.0007296751173271,1.58625025505899e-05,1.35696500365157e-05,43527.4840406393,2.11618773506836,977
"6754",119146,-20.5339527130127,-45.8956413269043,0.0006111396633059,1.32856448544771e-05,1.14819740701932e-05,39882.4931665713,2.7253165199417,851
"6755",119148,-20.5184650421143,-45.8274574279785,0.00026571264425,5.77636183152208e-06,1.01835375971859e-05,32602.9588584566,4.75281584751683,943
"6756",119149,-20.5107555389404,-45.7934036254883,0.0012208065054437,2.65392718574731e-05,1.17676054287585e-05,28968.000745894,7.2849967880972,193
"6757",119150,-20.5030689239502,-45.7593727111816,0.0005195334833842,1.12942061605281e-05,1.07021733128931e-05,25336.0172519796,7.53971263638288,535
"6758",119151,-20.4954032897949,-45.7253646850586,0.0007637075614184,1.66023382917047e-05,1.07164260043646e-05,21706.989974006,4.91468199498756,1066
"6759",119152,-20.4877605438232,-45.6913719177246,0.0012053315076627,2.62028588622343e-05,1.16189157779445e-05,18080.2668766621,2.08246743259346,920
"6760",119154,-20.4725360870361,-45.6234397888184,0.0005249279147392,1.14114764073747e-05,1.15559605546878e-05,10834.9540174988,2.71061506628266,655
"6761",119155,-20.4649543762207,-45.5894966125488,0.0006952699077373,1.51145632116823e-05,1.31305869217613e-05,7217.14943977124,9.9703174895449,484
"6762",119156,-20.4573936462402,-45.5555686950684,0.0014883971598465,3.2356459996663e-05,1.24071439131512e-05,3607.2892013902,88.3863748747583,894
"6763",119157,-20.4498519897461,-45.5216484069824,0.0005628829312627,1.22365854622331e-05,1.05775534393615e-05,356.288722500585,26.7620082606333,1103
"6764",119158,-20.4423294067383,-45.4877395629883,0.0010548302198003,2.29310917347902e-05,1.11567305793869e-05,3660.63170764989,35.6849121062428,931
"6765",119159,-20.4348278045654,-45.4538383483887,0.000941730238992,2.04723964998266e-05,1.05455001175869e-05,7266.48361476223,506.112188542087,669
"6766",119160,-20.4273433685303,-45.4199447631836,0.0007434630897478,1.61622410814743e-05,1.13998476081179e-05,10876.81431661,293.534626502144,1169
"6767",119161,-20.4198760986328,-45.3860549926758,0.0004501967996475,9.78688694885932e-06,1.03298725662171e-05,14487.7583669836,32.515522808128,489
"6768",119162,-20.4124279022217,-45.3521690368652,0.0007699751258769,1.67385896929773e-05,1.09502507257275e-05,18098.4108876025,3.22351232424054,876
"6769",119163,-20.4049968719482,-45.318286895752,0.0001458529941373,3.1707172638562e-06,9.5537216111552e-06,21708.5279917137,3.76499149569618,985
"6770",119164,-20.3975830078125,-45.2844009399414,0.0003848438118438,8.36616982269334e-06,1.13955065899063e-05,19155.7552775953,5.28831076300321,578
"6771",119166,-20.3828067779541,-45.216625213623,0.0007275552488863,1.5816418454051e-05,1.03304282674799e-05,14122.5049014569,4.46592166657252,739
"6772",119167,-20.3754425048828,-45.182731628418,0.0004356134686531,9.46985801419942e-06,1.32952145577292e-05,12439.1197558726,2.96951718689564,1077
"6773",119168,-20.3680934906006,-45.1488304138184,0.0003124293652945,6.79194272379391e-06,1.11798117359285e-05,11663.6335308598,29.4143852759093,837
"6774",119169,-20.3607597351074,-45.1149253845215,0.0004151065550104,9.02405554370489e-06,1.1817685845017e-05,11974.1129033636,16.1568242886819,520
"6775",119170,-20.3534412384033,-45.0810050964355,0.0006356857065839,1.38192544909543e-05,1.3594037227449e-05,13295.0178773018,5.76348244680432,1038
"6776",119171,-20.3461399078369,-45.0470771789551,0.00042223206583,9.17895795282675e-06,1.34569936562912e-05,15368.2384916392,4.54299869187113,793
"6777",119172,-20.3388500213623,-45.0131378173828,0.0004780121762451,1.03915690488066e-05,1.10321689135162e-05,17935.7003236648,3.59612601440178,1089
"6778",119173,-20.3315753936768,-44.9791831970215,0.0007717193002463,1.67765065270942e-05,1.05974841062562e-05,20385.9597188495,3.89853540054068,980
"6779",119175,-20.3170680999756,-44.9112205505371,0.0006349125633278,1.38024470288656e-05,1.13601472548908e-05,17434.6017337507,3.74614455595904,801
"6780",119176,-20.3098335266113,-44.8772125244141,0.0004165495047345,9.05542401596904e-06,1.23120607895544e-05,16955.0423521114,5.36124109592122,989
"6781",119177,-20.3026123046875,-44.8431854248047,0.0007579986850032,1.64782322826795e-05,1.18450843729079e-05,17240.690289021,8.48970779025375,440
"6782",119178,-20.2954044342041,-44.8091316223145,0.0002017539500229,4.38595543528209e-06,9.28289682633476e-06,18257.0626654491,7.04000928893999,621
"6783",119179,-20.2882080078125,-44.7750587463379,0.0006454506565205,1.40315360113163e-05,1.00200459201005e-05,19893.0593422584,7.71272187585084,933
"6784",119180,-20.2810230255127,-44.7409553527832,0.0010478044896444,2.27783584705321e-05,1.22405735965003e-05,22012.703071014,9.04706913107572,895
"6785",119181,-20.2738513946533,-44.7068290710449,8.26829018478747e-05,1.79745438799728e-06,1.11119343273458e-05,24491.4157242356,8.31072953101659,1070
"6786",119182,-20.2666893005371,-44.6726722717285,0.0006760849937563,1.4697499864269e-05,1.04290411400143e-05,27232.6455221232,7.11488757397558,626
"6787",119185,-20.2452697753906,-44.5700073242188,7.52428361465718e-05,1.6357138292733e-06,1.09733509816579e-05,36425.3907603308,7.36566578563068,545
"6788",119186,-20.2381496429443,-44.535717010498,0.0003386968865015,7.3629757935123e-06,1.52977008838207e-05,35978.3616788933,4.65787522527306,968
"6789",119189,-20.2168502807617,-44.4326210021973,0.0003521791786624,7.6560691013583e-06,1.72283980646171e-05,25239.3694671116,65.3751945333483,971
"6790",119190,-20.2097682952881,-44.3981704711914,0.0008863200491759,1.92678271559998e-05,1.24474536278285e-05,21700.6415874742,90.8411531073586,954
"6791",119191,-20.202693939209,-44.3636779785156,0.0001938448367582,4.21401819039602e-06,1.49388488352997e-05,18206.4496787173,34.7283926819037,704
"6792",119192,-20.195629119873,-44.3291397094727,0.0002635864793774,5.73014085603063e-06,1.39586809382308e-05,14791.2264973521,55.6325621580632,1063
"6793",119193,-20.1885738372803,-44.2945518493652,0.0006498269904113,1.41266737045953e-05,1.26017648653942e-05,11529.3126231879,46.4069130865915,865
"6794",119194,-20.1815242767334,-44.2599182128906,0.0008315113045682,1.80763327080058e-05,1.19574615382589e-05,8603.03813136075,10.7843259378728,1062
"6795",119195,-20.1744823455811,-44.2252311706543,0.0007626219812664,1.6578738723183e-05,1.04970304164453e-05,5330.93119727623,208.326399896811,596
"6796",119196,-20.1674480438232,-44.1904907226562,0.0008186608938558,1.7796975953388e-05,1.0232493877993e-05,3128.23755996855,305.282756978362,792
"6797",119197,-20.16042137146,-44.1556968688965,0.0019488135076244,4.23655110353138e-05,1.38469004014041e-05,4289.01150018624,37.5252334162225,1067
"6798",119198,-20.1534004211426,-44.1208457946777,0.0013576480923802,2.95140889647882e-05,1.20010763566825e-05,7373.54228231022,31.8219223264208,841
"6799",119199,-20.1463851928711,-44.0859375,0.0015198983965092,3.30412694893312e-05,1.25750693769078e-05,10477.5361795909,22.3832478141957,800
"6800",119200,-20.1393756866455,-44.0509719848633,0.0022772151423851,4.95046770083718e-05,1.55949564941693e-05,11272.4403942745,25.7376012585634,592
"6801",119201,-20.1323738098145,-44.015941619873,0.0009987257908505,2.17114302358823e-05,1.79977178049739e-05,12234.2836151273,28.3175315481307,1080
"6802",119202,-20.1253757476807,-43.9808464050293,0.0009922041936079,2.15696563827805e-05,1.32694503918174e-05,11618.4147788512,69.4498409483873,1009
"6803",119203,-20.1183834075928,-43.9456901550293,0.001220185564307,2.65257731371094e-05,1.38409786814009e-05,12166.1712794029,45.9788515672949,846
"6804",119204,-20.1113967895508,-43.9104614257812,0.0011549195551197,2.51069468504284e-05,1.25875731100678e-05,13744.4200736584,15.060849717575,998
"6805",119205,-20.1044139862061,-43.8751678466797,0.0021635532102664,4.70337654405739e-05,2.07794382731663e-05,16056.8366777585,7.27112793070354,454
"6806",119206,-20.0974349975586,-43.8398017883301,0.0011030937712348,2.39802993746707e-05,2.10277230507927e-05,18839.3059014974,59.9280680971345,643
"6807",119207,-20.090461730957,-43.8043594360352,0.0011941288794332,2.59593234659405e-05,2.00193808268523e-05,21917.3671869866,174.598637268318,948
"6808",119208,-20.0834903717041,-43.7688446044922,0.0009734004961501,2.11608803510899e-05,1.28471428979537e-05,24646.0567464856,117.683031459409,1099
"6809",119209,-20.0765247344971,-43.7332534790039,0.0008021318608371,1.74376491486328e-05,1.36197731990251e-05,26759.4998643261,21.1792101262297,644
"6810",119210,-20.0695610046387,-43.697582244873,0.0008474702699459,1.84232667379547e-05,1.48774279296049e-05,29216.1320427646,1.79988487503155,490
"6811",119211,-20.0625991821289,-43.6618309020996,0.0006237573361431,1.35599420900689e-05,8.98572216101456e-06,31939.7285511598,0.944330740506573,1037
"6812",119212,-20.0556411743164,-43.6259994506836,0.0002949317904494,6.41156066194526e-06,1.06327179310028e-05,34870.5155286295,2.18905381439935,987
"6813",119213,-20.0486850738525,-43.5900802612305,7.91408085660805e-05,1.72045236013219e-06,1.12669140435173e-05,37963.6021013484,4.60214361148742,705
"6814",119214,-20.0417308807373,-43.5540733337402,7.09767107309744e-05,1.54297197241249e-06,1.12579891720088e-05,41184.8936332735,7.24199054569112,1016
"6815",119215,-20.0347785949707,-43.5179786682129,0.0013136634370312,2.85579008050263e-05,1.14381900857552e-05,44508.8417914465,8.70466607722524,894
"6816",119216,-20.0278282165527,-43.4817962646484,0.0004406335447129,9.57899010245455e-06,9.52021036937367e-06,47916.2101078623,19.7024173847784,620
"6817",119217,-20.0208797454834,-43.4455146789551,0.000620086913841,1.3480150300893e-05,8.86649195308564e-06,51393.5512557692,9.71597434765838,1018
"6818",119218,-20.0139312744141,-43.4091415405273,0.0005544070554606,1.20523272926221e-05,8.52187167765805e-06,54928.0715365474,146.561678527437,697
"6819",119219,-20.0069828033447,-43.3726692199707,0.0005974238592898,1.29874752019532e-05,9.2409045464592e-06,58505.3873627423,288.449529676421,768
"6820",119220,-20.0000343322754,-43.3361015319824,0.0011304330873827,2.45746323344065e-05,1.30989428726025e-05,62126.5402254505,4.77319317884926,1077
"6821",119221,-19.9930877685547,-43.2994270324707,0.0010957310041703,2.38202392210951e-05,1.18663947432651e-05,65787.207487845,3.25072578735873,880
"6822",119222,-19.9861392974854,-43.2626533508301,0.0005856379011675,1.27312587210326e-05,9.18266778171528e-06,69482.1234072387,3.79720516224162,790
"6823",119223,-19.979190826416,-43.2257690429688,0.0008402925886912,1.82672301889397e-05,1.01345895018312e-05,73208.9194459778,6.32388808028706,946
"6824",119224,-19.9722423553467,-43.188777923584,0.0005984553445159,1.30098987938254e-05,1.01041123343748e-05,76964.2817274636,58.1496072548937,512
"6825",119225,-19.9652919769287,-43.1516761779785,0.0004714537626568,1.02489948403672e-05,8.30762382975081e-06,80746.1850702805,57.3840563516924,888
"6826",119226,-19.9583396911621,-43.1144638061523,0.0001033180346894,2.24604423237906e-06,9.7821057352121e-06,82011.1979547085,30.7924594450167,1041
"6827",119229,-19.9374732971191,-43.0021171569824,0.0007387978730548,1.60608233272796e-05,1.04093314803322e-05,72061.8970961548,10.0267971926701,471
"6828",119230,-19.9305114746094,-42.964427947998,0.000559295178391,1.21585908345878e-05,9.41731104830978e-06,68864.8669695162,16.4579217451097,652
"6829",119231,-19.923547744751,-42.9266128540039,0.0003034799601664,6.59739043840091e-06,8.20162858872209e-06,65745.6496857928,27.6865057014121,1098
"6830",119232,-19.9165802001953,-42.888671875,0.0005283860155032,1.14866525109392e-05,9.46474483498605e-06,62718.1449289709,9.88186559325772,949
"6831",119233,-19.909610748291,-42.8505973815918,0.0004803801784873,1.04430473584216e-05,7.76685192249715e-06,59798.6117236766,7.54000488536693,944
"6832",119234,-19.9026355743408,-42.8123931884766,0.0005941312647337,1.2915897059429e-05,8.5608280642191e-06,57006.3726613492,7.49666187577717,1124
"6833",119235,-19.8956565856934,-42.7740516662598,0.0004321770393289,9.39515302889049e-06,8.46540478960378e-06,54363.8311974904,6.2955095752345,661
"6834",119236,-19.8886737823486,-42.7355728149414,0.000430219748523,9.35260322876275e-06,8.41081782709807e-06,51897.1558272381,35.8917744127361,515
"6835",119237,-19.881685256958,-42.6969566345215,0.0003460376892689,7.52255846236949e-06,8.59214378579054e-06,49635.8333174176,9.35164843696116,897
"6836",119238,-19.8746910095215,-42.6581954956055,0.0004489632847253,9.76007140707225e-06,8.89096554601565e-06,47612.5358288371,13.6273330739418,1089
"6837",119239,-19.8676910400391,-42.6192893981934,0.0004817074914171,1.04719019873301e-05,9.01246312423609e-06,45862.7671662842,7.70505265722331,902
"6838",119240,-19.8606872558594,-42.5802307128906,0.0002358987258048,5.12823316967115e-06,9.51804304349935e-06,44423.1093317667,0.608838745844128,1050
"6839",119241,-19.8536739349365,-42.5410232543945,0.000465648870886,1.01228015410015e-05,9.09692971617915e-06,43328.32913881,1.03790360985084,806
"6840",119242,-19.8466567993164,-42.5016632080078,0.0002066335173367,4.49203298558132e-06,9.39340225158958e-06,42610.1584803752,1.58698221354563,1101
"6841",119523,-20.8653106689453,-47.4968452453613,0.0013945717073511,3.03167762467638e-05,1.53656583279371e-05,45650.0061230372,4.15199743784678,881
"6842",119525,-20.8467483520508,-47.4227256774902,0.000836275088659,1.81798932317179e-05,1.56267233251128e-05,46319.7137632946,3.83882110599279,791
"6843",119526,-20.8375377655029,-47.3858299255371,0.0008944657492975,1.94449075934244e-05,1.7341757484246e-05,42734.2352701621,2.73954829680462,969
"6844",119527,-20.8283729553223,-47.3490447998047,0.0010637279774528,2.31245212489739e-05,1.64711691468256e-05,39231.207389488,1.97585120371214,418
"6845",119528,-20.8192539215088,-47.3123588562012,0.0004158551400905,9.04032913240371e-06,1.36632424982963e-05,35829.5818971536,1.25673056873714,966
"6846",119530,-20.8011493682861,-47.2392997741699,0.0002575063645053,5.59796444576932e-06,1.25540191220352e-05,29453.8538320034,3.17373299869437,619
"6847",119531,-20.7921619415283,-47.2029190063477,0.0004586560244206,9.970783139579e-06,1.28503552332404e-05,26571.5369152635,3.9949715127434,891
"6848",119532,-20.7832164764404,-47.166633605957,0.0006881324734422,1.49594015965704e-05,1.29871614262811e-05,23985.2267747409,4.48216902951422,858
"6849",119533,-20.7743129730225,-47.1304397583008,0.0003196331317667,6.94854634275544e-06,1.26273316709558e-05,21794.4864264186,79.4348572820616,1043
"6850",119534,-20.7654514312744,-47.0943412780762,0.0007060727439238,1.53494074766058e-05,1.36068501888076e-05,20123.1151127054,169.579714381067,468
"6851",119536,-20.7478504180908,-47.0224075317383,0.0004613605615304,1.00295774245751e-05,2.48040250880877e-05,18828.4811547436,6.02132020061812,659
"6852",119537,-20.7391109466553,-46.9865684509277,0.000949362936808,2.0638324713218e-05,2.17121723835589e-05,19330.8700939754,4.24792970981045,971
"6853",119538,-20.7304077148438,-46.950813293457,0.001161385760497,2.5247516532545e-05,2.63078090938507e-05,20546.6786446953,3.46979462134161,1051
"6854",119539,-20.7217445373535,-46.9151420593262,0.0011814831341325,2.56844159594039e-05,3.82839207304642e-05,22354.5732749132,3.7641250423457,1106
"6855",119540,-20.7045307159424,-46.8440322875977,0.0020331592531874,4.41991141997278e-05,2.26052034122404e-05,27226.8554880807,58.1066586535962,704
"6856",119543,-20.6789817810059,-46.7379302978516,0.0010181121906498,2.21328737097792e-05,1.36552744152141e-05,36289.4582292717,3.61926709868613,606
"6857",119544,-20.6705360412598,-46.7027015686035,0.0014604070311179,3.17479789373465e-05,2.31482099479763e-05,39559.7232558364,3.57251179686974,868
"6858",119545,-20.6621246337891,-46.6675453186035,0.0011820039180747,2.56957373494515e-05,1.36179278342752e-05,42904.422046954,60.2438673044983,1050
"6859",119546,-20.6537475585938,-46.632453918457,0.0003133227683065,6.81136452840292e-06,1.22402625493123e-05,46306.040753925,30.6754476939283,591
"6860",119547,-20.6454029083252,-46.5974273681641,0.0007214755314635,1.56842506839894e-05,1.249073920917e-05,49751.3416388947,4.19548413163889,1100
"6861",119548,-20.637092590332,-46.5624580383301,0.0012974675919394,2.8205817216076e-05,2.4449816919514e-05,53230.8025675837,5.80991744524013,867
"6862",119549,-20.6288146972656,-46.5275535583496,0.0017060748068615,3.70885827578604e-05,2.52896916208556e-05,56736.2748612901,194.593969810767,89
"6863",119550,-20.6205673217773,-46.4927062988281,0.0007497357582906,1.62986034411006e-05,1.84353521035518e-05,60262.6226075224,109.907932954843,768
"6864",119551,-20.6123504638672,-46.4579162597656,0.0010399139937362,2.26068259507883e-05,1.63451568369055e-05,63805.2296748298,3.40939991985148,545
"6865",119552,-20.6041660308838,-46.4231834411621,0.0003221929555365,7.00419468557811e-06,1.20731183415046e-05,67360.3307807441,3.24200179764732,974
"6866",119553,-20.5960121154785,-46.388500213623,0.0012954358317074,2.81616485153791e-05,1.31412016344257e-05,70925.7961010798,2.72460603074318,810
"6867",119554,-20.5878868103027,-46.3538665771484,0.0011958569884882,2.5996891054092e-05,1.32877248688601e-05,74499.3712747548,1.33118203136097,1008
"6868",119556,-20.5717258453369,-46.2847518920898,3.29016828573003e-05,7.15253975158703e-07,1.12121870188275e-05,76362.4893611616,1.80167426284538,423
"6869",119557,-20.5636882781982,-46.2502670288086,0.000477292751384,1.03759293779149e-05,1.09489610622404e-05,72759.4597201604,3.10753790151789,947
"6870",119562,-20.5239086151123,-46.0784606933594,0.0001775145910869,3.85901284971624e-06,1.05161661849706e-05,54990.5870170106,9.885405931574,621
"6871",119563,-20.5160312652588,-46.0442123413086,0.0004054371602251,8.81385130924173e-06,1.42816788866185e-05,51501.4393966873,5.8150957113477,909
"6872",119564,-20.5081787109375,-46.0099983215332,0.0008837518580548,1.92119969142368e-05,1.76184985321015e-05,48042.086232101,269.24095374812,908
"6873",119565,-20.5003528594971,-45.9758186340332,0.0012097908038413,2.62998000835069e-05,1.68667684192769e-05,44618.5676330091,448.597163787541,1059
"6874",119566,-20.4925498962402,-45.9416694641113,0.0001451171483495,3.15472061629407e-06,1.12032030301634e-05,41238.1318289893,232.227689740503,644
"6875",119567,-20.4847717285156,-45.9075508117676,0.0015452824300155,3.35930963046849e-05,1.57989998115227e-05,37911.3760032114,52.8159913357264,524
"6876",119568,-20.4770164489746,-45.8734550476074,0.0006508017868327,1.41478649311466e-05,1.04758173620212e-05,34651.8535997291,4.44796797193601,1034
"6877",119569,-20.4692859649658,-45.8393898010254,0.0005139943386893,1.11737899715081e-05,1.0049263437395e-05,31480.1593479975,128.567321254435,975
"6878",119571,-20.4538898468018,-45.7713279724121,0.0008383388121728,1.82247567863669e-05,1.07981841210858e-05,25521.9669829856,11.776076278748,1035
"6879",119572,-20.4462261199951,-45.7373275756836,0.0010994010917784,2.39000237343134e-05,1.07704699985334e-05,22265.3334077711,4.41326672452074,681
"6880",119575,-20.423360824585,-45.635440826416,0.0014787721956963,3.21472216455732e-05,1.29754898807732e-05,11982.1851973981,26.522148259408,900
"6881",119576,-20.4157810211182,-45.6015090942383,0.0015247603296302,3.31469636876136e-05,1.34273350340663e-05,8872.62097298419,2.05848185808023,1064
"6882",119577,-20.4082202911377,-45.5675888061523,0.0019816617204924,4.30796026194002e-05,1.33566027216148e-05,6329.88785227906,43.6707843673547,710
"6883",119578,-20.4006805419922,-45.5336799621582,0.0004531440317805,9.85095721262041e-06,1.02130652521737e-05,5250.43514670835,10.9123274360072,694
"6884",119580,-20.3856563568115,-45.465892791748,0.0006363498650898,1.3833692719345e-05,1.06214529296267e-05,8994.54789833255,2.2928502257912,1091
"6885",119581,-20.3781719207764,-45.4320106506348,0.000941826881899,2.04744974325877e-05,1.14501808639034e-05,12111.1320000662,1.76815146079683,887
"6886",119582,-20.3707065582275,-45.3981323242188,0.0006042451750545,1.31357646750985e-05,9.96663584373891e-06,15443.566765855,2.78521680207127,997
"6887",119583,-20.363260269165,-45.3642578125,0.0003418156493353,7.43077498555067e-06,1.03675611171639e-05,18877.3860443932,3.36167521895419,776
"6888",119585,-20.3484172821045,-45.2965126037598,2.79097838529196e-05,6.0673443158521e-07,1.10665978354518e-05,22986.4026025434,8.82598352157725,1095
"6889",119587,-20.3336429595947,-45.228759765625,0.0006317881106951,1.37345241455478e-05,9.49664899962954e-06,19005.3355532457,10.7685687246021,959
"6890",119588,-20.3262786865234,-45.1948776245117,0.0006322231711237,1.37439819809515e-05,1.661821079324e-05,17793.24653837,6.98650540010798,805
"6891",119589,-20.3189315795898,-45.1609878540039,0.0014294019783847,3.10739560518414e-05,2.14251467696158e-05,17261.931779564,12.0185018682491,1021
"6892",119590,-20.3115997314453,-45.1270904541016,0.0011221888198633,2.43954091274645e-05,1.4931842997612e-05,17474.0241505729,5.7507053607839,423
"6893",119591,-20.3042831420898,-45.0931854248047,0.0004780463987117,1.03923130154726e-05,2.01660786842695e-05,18404.0681608696,6.23227519283031,1075
"6894",119592,-20.2969799041748,-45.0592651367188,0.0002806352713378,6.10076676821336e-06,9.31095837586327e-06,19952.5623985504,19.1393260948962,966
"6895",119593,-20.2896938323975,-45.0253372192383,0.0007583177321066,1.64851680892752e-05,1.26956610984053e-05,18775.1180356147,95.89436084179,1075
"6896",119594,-20.2824192047119,-44.9913940429688,0.0005676571327057,1.23403724501259e-05,1.11188637674786e-05,16042.7097225066,34.8836646032361,643
"6897",119595,-20.2751598358154,-44.9574317932129,0.0015993231354514,3.47678942489438e-05,2.44415623456007e-05,13724.4598981134,23.2327533649214,528
"6898",119596,-20.2679138183594,-44.923454284668,0.0010560252449067,2.29570705414517e-05,1.29076024677488e-05,12062.8177771082,8.87925804749416,1045
"6899",119597,-20.2606811523438,-44.8894577026367,0.0003438854810156,7.47577132642618e-06,1.50398172991117e-05,11351.1574489145,16.0864454542545,1113
"6900",119598,-20.2534618377686,-44.8554382324219,0.0001713477381599,3.72495082956448e-06,1.10675764517509e-05,11764.8428491858,26.2644456662056,700
"6901",119600,-20.2390594482422,-44.7873344421387,0.0005291747638693,1.15037992145517e-05,1.22089559226879e-05,15374.2914010188,11.719940852957,559
"6902",119601,-20.231876373291,-44.753246307373,0.0008850266240187,1.92397092177998e-05,1.55264006025391e-05,18023.8274565186,9.25062971032076,959
"6903",119602,-20.2247047424316,-44.7191276550293,0.0002572577286628,5.59255931875668e-06,1.03170714282896e-05,20970.8309481036,7.26275255456158,1067
"6904",119603,-20.2175445556641,-44.6849822998047,3.64281710290015e-05,7.91916761500033e-07,1.06317957033752e-05,24107.3384733606,5.47272845095777,819
"6905",119604,-20.2103958129883,-44.650806427002,6.37984594504815e-05,1.38692303153221e-06,1.38722334668273e-05,27369.625834,4.47147546717581,765
"6906",119606,-20.1961288452148,-44.5823554992676,0.001099331977457,2.38985212490661e-05,1.47615974128712e-05,34130.500790405,10.0248774380887,1129
"6907",119607,-20.1890106201172,-44.5480766296387,0.0006592249901586,1.43309780469281e-05,1.09045658973628e-05,34826.7155768958,15.9612014113236,853
"6908",119608,-20.1819019317627,-44.5137596130371,0.0021230073689366,4.61523341073189e-05,2.80714721156983e-05,31912.1688269755,13.8959216555211,957
"6909",119609,-20.1748046875,-44.4794044494629,0.0022820161611889,4.96090469823685e-05,2.96177731797798e-05,28262.1797656633,15.3222897150544,774
"6910",119610,-20.1677150726318,-44.445011138916,0.001658876586589,3.60625344910659e-05,2.36739379033679e-05,24608.5961667314,92.9347290776115,429
"6911",119611,-20.1606349945068,-44.410572052002,0.0012017062690574,2.61240493273363e-05,2.09690697374754e-05,20950.7427186338,39.3355707889884,943
"6912",119612,-20.1535625457764,-44.376091003418,0.0015862792715779,3.4484331990825e-05,3.0845887522446e-05,17289.0433530387,26.0054573552134,882
"6913",119613,-20.1464996337891,-44.3415641784668,0.0014395535836229,3.12946431222372e-05,3.36628072545864e-05,13623.3459839131,10.0247902768229,843
"6914",119614,-20.1394443511963,-44.3069877624512,0.0017027444337145,3.70161833416205e-05,2.07682260224828e-05,9953.67302690413,23.2263504462079,1039
"6915",119615,-20.132396697998,-44.2723655700684,0.0011693904707499,2.54215319728246e-05,1.14379827209632e-05,6281.93329327003,64.964771625427,490
"6916",119616,-20.1253566741943,-44.2376899719238,0.0012315407293499,2.67726245510858e-05,1.13832775241463e-05,2617.49327771824,367.032113381712,676
"6917",119618,-20.1112976074219,-44.1681785583496,0.0010226849481114,2.2232281480683e-05,1.12768839244382e-05,3866.63067450334,149.362516066911,947
"6918",119619,-20.1042785644531,-44.1333389282227,0.0009329807508038,2.0282190234866e-05,1.08054246084066e-05,5902.08452888523,48.9875023985377,1174
"6919",119620,-20.0972652435303,-44.0984420776367,0.0009047531566466,1.96685468836222e-05,1.28013780340552e-05,4870.03818991575,41.4603977284602,1095
"6920",119621,-20.090259552002,-44.0634841918945,0.0010049916818388,2.18476452573668e-05,1.71342089743121e-05,6332.12779039751,139.920378292161,651
"6921",119622,-20.0832576751709,-44.0284652709961,0.0014758151737623,3.20829385600518e-05,1.2451983820938e-05,9170.6859060474,30.4495027360508,503
"6922",119623,-20.0762615203857,-43.9933853149414,0.0021014346639276,4.56833622592967e-05,1.9573757526814e-05,12484.8392114418,377.339162811886,1149
"6923",119624,-20.0692729949951,-43.9582366943359,0.0013494375452864,2.93355988105759e-05,1.18105544970604e-05,14291.3550550537,300.237885760546,1053
"6924",119625,-20.0622863769531,-43.923023223877,0.0013972138658573,3.03742144751595e-05,1.45724980029627e-05,15181.5123443511,53.439299977912,1137
"6925",119626,-20.055305480957,-43.8877372741699,0.0008516429006704,1.85139761015307e-05,1.27152852655854e-05,15674.231473762,138.623879933904,974
"6926",119627,-20.0483283996582,-43.8523826599121,0.0003962113187299,8.61328953760676e-06,1.14584927359829e-05,16360.6174299377,214.460567033496,301
"6927",119628,-20.0413570404053,-43.8169555664062,0.0009140374859271,1.98703801288502e-05,1.13902606244665e-05,17831.3103025663,221.155064108305,1075
"6928",119629,-20.034387588501,-43.7814521789551,0.0012620115267054,2.74350331892492e-05,1.55144953168929e-05,19917.4079468329,34.929625162171,562
"6929",119630,-20.0274238586426,-43.7458724975586,0.001654281404626,3.5962639231002e-05,1.70140301634092e-05,22452.091574503,7.12852783610775,796
"6930",119631,-20.0204620361328,-43.7102127075195,0.0004959306916134,1.07811019915971e-05,1.03784377643024e-05,25304.4706270284,0.638446390748333,1202
"6931",119632,-20.0135021209717,-43.6744728088379,0.001021743621095,2.22118178498931e-05,1.66685022122692e-05,28382.143408198,1.2335856589266,882
"6932",119633,-20.0065460205078,-43.6386489868164,0.0004733110217785,1.0289370038663e-05,1.21908169603557e-05,31622.7405915471,2.46097956346623,1022
"6933",119635,-19.992639541626,-43.5667495727539,0.0002837488882505,6.16845409240341e-06,8.74282704899088e-06,38435.9896717909,13.7023040011544,784
"6934",119636,-19.9856910705566,-43.5306663513184,0.0006503544263978,1.41381397043006e-05,9.9686785688391e-06,41954.5743038716,19.7746303562018,399
"6935",119637,-19.9787425994873,-43.4944915771484,0.0008557901783206,1.86041343113175e-05,9.88017109193606e-06,45526.2869737414,62.1499374565742,1029
"6936",119638,-19.971794128418,-43.4582252502441,0.000695184309734,1.51127023855224e-05,9.04339594853809e-06,49146.5576939231,100.770356821073,968
"6937",119639,-19.9648475646973,-43.4218635559082,0.0004723375641333,1.02682079159422e-05,9.26938173506642e-06,52807.8452996997,390.253822684835,662
"6938",119640,-19.9579029083252,-43.3854026794434,0.0005155674007255,1.12079869722947e-05,1.00020279205637e-05,56504.5439564419,505.498886199643,898
"6939",119641,-19.9509563446045,-43.3488464355469,0.0005991674897813,1.3025380212639e-05,9.02206738828681e-06,60231.6424196721,6.09357556126625,483
"6940",119643,-19.9370651245117,-43.2754211425781,0.0005428059739642,1.18001298687886e-05,9.3938251666259e-06,67766.4088669688,7.81446043640962,730
"6941",119646,-19.9162254333496,-43.1644821166992,0.0002517708589948,5.47327954336652e-06,1.20025579235516e-05,79237.7006252407,185.417550155871,966
"6942",119648,-19.9023246765137,-43.0899620056152,0.001791575748939,3.89472988899797e-05,2.10082253033761e-05,76010.0085039472,37.3171126202268,1347
"6943",119649,-19.8953704833984,-43.0525245666504,0.0004741920201922,1.0308522178093e-05,1.18852158266236e-05,72558.1428294841,14.5507201241865,1093
"6944",119650,-19.8884143829346,-43.0149688720703,0.0001736478602651,3.7749534840259e-06,1.26935101434356e-05,69151.6235534916,70.0590962455926,667
"6945",119651,-19.8814563751221,-42.9772911071777,0.0004412469970702,9.59232602326665e-06,9.12747418624349e-06,65799.4001664732,158.33062729393,473
"6946",119652,-19.8744964599609,-42.9394874572754,0.0004276279614714,9.29626003198791e-06,1.29813233797904e-05,62512.3211552972,33.3955657483582,1044
"6947",119653,-19.8675308227539,-42.9015579223633,0.0004483660231926,9.74708746070974e-06,1.19968699436868e-05,59303.4989522569,11.6387734535992,1067
"6948",119654,-19.8605632781982,-42.8634986877441,0.0006776122863811,1.4730701877852e-05,9.8762930065277e-06,56189.1998484757,10.0753276779422,822
"6949",119655,-19.8535900115967,-42.8253059387207,0.000473297885037,1.02890844573267e-05,9.32396596908802e-06,53188.4614577603,7.96182610041433,712
"6950",119656,-19.8466148376465,-42.786979675293,0.0005400955797085,1.17412082545343e-05,1.08560416265391e-05,50325.2622354797,116.411464431393,1099
"6951",119657,-19.8396339416504,-42.7485122680664,0.0003937415694963,8.559599336877e-06,8.19905744720018e-06,47627.141971934,89.257834688963,933
"6952",119658,-19.8326473236084,-42.7099075317383,0.0012303037838137,2.67457344307331e-05,1.044067357725e-05,45127.805741228,6.39445123036358,1013
"6953",119659,-19.8256568908691,-42.6711578369141,0.0014394509998965,3.12924130412284e-05,1.23088730106247e-05,42865.9929317556,16.5243046213146,756
"6954",119660,-19.818660736084,-42.6322631835938,0.0007786398527969,1.6926953321672e-05,9.84165853878949e-06,40885.4022321216,53.8774597495437,1058
"6955",119661,-19.8116569519043,-42.5932197570801,0.0003664752584882,7.96685344539583e-06,9.31186878005974e-06,39233.0523328716,0.265205039958592,925
"6956",119662,-19.8046493530273,-42.5540237426758,0.0007886096354923,1.71436877280939e-05,1.02947687992128e-05,37957.2277042223,0.292794830489733,1040
"6957",119663,-19.7976341247559,-42.5146751403809,0.0005998936085234,1.3041165402683e-05,1.03070206023403e-05,37101.6046069489,0.708508661051864,806
"6958",119947,-20.7883033752441,-47.3971977233887,0.0009042900237545,1.96584787772736e-05,1.67783691722434e-05,45256.4694335771,3.13028190299828,981
"6959",119948,-20.7791385650635,-47.360424041748,0.0012819281655538,2.78680035989964e-05,1.56381247506943e-05,41991.181536738,1.89194813392137,927
"6960",119949,-20.77001953125,-47.3237533569336,0.0002767965816019,6.01731699134689e-06,1.31794758999604e-05,38860.619650077,2.12298178070752,1060
"6961",119950,-20.7609443664551,-47.2871856689453,0.0001043036354531,2.2674703359371e-06,1.35839545691852e-05,35896.3183809579,4.06577274563778,510
"6962",119951,-20.7519130706787,-47.2507171630859,0.0005638686052407,1.22580131574068e-05,1.31014885482728e-05,33138.4715785796,3.5030947549273,563
"6963",119952,-20.7429256439209,-47.2143478393555,0.0005078722824691,1.10407017928082e-05,1.29269510580343e-05,30638.582254701,3.70038055426985,980
"6964",119953,-20.7339820861816,-47.1780738830566,0.0007143378461478,1.55290836119093e-05,1.40721213028883e-05,28459.8085586091,4.85774801182696,1367
"6965",119954,-20.7250785827637,-47.1418952941895,0.0004359852719062,9.47794069361407e-06,1.23782801892958e-05,26676.5346476442,5.41274475807043,1075
"6966",119955,-20.7162170410156,-47.1058082580566,0.0009997900342568,2.1734565962106e-05,1.55208072101232e-05,25366.9954490483,6.16979699226825,669
"6967",119956,-20.7073974609375,-47.0698089599609,0.0005283915797917,1.14867734737345e-05,1.82388448592974e-05,24601.8997118431,4.98706053432723,738
"6968",119959,-20.6811752319336,-46.962329864502,4.49162396307656e-05,9.76439991973166e-07,2.49068943958264e-05,25843.2358509707,4.6012506256308,1118
"6969",119960,-20.6725120544434,-46.9266700744629,0.0002004813177336,4.35828951594885e-06,1.67738962773001e-05,27333.3738598405,4.14560442813525,1061
"6970",119968,-20.6045169830322,-46.6440773010254,0.0001394544492541,3.03161846204603e-06,1.73719345184509e-05,49025.267455493,1.77529768540426,756
"6971",119969,-20.5961742401123,-46.6090621948242,0.0001243954970959,2.70424993686902e-06,1.70854436873924e-05,52303.9323976269,3.72672317863244,738
"6972",119970,-20.5878620147705,-46.5741081237793,0.0006147349886305,1.33638041006634e-05,1.71904466697015e-05,55635.0008055705,5.35494416468954,980
"6973",119973,-20.5631237030029,-46.4696006774902,7.88561355875572e-05,1.71426381712081e-06,1.39471594593488e-05,65850.6218134911,3.21377068304164,447
"6974",119975,-20.5467853546143,-46.4002075195312,0.0014358215776155,3.12135125568602e-05,1.55115158122499e-05,72785.9070528262,2.49071811675378,768
"6975",119976,-20.5386600494385,-46.3655853271484,0.0008124568375933,1.76621051650727e-05,1.18806565296836e-05,76278.9429428936,1.43903957831021,922
"6976",119977,-20.5305652618408,-46.3310165405273,0.0011630016633716,2.52826448559063e-05,1.37759325298248e-05,78916.9827689287,1.6090889240351,817
"6977",119978,-20.5224990844727,-46.2964973449707,0.0005254026364127,1.14217964437557e-05,1.66917361639207e-05,75257.9316949595,2.13136129627906,1070
"6978",119980,-20.5064525604248,-46.2275886535645,0.0003517975437716,7.64777269068873e-06,1.54992994794156e-05,67966.446846275,4.44649869088611,526
"6979",119981,-20.4984722137451,-46.1931991577148,0.0008858544060785,1.92577044799691e-05,1.9114437236567e-05,64335.270353429,4.31607588317973,1073
"6980",119982,-20.4905166625977,-46.1588516235352,0.0006686742817691,1.45363974297652e-05,1.78050740942126e-05,60714.5972927085,4.27785968070378,682
"6981",119983,-20.4825878143311,-46.1245422363281,0.0007436881714966,1.61671341629699e-05,1.36347025545547e-05,57105.2096543683,5.26052109603003,1241
"6982",119984,-20.4746856689453,-46.0902709960938,0.0006672413728665,1.45052472362295e-05,1.37949173222296e-05,53508.4549193762,4.66773572936575,1099
"6983",119985,-20.4668102264404,-46.0560340881348,0.0003853463131235,8.37709376355633e-06,1.04949194792425e-05,49925.7054018306,5.01476020899837,464
"6984",119986,-20.4589595794678,-46.0218353271484,0.0005946547262283,1.29272766571376e-05,1.18748403110658e-05,46359.4789412261,4.80735852264508,656
"6985",119988,-20.4433307647705,-45.9535255432129,3.80750226440796e-05,8.27717883566947e-07,1.0408282832941e-05,39287.0325382589,210.197598890845,579
"6986",119990,-20.4277992248535,-45.8853378295898,0.0005300986867951,1.15238844955456e-05,1.08300973806763e-05,32330.7008533234,2.93406154150627,1020
"6987",119991,-20.4200687408447,-45.8512802124023,0.0005825562056998,1.26642653413001e-05,1.11648696474731e-05,28917.9310220911,3.83871038865177,1339
"6988",119992,-20.4123611450195,-45.8172492980957,0.0004604669284162,1.00101506177452e-05,1.0525692232477e-05,25570.5442266477,13.4799712190047,1147
"6989",119994,-20.3970108032227,-45.7492523193359,0.0004710972298198,1.02412441265187e-05,1.05528788481024e-05,19199.607016208,2.77704145499133,677
"6990",119995,-20.3893699645996,-45.7152824401855,0.000137101727887,2.9804723453708e-06,9.77040326688439e-06,16299.3747492593,11.5559254987158,326
"6991",119996,-20.3817481994629,-45.6813316345215,0.001119912314607,2.43459198827622e-05,1.17187591968104e-05,13750.2672020249,37.3643735936766,1065
"6992",119997,-20.3741493225098,-45.6473999023438,0.0016507170803379,3.58851539203897e-05,1.42408307510777e-05,11780.6100543699,133.220698666753,1103
"6993",119999,-20.3590106964111,-45.5795707702637,0.0015555233985651,3.38157260557637e-05,1.25931719594519e-05,10813.355910227,6.08045327359193,581
"6994",120000,-20.3514709472656,-45.5456733703613,0.0012394821824273,2.69452648353763e-05,1.22628262033686e-05,10858.9520911635,23.9699681893065,779
"6995",120001,-20.3439502716064,-45.5117874145508,0.0002304192612427,5.00911437484319e-06,9.50805861066328e-06,11485.9176367717,18.1766581784031,1150
"6996",120002,-20.3364505767822,-45.4779090881348,0.0005380184684327,1.16960536615807e-05,9.98102768789977e-06,13114.2253358568,3.24658233501174,1004
"6997",120003,-20.3289680480957,-45.4440383911133,0.0006825537930126,1.48381259350572e-05,1.05895733213401e-05,15429.4977277763,2.68073072593824,988
"6998",120004,-20.3215026855469,-45.4101715087891,0.0005254758507362,1.14233880594838e-05,9.62276772042969e-06,18170.5481702598,2.57335206476318,144
"6999",120006,-20.3066272735596,-45.3424453735352,0.0005165290604054,1.12288926175097e-05,1.16223882287159e-05,24337.9683388982,2.46734847498078,818
"7000",120007,-20.2992153167725,-45.3085823059082,0.0010388284135842,2.25832263822667e-05,1.25479546113638e-05,27434.4774033937,3.09927344153544,398
"7001",120008,-20.291820526123,-45.2747192382812,0.000403843305321,8.77920228958828e-06,9.68064796325052e-06,25618.2857584098,3.95580649479008,998
"7002",120009,-20.2844429016113,-45.240852355957,0.0004929954666295,1.07172927528154e-05,9.26074972085189e-06,24205.0867068907,60.0161882863441,939
"7003",120010,-20.2770805358887,-45.2069816589355,7.8533579426221e-05,1.70725172665698e-06,9.30373062146828e-06,23268.594668511,49.2666451133211,879
"7004",120011,-20.2697334289551,-45.1731033325195,0.0008644518093205,1.87924306374043e-05,1.10515547930845e-05,22867.3507199563,14.559357970283,683
"7005",120013,-20.2550888061523,-45.1053237915039,0.0002825161054715,6.14165446677362e-06,9.10571634449298e-06,22925.3494484515,6.8451771253196,1117
"7006",120014,-20.2477874755859,-45.0714149475098,0.0011774294034694,2.55962913797703e-05,1.80851784534752e-05,19449.3984511887,7.24460668781818,710
"7007",120015,-20.2405014038086,-45.0374984741211,0.0015320603415602,3.33056595991366e-05,1.54350545926718e-05,16033.106724036,7.62955217194363,1088
"7008",120016,-20.2332286834717,-45.0035629272461,0.0004002334208053,8.70072653924581e-06,1.77076199179282e-05,12723.900369086,12.3362761830167,1202
"7009",120017,-20.2259712219238,-44.9696159362793,0.0005484013054228,1.19217675091932e-05,9.85506630968302e-06,9635.25416256749,15.1513061518382,1112
"7010",120018,-20.2187252044678,-44.9356460571289,0.0009805650406633,2.13166313187685e-05,1.43785709951771e-05,7063.0575360848,95.5683403361766,682
"7011",120019,-20.2114944458008,-44.9016609191895,0.000104278794879,2.26693032345793e-06,1.64014763868181e-05,5752.50274050403,294.976001251423,480
"7012",120020,-20.2042751312256,-44.8676567077637,0.0012068126961821,2.62350586126558e-05,1.15673165055341e-05,6517.37667293474,447.863147061229,793
"7013",120021,-20.1970691680908,-44.833625793457,0.0012580233124026,2.73483328783186e-05,2.26317206397653e-05,8836.93394066079,199.511403006479,1047
"7014",120022,-20.1898765563965,-44.7995719909668,0.0011763434886233,2.5572684535291e-05,1.5231525139825e-05,11831.2911570976,302.915517619103,1339
"7015",120023,-20.1826934814453,-44.765495300293,0.0005290037770464,1.15000821097055e-05,1.22367964650039e-05,15105.6756866864,749.706130686596,691
"7016",120024,-20.1755237579346,-44.731388092041,0.0007375600907835,1.6033915017033e-05,1.37306460601394e-05,18514.1371728343,60.3423764163308,1123
"7017",120025,-20.1683654785156,-44.6972541809082,0.0007176254621299,1.5600553524564e-05,1.11450535769109e-05,21995.3926916506,10.8434618701379,1017
"7018",120026,-20.1612167358398,-44.6630859375,0.0010946907750621,2.37976255448302e-05,2.15187083085766e-05,25521.4937820297,15.448029583537,615
"7019",120027,-20.1540794372559,-44.6288909912109,0.0008781039796303,1.90892169484869e-05,1.8612214262248e-05,29076.5490100051,10.3534441170914,757
"7020",120028,-20.1469535827637,-44.5946578979492,0.0007062932236294,1.53542005136842e-05,1.24045300253783e-05,32304.1860913767,21.727979407365,992
"7021",120029,-20.1398372650146,-44.5603904724121,0.0005703375300072,1.23986419566791e-05,1.49125935422489e-05,31757.3123880444,94.1492011852272,906
"7022",120030,-20.1327304840088,-44.5260848999023,0.0006977488192205,1.51684525917517e-05,1.01556606750819e-05,28646.273676596,82.9035307630853,1042
"7023",120031,-20.1256332397461,-44.4917411804199,0.0008598417334724,1.86922115972266e-05,1.73524949786952e-05,25674.5209805858,11.9000356024464,788
"7024",120032,-20.1185455322266,-44.4573593139648,0.0004587089060805,9.97193274088204e-06,1.5282381355064e-05,22898.0908618241,57.7829328029862,460
"7025",120035,-20.0973358154297,-44.353946685791,0.0006179901811265,1.34345691549242e-05,1.18405532703036e-05,14671.2206663738,103.411566641402,966
"7026",120036,-20.0902824401855,-44.3193817138672,0.0010080509528052,2.19141511479393e-05,9.93965022644261e-06,11318.2249136518,576.500974250586,1021
"7027",120037,-20.0832366943359,-44.2847671508789,0.0007225706503959,1.5708057617303e-05,9.87293060461525e-06,8235.39664810735,882.99412022728,670
"7028",120038,-20.0761966705322,-44.2501029968262,0.0007449877884937,1.61953867063858e-05,1.02388448794954e-05,5874.70197215615,472.871633033576,1090
"7029",120039,-20.0691661834717,-44.215389251709,0.0010674542936612,2.32055281230714e-05,1.18605175885023e-05,5317.59509434344,277.060159750086,532
"7030",120040,-20.062141418457,-44.1806182861328,0.0008413181749347,1.8289525542059e-05,1.00559627753682e-05,7016.60150705977,600.222373392401,555
"7031",120041,-20.0551242828369,-44.1457901000977,0.0017549118565511,3.81502577511128e-05,1.32879458760726e-05,3546.85550001455,1153.9800475662,725
"7032",120042,-20.0481128692627,-44.1109046936035,0.0019663114799186,4.27459017373621e-05,1.54316494445084e-05,790.909691508796,823.418764768086,1334
"7033",120043,-20.041109085083,-44.0759582519531,0.0022582900346606,4.90932616230566e-05,1.87095520232106e-05,4015.38211200452,1630.68865736763,1088
"7034",120044,-20.0341091156006,-44.0409507751465,0.0024065563193289,5.23164417245425e-05,1.66862137120916e-05,7253.91457603503,2492.70080313374,660
"7035",120045,-20.0271148681641,-44.0058784484863,0.0020665006377385,4.49239269073587e-05,1.45666344906203e-05,8867.16286620666,3327.55826449947,1277
"7036",120046,-20.0201263427734,-43.9707412719727,0.0020720090324175,4.50436746177729e-05,1.78083282662556e-05,8716.29845595002,196.741771919635,1078
"7037",120047,-20.0131435394287,-43.9355392456055,0.0026044722908409,5.66189628443681e-05,2.21728241740493e-05,9893.62101607147,283.469635209007,645
"7038",120048,-20.0061645507812,-43.9002647399902,0.0019281394561403,4.19160751334857e-05,1.7994378140429e-05,10068.3739666284,134.413111384309,1147
"7039",120049,-19.9991893768311,-43.8649215698242,0.0007510539508075,1.6327259800164e-05,1.04180917332997e-05,11058.2353395731,1033.54952853541,1120
"7040",120050,-19.9922199249268,-43.8295059204102,0.0003346220701132,7.27439282854903e-06,1.05758126665023e-05,13093.8894967134,858.235708207592,988
"7041",120051,-19.9852523803711,-43.7940139770508,4.76285688364442e-05,1.03540367035748e-06,1.12387870103703e-05,15780.8730369452,330.287443207896,429
"7042",120052,-19.9782886505127,-43.7584457397461,0.0010225155929219,2.22285998461302e-05,1.17220688480302e-05,18847.2605346588,5.01173167485819,760
"7043",120053,-19.9713287353516,-43.7227973937988,0.0002194694943682,4.77107596452697e-06,1.3269881492306e-05,22140.2336209569,6.34533389674926,850
"7044",120054,-19.9643726348877,-43.687068939209,0.0003974665050918,8.64057619764935e-06,9.88986084848875e-06,25575.9756165835,19.8938266055644,923
"7045",120055,-19.9574184417725,-43.6512603759766,0.0010384606684965,2.25752319238381e-05,1.11901408672566e-05,29092.1451554247,7.32812986439692,1096
"7046",120056,-19.9504661560059,-43.615364074707,0.0002545651568652,5.53402514924528e-06,8.78400078363484e-06,32678.5354016963,25.1621569394132,803
"7047",120058,-19.9365692138672,-43.5433082580566,0.0004238563360559,9.21426817512838e-06,9.45817100728163e-06,39999.0267121832,64.2828927319885,1090
"7048",120059,-19.9296226501465,-43.5071449279785,0.0003927851394109,8.53880737849977e-06,9.46007003221894e-06,43713.4236531087,272.625682273622,1050
"7049",120060,-19.9226760864258,-43.470890045166,0.0011563266089069,2.51375349762384e-05,1.04560958789079e-05,47455.7275228694,578.432368399012,719
"7050",120061,-19.9157333374023,-43.4345397949219,0.0008915431171772,1.9381372112548e-05,9.90149237622973e-06,51222.3086596569,31.7979132513161,1074
"7051",120062,-19.9087886810303,-43.3980941772461,0.0003683413870021,8.00742145656841e-06,9.06430796021596e-06,55010.2073111171,88.8402711015701,704
"7052",120063,-19.9018459320068,-43.3615455627441,0.0004907334368908,1.066811819328e-05,1.01625000752392e-05,58818.0002702328,55.5880817443943,644
"7053",120064,-19.8949031829834,-43.3248977661133,0.0006635393219767,1.4424767869059e-05,1.04326709333691e-05,62643.6048053029,10.830964703221,1050
"7054",120066,-19.8810157775879,-43.2512855529785,0.0006113775052654,1.32908153318567e-05,9.13287658477202e-06,70345.276140102,15.426734910802,1187
"7055",120067,-19.8740711212158,-43.2143173217773,0.000555733406145,1.20811610031524e-05,9.42749738896964e-06,74219.8853924939,19.4982746241036,669
"7056",120068,-19.8671245574951,-43.1772384643555,0.0004045856567245,8.79534036357654e-06,8.4994771896163e-06,78109.678540652,717.336927437604,307
"7057",120069,-19.8601779937744,-43.1400489807129,0.0003514565323712,7.64035939937457e-06,9.47152966546128e-06,77307.7893745876,123.811994558798,1232
"7058",120071,-19.8462791442871,-43.0653190612793,0.0003032646473002,6.59270972391823e-06,9.32248985918704e-06,70126.3818829297,45.3891204636294,1083
"7059",120072,-19.8393249511719,-43.027774810791,0.0004449777479749,9.67342930380255e-06,1.18270218081307e-05,66582.3259023292,12.3526995151484,1072
"7060",120073,-19.832368850708,-42.9901084899902,0.0010459449295012,2.27379332500277e-05,1.43432362165186e-05,63079.3418227412,206.861137190852,721
"7061",120074,-19.8254108428955,-42.952320098877,0.0006780564253858,1.4740357073606e-05,1.23493500723271e-05,59627.1669436334,135.729672545938,1215
"7062",120076,-19.8114833831787,-42.8763542175293,0.0002839595781551,6.17303430772154e-06,7.94623247202253e-06,52924.1061412793,9.08515980115501,22
"7063",120077,-19.8045139312744,-42.8381729125977,0.0006393795156327,1.38995546876686e-05,8.96575966180535e-06,49706.5583032775,13.3585806904049,1048
"7064",120078,-19.7975406646729,-42.7998542785645,0.0004640248935174,1.00874976851628e-05,8.14884242572589e-06,46607.5455358982,7.73049707497664,398
"7065",120079,-19.7905616760254,-42.761402130127,0.000668756700179,1.45381891343277e-05,9.53877042775275e-06,43656.2787738263,5.18631803781331,834
"7066",120080,-19.7835788726807,-42.7228088378906,0.0014675089041702,3.19023674819618e-05,1.23738172987942e-05,40888.647668106,4.99432138283071,1039
"7067",120081,-19.77659034729,-42.6840705871582,0.0011126932986371,2.41889847529819e-05,1.12348861875944e-05,38348.6885909967,35.6800079333196,925
"7068",120082,-19.7695960998535,-42.6451873779297,0.0004597154147631,9.99381336441729e-06,9.15772579901386e-06,36089.5754708293,2.11120845130266,1129
"7069",120083,-19.7625980377197,-42.6061592102051,0.0008560439600842,1.86096513061784e-05,1.07748373920913e-05,34172.636920513,0.566446473026815,836
"7070",120084,-19.7555923461914,-42.5669746398926,0.0006434006972995,1.39869716804242e-05,1.09998563857516e-05,32663.2357471864,0.196817533040749,688
"7071",120085,-19.7485790252686,-42.5276374816895,0.0003391565887795,7.37296932129539e-06,1.04669134088908e-05,31626.1082210946,0.126259059201126,1035
"7072",120367,-20.7575454711914,-47.4823799133301,0.0006474796973634,1.40756455948576e-05,1.68863462022273e-05,54718.1377338795,6.90317698447397,723
"7073",120368,-20.7482872009277,-47.4454002380371,0.0006556062362506,1.42523094837088e-05,1.32907780425739e-05,51449.5077313716,4.87047663381914,1072
"7074",120370,-20.7299118041992,-47.371768951416,0.0003420091234147,7.43498094379902e-06,1.48099934449419e-05,45274.4014782249,5.44844977519588,1098
"7075",120371,-20.7207927703857,-47.3351097106934,0.0001384921829412,3.0106996291579e-06,1.29038480736199e-05,42413.215343664,6.01734000579001,524
"7076",120372,-20.7117195129395,-47.2985572814941,0.0003120029859928,6.78267360854079e-06,1.27643734231242e-05,39742.5469135295,6.44453687286285,693
"7077",120373,-20.7026882171631,-47.2621002197266,0.000403855145123,8.77945967658889e-06,1.26547820400447e-05,37298.8866934942,5.79783308200057,784
"7078",120374,-20.6937007904053,-47.2257423400879,0.0009752855767146,2.12018603633624e-05,1.34293186420109e-05,35126.1822819115,5.94721017064354,1068
"7079",120375,-20.684757232666,-47.1894836425781,8.64044538957387e-05,1.87835769338562e-06,1.34627198349335e-05,33273.6107578775,18.9720407377621,1324
"7080",120376,-20.675853729248,-47.1533164978027,0.001523047198134,3.31097216985654e-05,1.66754962265259e-05,31792.9761800875,6.25839766670909,1185
"7081",120377,-20.6669921875,-47.1172409057617,0.0014214933253242,3.0902028811397e-05,2.35216721193865e-05,30733.9770061173,5.59878396629791,692
"7082",120378,-20.6581726074219,-47.0812530517578,0.0004931787952955,1.07212781585986e-05,2.00867016246775e-05,30136.9577079763,6.28905834956233,1210
"7083",120379,-20.649393081665,-47.0453567504883,0.0005832780989294,1.26799586723791e-05,2.21682639676146e-05,30025.926949997,5.75021115405952,1040
"7084",120380,-20.6406517028809,-47.0095443725586,0.0001297907338084,2.82153769148863e-06,2.14458905247739e-05,30402.4271637452,4.83154313381028,763
"7085",120381,-20.631950378418,-46.9738121032715,0.0003069464073632,6.67274798615836e-06,1.89784241229063e-05,31245.1393071005,5.51408660012983,885
"7086",120383,-20.6146621704102,-46.9025955200195,6.46531477741519e-05,1.40550321248156e-06,1.70351795532042e-05,34160.6158452556,100.928699551185,779
"7087",120390,-20.5552959442139,-46.6556701660156,0.0001525523139207,3.3163546504511e-06,2.72581983153941e-05,52207.3645380226,9.0733816606762,893
"7088",120393,-20.5303649902344,-46.5508422851562,0.0001706487087176,3.7097545373399e-06,2.35848983720643e-05,61708.0933078717,2.23504748195434,1010
"7089",120394,-20.5221176147461,-46.5160179138184,0.000299446352983,6.50970332571887e-06,1.84637083293637e-05,64983.2804361834,1.83484410476173,510
"7090",120395,-20.5139045715332,-46.4812507629395,0.0006056944002921,1.31672695715679e-05,1.38230507218395e-05,68297.8194507326,1.27634060410139,755
"7091",120397,-20.4975662231445,-46.4118804931641,0.0006696665241179,1.45579679156072e-05,1.20820704978541e-05,75021.7193447168,1.22999084005269,949
"7092",120400,-20.4732837677002,-46.3082046508789,0.0001041778637045,2.2647361674899e-06,1.0970175935654e-05,74556.047970531,1.79219144726797,1128
"7093",120401,-20.4652462005615,-46.2737426757812,0.0001366876695101,2.97147107630735e-06,1.29450527310837e-05,70878.5641570772,3.12900889984028,1080
"7094",120405,-20.4333744049072,-46.1363105773926,0.0002471094285283,5.37194409844233e-06,1.2169657566119e-05,56229.2099155614,3.93717413895057,710
"7095",120406,-20.4254722595215,-46.10205078125,0.0009506061578576,2.06653512577759e-05,1.46763959492091e-05,52582.4785440574,4.12447153955199,488
"7096",120407,-20.4175968170166,-46.0678253173828,0.0004428349948284,9.62684771366185e-06,1.64597913681064e-05,48942.2206063879,4.05143837950882,529
"7097",120409,-20.4019222259521,-45.9994773864746,0.000795984367869,1.73040079971543e-05,1.63884724315722e-05,41683.3710241684,31.5011558215666,981
"7098",120410,-20.3941211700439,-45.9653511047363,0.0003603929471864,7.83462928666268e-06,1.59916635311674e-05,38066.0872224491,4.96127615983893,1260
"7099",120411,-20.386344909668,-45.9312553405762,0.0005040222549723,1.09570055428776e-05,1.12123589133262e-05,34458.5760536985,4.14890346400546,1126
"7100",120412,-20.3785915374756,-45.8971824645996,0.0002528577988414,5.49690867046593e-06,1.03887778095668e-05,30862.1329492622,2.87784517063964,551
"7101",120414,-20.3631534576416,-45.8291206359863,0.0011365353129804,2.47072894126177e-05,1.15411639853846e-05,23718.6526988729,6.18034817726358,1090
"7102",120415,-20.35546875,-45.7951202392578,0.0008029011551116,1.7454372937209e-05,1.16374903882388e-05,20184.3611664566,3.75636727707969,1280
"7103",120416,-20.347806930542,-45.7611465454102,0.0002508826019038,5.45396960660582e-06,1.01842933872831e-05,16694.486373871,3.71864144537548,1384
"7104",120418,-20.3325443267822,-45.6932487487793,0.0002500956525182,5.43686201126548e-06,1.07046116681886e-05,10017.3476514672,7.18800038822948,1050
"7105",120419,-20.3249454498291,-45.6593246459961,0.0012539408817247,2.72595843853196e-05,1.31645465444308e-05,7113.24613471746,61.871190931102,457
"7106",120420,-20.3173675537109,-45.625415802002,0.0002192073034166,4.76537616123096e-06,1.15619977805181e-05,5202.9652380239,3.91697328950109,757
"7107",120421,-20.3098087310791,-45.5915184020996,0.0015505046612815,3.3706623071339e-05,1.29620575535228e-05,5451.65466248723,83.4199618282072,912
"7108",120422,-20.3022708892822,-45.5576362609863,0.0004480865118239,9.74101112660719e-06,1.14022705020034e-05,7649.0345254742,347.900183250753,788
"7109",120423,-20.2947521209717,-45.5237579345703,0.0006263606701395,1.36165363073815e-05,1.04758601082722e-05,10649.4435047218,467.872771613585,488
"7110",120424,-20.2872505187988,-45.4898910522461,0.000739242095733,1.60704803420231e-05,1.13898004201474e-05,13942.2975307536,145.966797799267,966
"7111",120425,-20.2797698974609,-45.4560317993164,0.0005335670375643,1.1599283425312e-05,1.00612842288683e-05,17361.4164758042,4.66759210586293,1096
"7112",120426,-20.2723064422607,-45.422176361084,0.0008941016858443,1.94369931705296e-05,1.03696829683031e-05,20844.4725752282,3.68602671013455,994
"7113",120427,-20.2648601531982,-45.3883209228516,0.0006583855774806,1.43127299452317e-05,1.21229322758154e-05,24364.0897325596,2.44591113181413,735
"7114",120428,-20.2574329376221,-45.3544731140137,0.0006555992495123,1.42521575980936e-05,1.04202299553435e-05,27339.5291175145,2.28176830222933,464
"7115",120432,-20.2278900146484,-45.219051361084,0.0002745859692367,5.96926020079991e-06,1.02915555544314e-05,28793.6657823942,3.90862084462505,728
"7116",120433,-20.2205448150635,-45.1851844787598,0.0004197269645374,9.12449922907399e-06,1.18324132927228e-05,28472.7046488088,4.80965209895044,1062
"7117",120434,-20.2132148742676,-45.151309967041,0.0007054012639855,1.53348100866424e-05,1.16103010441293e-05,25808.1127745346,4.97648064194671,719
"7118",120435,-20.2059020996094,-45.1174278259277,6.23810772140132e-05,1.35611037421768e-06,1.0151433343708e-05,22200.5056518592,7.84641204314569,1243
"7119",120437,-20.1913166046143,-45.0496253967285,0.0005827030108775,1.26674567582086e-05,1.03618558568996e-05,14982.4965170443,15.1267494684587,1171
"7120",120438,-20.184045791626,-45.0157012939453,0.0006867105676064,1.49284906001412e-05,1.13988817247446e-05,11371.7982789796,8.05236112727473,732
"7121",120439,-20.1767883300781,-44.981761932373,0.0002236939608337,4.86291219203849e-06,1.79282997123664e-05,7760.03001045954,16.0662239021366,1178
"7122",120440,-20.1695442199707,-44.9478073120117,0.0001877225922726,4.08092591897002e-06,1.19188271128223e-05,4147.56192062299,409.414139407077,953
"7123",120441,-20.1623153686523,-44.9138336181641,0.0014501406258205,3.1524796213489e-05,1.6078354747151e-05,544.432288670925,3111.01931495014,744
"7124",120442,-20.1550979614258,-44.8798370361328,0.0009526307221676,2.07093635253841e-05,1.13343166958657e-05,3088.2076439513,3667.5208280067,1116
"7125",120443,-20.147891998291,-44.8458213806152,9.68340277722746e-05,2.10508756026684e-06,1.13844516818062e-05,6705.44979985585,1523.80896130377,1082
"7126",120444,-20.1406993865967,-44.8117790222168,0.00065222754165,1.41788596010883e-05,1.02108251667232e-05,10325.9547891456,43.4690747926566,431
"7127",120445,-20.1335201263428,-44.7777099609375,0.000620105280177,1.34805495690671e-05,1.07066225609742e-05,13949.0308854857,28.49426518967,748
"7128",120447,-20.1191940307617,-44.7094917297363,0.0003532405771693,7.67914298194228e-06,1.25388596643461e-05,21202.6779686559,6.637981117893,1054
"7129",120448,-20.1120471954346,-44.6753349304199,0.0004769714869325,1.03689453681e-05,1.4296398148872e-05,24833.9698515361,11.3307411295584,953
"7130",120449,-20.1049118041992,-44.6411514282227,0.0003912437477993,8.50529886520235e-06,1.01843752418063e-05,27974.4752694695,186.844016311397,1082
"7131",120450,-20.097785949707,-44.6069297790527,0.000157179155849,3.4169381706306e-06,1.46618140206556e-05,26849.9693707519,1409.3683337256,837
"7132",120455,-20.0623073577881,-44.4352569580078,0.0003290634713266,7.15355372449267e-06,1.37768993226928e-05,16516.8613272271,14.3381823449341,425
"7133",120456,-20.0552387237549,-44.4007987976074,0.0009101100185944,1.97850004042266e-05,1.87440709851217e-05,13812.10822626,17.6972163322321,953
"7134",120457,-20.0481777191162,-44.3662948608398,0.0008937903367041,1.9430224710959e-05,1.29564896269585e-05,11641.2630744638,103.397801554091,990
"7135",120458,-20.0411262512207,-44.3317413330078,4.04791247774483e-05,8.79980973422789e-07,1.72185482369969e-05,10351.0024525389,787.394743268349,804
"7136",120461,-20.0200157165527,-44.2277793884277,0.0008113756921375,1.76386020029895e-05,1.56287132995203e-05,6421.88505617766,1311.53596293021,503
"7137",120462,-20.0129928588867,-44.1930198669434,0.0013728118246945,2.98437353194458e-05,1.40968604682712e-05,5234.39509919128,768.378252141018,1101
"7138",120463,-20.0059776306152,-44.158203125,0.0013478485852829,2.93010562018026e-05,1.35340051201638e-05,5352.44580321884,1477.01898299059,1294
"7139",120464,-19.9989681243896,-44.1233291625977,0.0012988672824576,2.82362452708185e-05,1.62110354722245e-05,3826.9987403844,1952.19183983759,1357
"7140",120465,-19.99196434021,-44.0883941650391,0.0022238222372834,4.83439616800752e-05,1.48897215694888e-05,598.459936576598,1972.09223285904,706
"7141",120466,-19.9849662780762,-44.0533981323242,0.0030132722895359,6.55059193377383e-05,2.04938332899474e-05,3687.39947613023,7158.59195426822,112
"7142",120467,-19.9779758453369,-44.0183372497559,0.0032791863777674,7.12866603862494e-05,2.18087316170568e-05,3787.97775120755,8159.68298954779,1048
"7143",120468,-19.9709873199463,-43.9832153320312,0.0033316971966996,7.24281999282539e-05,1.98073612409644e-05,3278.73367504418,7040.8810570783,879
"7144",120469,-19.9640064239502,-43.9480209350586,0.0029936552018625,6.50794609100558e-05,2.33165392273804e-05,4281.54988533746,6563.8261745486,796
"7145",120470,-19.9570293426514,-43.9127616882324,0.0017772640640032,3.86361753044184e-05,1.46970005516778e-05,4483.90433981918,5653.34899406302,920
"7146",120471,-19.9500560760498,-43.8774261474609,0.0007390004466287,1.60652271006256e-05,9.8408454505261e-06,6322.17911382945,1273.31552123675,1021
"7147",120472,-19.9430885314941,-43.8420219421387,0.0001228328105753,2.6702784907684e-06,9.09260415937752e-06,9383.04843803579,255.113047237843,493
"7148",120473,-19.9361228942871,-43.8065414428711,0.0002874832998713,6.24963695372571e-06,9.84730377240339e-06,12812.3463724645,112.501843969044,723
"7149",120474,-19.9291610717773,-43.7709846496582,0.0016494402225362,3.58573961420916e-05,1.31075667013647e-05,16377.4461181046,10.4503459178643,983
"7150",120475,-19.9222030639648,-43.7353477478027,0.0001873065257314,4.07188099416089e-06,1.09488019006676e-05,20025.6707186822,3.59491248215688,1099
"7151",120476,-19.9152488708496,-43.6996307373047,0.0009765625181898,2.12296199606499e-05,1.27872854136513e-05,23722.5384307826,400.974233253068,1056
"7152",120477,-19.908296585083,-43.6638298034668,0.000355313421096,7.72420480643632e-06,8.84662131284131e-06,27452.1341293748,613.862610686687,755
"7153",120479,-19.8943996429443,-43.5919761657715,0.0005845620271429,1.27078701552819e-05,9.31460635911208e-06,34978.5837859706,10.6771612360303,535
"7154",120480,-19.8874530792236,-43.5559158325195,0.00029452666422,6.40275357000064e-06,9.97927145363064e-06,38768.1754397458,7.45756555045143,989
"7155",120481,-19.8805084228516,-43.5197639465332,0.0005916980389883,1.28630008475739e-05,1.0259800546919e-05,42572.5827327816,7.60701359488119,992
"7156",120482,-19.8735656738281,-43.4835205078125,0.0003576377876015,7.77473451307742e-06,7.98099335952429e-06,46390.4535340365,41.3272836110292,1068
"7157",120483,-19.8666229248047,-43.4471817016602,0.0007587120016978,1.64937391673448e-05,9.30162514123367e-06,50221.2575020727,85.0583672624039,186
"7158",120484,-19.8596820831299,-43.4107475280762,0.0001428703576493,3.10587734020373e-06,8.89217699295841e-06,54064.2900580648,37.2825055384165,565
"7159",120485,-19.8527412414551,-43.374210357666,0.0007053211047605,1.53330674947938e-05,9.99988515104633e-06,57919.8569219639,25.7894065975797,749
"7160",120486,-19.8458003997803,-43.337574005127,0.0002082542105199,4.52726544608595e-06,1.47662049130304e-05,61787.1855246293,33.9763677202435,1241
"7161",120487,-19.8388595581055,-43.3008308410645,0.0005147234696778,1.11896406451706e-05,1.0052795005322e-05,65666.7688609253,19.142724715934,1298
"7162",120488,-19.831916809082,-43.2639846801758,0.000359026265869,7.80491882323986e-06,1.19640953926137e-05,69558.0146847152,19.4278913306635,731
"7163",120489,-19.8249759674072,-43.2270278930664,0.0006804147215007,1.47916243804502e-05,1.54070621647406e-05,73461.4691588511,123.848768442885,1158
"7164",120490,-19.8180313110352,-43.1899642944336,0.0007361026655416,1.6002231859602e-05,9.63685852184426e-06,77376.6826094032,1738.42448357815,1042
"7165",120491,-19.8110866546631,-43.1527824401855,0.0012769884160661,2.77606177405687e-05,2.01580114662647e-05,75468.3748466565,997.227787867595,954
"7166",120492,-19.8041400909424,-43.1154899597168,0.0011574345298868,2.51616202149307e-05,1.77410947799217e-05,71760.6393664453,309.083181723295,1058
"7167",120493,-19.797191619873,-43.0780754089355,0.000808492051874,1.75759141711751e-05,1.02926769613987e-05,68068.8332047478,97.0175614930253,425
"7168",120495,-19.7832889556885,-43.0028915405273,0.000698582500263,1.51865760926739e-05,9.86467239272315e-06,60755.3277258143,363.422011424177,749
"7169",120496,-19.776330947876,-42.9651107788086,0.0002884710866055,6.27111057838192e-06,9.75168131844839e-06,57146.4415597095,2.6422762126034,948
"7170",120497,-19.7693729400635,-42.9272041320801,0.0010055958045995,2.18607783608604e-05,1.05782719401759e-05,53582.243634201,2.97528755022112,977
"7171",120498,-19.7624092102051,-42.8891677856445,3.50545971059546e-05,7.620564588251e-07,6.92906633048551e-06,50074.636765368,9.36097901608879,1136
"7172",120499,-19.7554416656494,-42.851001739502,0.0002671504898899,5.80761934543261e-06,8.21125831862446e-06,46639.9855911679,21.2887507077571,948
"7173",120500,-19.7484722137451,-42.8126945495605,0.0004715417035185,1.02509065982304e-05,8.6545032900176e-06,43298.7137697272,7.78953044863218,254
"7174",120501,-19.7414951324463,-42.7742538452148,0.0003833574774034,8.33385820442345e-06,8.10643268778222e-06,40078.5694129344,3.86964186035627,921
"7175",120502,-19.7345161437988,-42.7356719970703,0.0007185876238509,1.56214700837154e-05,9.43703344091773e-06,37015.7667475092,24.155042017973,717
"7176",120503,-19.7275295257568,-42.696949005127,0.0005298920968925,1.15193934107083e-05,8.79257004271494e-06,34157.2797945783,10.678582031244,1077
"7177",120504,-19.7205390930176,-42.6580772399902,0.0009171547426376,1.99381465790793e-05,8.9548557298258e-06,31564.372995804,4.81922203076823,1124
"7178",120505,-19.7135410308838,-42.6190567016602,0.0008308487776957,1.80619299499085e-05,9.62280046223896e-06,29313.6232177864,3.02050858757468,812
"7179",120506,-19.7065391540527,-42.5798873901367,0.0002884902478399,6.27152712695533e-06,9.88746069197077e-06,27496.5090454776,0.669839716170344,945
"7180",120507,-19.6995296478271,-42.5405654907227,5.64309491437598e-05,1.22675976399478e-06,9.76781575445784e-06,26210.1724799715,0.589394222237663,718
"7181",120508,-19.692512512207,-42.5010833740234,0.0001435658414266,3.12099655275233e-06,9.69771463132929e-06,25542.7020563094,0.818126151752844,754
"7182",120789,-20.7083415985107,-47.4936904907227,0.0001972566451513,4.28818793807295e-06,1.62867509061471e-05,57759.2286106311,5.98018831722987,1083
"7183",120790,-20.6990833282471,-47.4567260742188,0.0002039713399426,4.43415956397075e-06,1.2894601240987e-05,54694.7127263735,4.18852020784852,1096
"7184",120792,-20.6807079315186,-47.3831214904785,0.0002972148640765,6.46119269731571e-06,1.36196067614947e-05,48978.0129592566,4.8285219740696,963
"7185",120793,-20.6715888977051,-47.3464736938477,0.0003656122917163,7.94809329818236e-06,1.46201700772508e-05,46369.9315507038,6.66162229238946,702
"7186",120794,-20.6625137329102,-47.3099327087402,0.0003670777077786,7.97995016910136e-06,1.27826242533047e-05,43965.2067377449,7.35939811606452,5
"7187",120795,-20.6534843444824,-47.2734909057617,0.0009236403602699,2.00791382667376e-05,1.55589241330745e-05,41794.8642413245,451.729477622183,1005
"7188",120796,-20.6444969177246,-47.2371444702148,0.0010816131070896,2.35133284149924e-05,1.72790241776966e-05,39893.9181263468,327.536732683578,1084
"7189",120797,-20.6355514526367,-47.2008972167969,0.0009781997578102,2.12652121263091e-05,1.32610093714902e-05,38299.4477569915,26.9957463815732,433
"7190",120800,-20.6089687347412,-47.0927047729492,0.0001481210483689,3.22002279062872e-06,1.87382156582316e-05,35689.652271135,41.3435975960573,722
"7191",120801,-20.6001892089844,-47.0568199157715,0.00055567039999,1.20797913041315e-05,1.95801076188218e-05,35621.7988315174,187.661167062958,948
"7192",120802,-20.5914478302002,-47.0210189819336,0.0002664671073944,5.7927632042265e-06,2.25048679567408e-05,35964.7289196515,8.076563881584,1097
"7193",120804,-20.5740833282471,-46.9496650695801,0.0001271214127882,2.76350897365774e-06,2.27312593779061e-05,37812.9633005728,215.182741010328,472
"7194",120805,-20.5654582977295,-46.9141082763672,0.0006363540487654,1.38337836688152e-05,2.12361373996828e-05,39258.373590063,146.373316499909,830
"7195",120806,-20.5568714141846,-46.8786277770996,0.0001802341685106,3.91813409805764e-06,1.93268260773038e-05,41001.9976602477,6.72993799800641,806
"7196",120809,-20.5313262939453,-46.772632598877,0.0005570581670326,1.2109960152884e-05,2.01990424102405e-05,47649.2396118781,3.59894007282908,794
"7197",120815,-20.481164932251,-46.5624732971191,0.0006853917893749,1.48998215081519e-05,2.03572199097835e-05,64779.1908779133,2.2186588776457,1011
"7198",120817,-20.4647045135498,-46.4929046630859,0.0014075643630349,3.05992252833676e-05,1.6356405467377e-05,71101.2566033771,1.847667071866,1174
"7199",120819,-20.4483680725098,-46.4235572814941,2.62876656051958e-05,5.714709914173e-07,1.50973155541578e-05,76756.3373530737,0.978036472660991,892
"7200",120820,-20.4402446746826,-46.3889617919922,0.0001669290445533,3.62889227289998e-06,1.1040367098758e-05,78132.009006446,0.811068941734912,1016
"7201",120821,-20.4321517944336,-46.3544158935547,0.0003913764958269,8.50818469189107e-06,1.17723202492925e-05,77961.3943002256,1.13078060412961,528
"7202",120822,-20.4240875244141,-46.3199195861816,0.0003875261336361,8.42448116600281e-06,1.41535683724214e-05,74272.5971190761,1.20819688840141,551
"7203",120823,-20.4160499572754,-46.2854652404785,4.24940117227379e-05,9.23782863537781e-07,1.36295675474685e-05,70588.7511176246,1.93885313093097,1076
"7204",120826,-20.3921089172363,-46.1823654174805,0.0007896746319602,1.71668398252223e-05,3.06937290588394e-05,59568.380546646,3.19836886427248,1199
"7205",120827,-20.3841819763184,-46.148078918457,0.0009272811621485,2.01582861336647e-05,2.8933776775375e-05,55904.4527765585,2.73289479149486,822
"7206",120828,-20.3762798309326,-46.1138305664062,0.0017864894034573,3.8836726162117e-05,2.06681233976269e-05,52245.0549938327,3.17791207637957,680
"7207",120829,-20.3684062957764,-46.0796203613281,0.0019422451368882,4.22227203671355e-05,1.75150253198808e-05,48590.288028347,3.42120219330975,1093
"7208",120830,-20.3605556488037,-46.0454406738281,0.0001864314053818,4.05285663873656e-06,7.60994771553669e-06,44939.2453345791,3.50101450729157,826
"7209",120833,-20.3371543884277,-45.9430923461914,0.0007070774954627,1.53712499013636e-05,1.28499132188153e-05,34009.6940558728,3.33149690412177,799
"7210",120834,-20.329402923584,-45.9090347290039,0.0009097561633097,1.9777307898039e-05,1.17688587124576e-05,30373.897609976,5.20466727819486,928
"7211",120835,-20.3216724395752,-45.875,0.0004524338110059,9.83551763056312e-06,1.12240159069188e-05,26741.1361087832,3.2422383134293,1101
"7212",120837,-20.306282043457,-45.8070068359375,0.0001196264938698,2.6005759536929e-06,1.10595437945449e-05,19486.0590307709,3.72227974046727,439
"7213",120838,-20.298620223999,-45.7730407714844,0.0009112481457123,1.98097422980936e-05,1.10184519144241e-05,15863.3383718991,6.4970158837881,1125
"7214",120839,-20.2909812927246,-45.7390937805176,0.0008278303394035,1.7996311726165e-05,1.13875121314777e-05,12244.3969227564,4.88514174569794,742
"7215",120841,-20.2757625579834,-45.6712532043457,0.000805478382972,1.75103996298276e-05,1.13483783934498e-05,5028.20272161132,2.95303123572744,999
"7216",120842,-20.2681865692139,-45.6373558044434,0.0013977765702293,3.03864471788984e-05,1.27253188111354e-05,1503.00716895389,3.96298935123972,1145
"7217",120843,-20.260627746582,-45.6034698486328,0.0013649854226969,2.96735961455852e-05,1.3143533578841e-05,2318.44363812615,4.07819603312498,285
"7218",120844,-20.2530899047852,-45.5695953369141,0.0011027133914467,2.39720302488422e-05,1.2140252692916e-05,5881.74873170593,265.268000905026,840
"7219",120845,-20.2455730438232,-45.5357322692871,0.0012470943802327,2.71107473963639e-05,1.27259336295538e-05,9480.59287107872,221.280224216815,533
"7220",120846,-20.238073348999,-45.5018768310547,0.0011628494612523,2.52793361141812e-05,1.13693904495449e-05,13084.7815308774,4.30475841133703,819
"7221",120847,-20.2305927276611,-45.4680252075195,0.0004874889546044,1.05975859696628e-05,1.02761077869218e-05,16690.3923470286,4.26017715786069,931
"7222",120848,-20.2231292724609,-45.4341812133789,0.0005661585400957,1.23077943499084e-05,1.04159698821604e-05,20295.874500246,2.93825197005955,935
"7223",120849,-20.2156848907471,-45.4003410339355,8.91130857780809e-05,1.93724099517567e-06,1.01135428849375e-05,23901.0673073477,2.54961913850241,183
"7224",120850,-20.2082595825195,-45.3665008544922,0.0003351107234266,7.28501572666573e-06,9.93912908597849e-06,27506.1247281747,2.791581286352,612
"7225",120851,-20.2008495330811,-45.3326606750488,0.000282455944216,6.14034661339247e-06,9.03045201994246e-06,31111.0307825315,2.91450399402442,1111
"7226",120852,-20.1934566497803,-45.2988204956055,0.0005837621501996,1.26904815260787e-05,1.10156606751843e-05,34715.6596009651,2.45775397445038,1161
"7227",120853,-20.1860809326172,-45.2649765014648,0.0007202500491985,1.5657609765185e-05,1.74344568222295e-05,34980.1534128565,2.33814278243279,772
"7228",120855,-20.1713752746582,-45.1972694396973,0.000815761690319,1.77339497895446e-05,1.08464037111844e-05,29209.2686489028,13.3035893970967,1023
"7229",120856,-20.1640472412109,-45.1634063720703,0.0008664473389217,1.88358117156895e-05,1.20912682177732e-05,25605.0257096662,15.5520684194068,749
"7230",120857,-20.1567344665527,-45.1295318603516,0.0012847193465859,2.79286814475199e-05,1.41290420287987e-05,22000.5364157828,5.12550067929017,508
"7231",120858,-20.149435043335,-45.0956497192383,0.0008002809190656,1.73974112840369e-05,1.17626441351604e-05,18396.4627875198,5.2848234287957,1064
"7232",120861,-20.1276264190674,-44.9939155578613,0.0001051227050083,2.28527619583474e-06,1.37572133098729e-05,7594.69522415581,31.2392685894407,1118
"7233",120865,-20.0987358093262,-44.8580131530762,0.0006814709740865,1.48145863931859e-05,1.12305697257398e-05,6956.66850311852,522.770263438631,800
"7234",120866,-20.0915431976318,-44.8239822387695,0.0009557537523505,2.0777255485882e-05,1.14475524242152e-05,10559.556545643,182.789020140802,775
"7235",120867,-20.0843639373779,-44.7899284362793,0.0011678076189127,2.53871221502777e-05,1.40498195833061e-05,14172.8825809385,33.9366140866517,965
"7236",120869,-20.0700416564941,-44.7217292785645,0.0008582737755205,1.86581255547935e-05,1.38677287395694e-05,21416.1463824461,6.89216896193062,1058
"7237",120870,-20.0628967285156,-44.6875877380371,0.0017091026165871,3.71544047084171e-05,1.85265853360761e-05,24734.4866785959,7.68744162122356,395
"7238",120871,-20.0557613372803,-44.6534118652344,0.0006358095015457,1.38219456857769e-05,1.02460999187315e-05,22876.6868920036,7.932552379618,791
"7239",120872,-20.0486373901367,-44.6192016601562,0.0006579090568266,1.43023708005785e-05,1.4997258404037e-05,21478.5252110012,169.160862174826,1020
"7240",120873,-20.041524887085,-44.5849571228027,0.0017787912729545,3.8669375499012e-05,2.83206773019629e-05,20635.34238186,829.110976290235,1166
"7241",120874,-20.0344219207764,-44.5506744384766,0.0008697387202118,1.89073634828674e-05,1.24545367725659e-05,20417.6194511038,84.337274613339,798
"7242",120875,-20.0273265838623,-44.5163536071777,0.0011965399316977,2.60117376456037e-05,1.70557268575067e-05,20846.6759595926,10.8642283743384,125
"7243",120876,-20.02024269104,-44.481990814209,0.0008119666781567,1.76514495251467e-05,2.28662120207446e-05,17370.9365907595,175.59036124209,712
"7244",120877,-20.0131664276123,-44.4475860595703,0.0015236623657983,3.31230949086603e-05,2.45990995608736e-05,13875.1498940576,253.540262704707,847
"7245",120881,-19.9849472045898,-44.3095092773438,0.0003620391398726,7.87041608418804e-06,1.15218754217494e-05,4801.42161188041,167.146007951923,1106
"7246",120882,-19.977912902832,-44.2748680114746,0.0011026457832485,2.39705605054041e-05,1.70995899679838e-05,6931.58592899108,182.316088448572,875
"7247",120883,-19.9708843231201,-44.2401733398438,0.0009535287063044,2.0728884919663e-05,1.20552485896042e-05,3840.43959150899,414.789490652025,924
"7248",120884,-19.9638633728027,-44.2054252624512,0.0005461656746774,1.18731668408145e-05,1.13168844109168e-05,397.526069108439,1508.75108490503,913
"7249",120885,-19.9568500518799,-44.1706199645996,0.0015732720567029,3.4201566450065e-05,1.43211045724456e-05,2047.60914281093,3709.75759942078,50
"7250",120886,-19.9498405456543,-44.1357574462891,0.0015120094903977,3.28697715303861e-05,1.84755535883596e-05,1830.70332545163,4714.16238180175,718
"7251",120887,-19.9428405761719,-44.1008338928223,0.0022211758114281,4.82864306832198e-05,1.67069429153344e-05,889.902813827318,7523.54981468347,1133
"7252",120888,-19.9358444213867,-44.0658493041992,0.0027307962009217,5.93651348026469e-05,2.06018266908359e-05,4519.11491837139,7051.71683302229,744
"7253",120889,-19.9288539886475,-44.0307998657227,0.0024692113802302,5.36785082658753e-05,1.98981688299682e-05,3017.84973034401,6473.35644767404,951
"7254",120890,-19.9218692779541,-43.9956855773926,0.002840752233169,6.17554833297618e-05,1.58938291860977e-05,2605.13186955831,8555.84674278637,721
"7255",120891,-19.914888381958,-43.960506439209,0.0035310915118316,7.67628589528613e-05,1.85679036803776e-05,1329.33589367048,9671.06114801149,434
"7256",120892,-19.9079132080078,-43.9252548217773,0.0028831455856561,6.26770779490471e-05,1.75785789906513e-05,1036.90848403835,9602.98524838332,1032
"7257",120893,-19.9009418487549,-43.8899345397949,0.0012947712966706,2.81472021015361e-05,1.13103560579475e-05,4352.73111114208,7325.53812718532,716
"7258",120894,-19.8939762115479,-43.8545379638672,0.0014986913447501,3.25802466250025e-05,1.32455588754965e-05,8061.43686443932,1786.93216582195,956
"7259",120895,-19.8870124816895,-43.8190689086914,0.0017197724955622,3.73863585991785e-05,1.48457947943825e-05,11805.1653108514,1659.86372925955,839
"7260",120896,-19.8800525665283,-43.7835235595703,0.0007882485842856,1.71358387888176e-05,1.15394914246281e-05,15564.2836880263,605.021731572557,1029
"7261",120897,-19.8730964660645,-43.7478981018066,0.0017544747461215,3.81407553504687e-05,1.4528905012412e-05,19334.6764560077,28.6352761561554,757
"7262",120898,-19.8661441802979,-43.7121925354004,0.0007281020552909,1.58283055498032e-05,1.26172917589429e-05,23114.7701926255,41.8981006063646,1168
"7263",120899,-19.8591938018799,-43.6764068603516,0.0006215092798811,1.35110713017639e-05,1.1096636626462e-05,26903.922215739,194.50265183129,823
"7264",120901,-19.8453006744385,-43.6045722961426,0.0008637123028165,1.87763544090558e-05,9.97465485852445e-06,34510.3975035666,9.99081334631063,353
"7265",120902,-19.8383560180664,-43.5685234069824,0.0001895282248369,4.12017880080384e-06,9.19573540159035e-06,38327.4530004775,15.9746278264224,957
"7266",120903,-19.831413269043,-43.5323829650879,0.0006803596643294,1.47904274854227e-05,9.76627870841185e-06,42153.9730745469,13.0571789984563,572
"7267",120904,-19.8244724273682,-43.496150970459,4.46280366759311e-05,9.70174710346328e-07,9.57432257564506e-06,45989.907375984,5.22482866293966,889
"7268",120907,-19.8036556243896,-43.3868751525879,0.0008977813122328,1.95169850485399e-05,1.0949148418149e-05,57557.1233199008,77.5519132168832,978
"7269",120908,-19.7967166900635,-43.3502502441406,0.0006512598574772,1.41578229886363e-05,1.39854982990073e-05,61433.2944086262,139.09600994698,692
"7270",120909,-19.7897777557373,-43.3135185241699,0.0009055344999069,1.96855326066725e-05,1.27082930703182e-05,65320.3703247032,13.4031672406522,808
"7271",120910,-19.7828388214111,-43.276683807373,0.0002560590637585,5.56650138605619e-06,7.91566617408535e-06,69217.957425534,9.67011693170001,731
"7272",120912,-19.7689571380615,-43.2026863098145,0.0014326598902698,3.11447802232578e-05,1.64420089276973e-05,77046.6671343081,4.84524931140776,956
"7273",120913,-19.7620143890381,-43.1655197143555,0.0001778853693394,3.8670732465107e-06,8.19355864223326e-06,74011.2701080279,4.17910622143348,396
"7274",120916,-19.7411766052246,-43.0533142089844,0.0004758068353112,1.0343626854592e-05,1.03482088888995e-05,62644.0241895331,154.266704374906,828
"7275",120917,-19.734224319458,-43.0156707763672,0.0004511417246249,9.80742879619356e-06,1.37681108753895e-05,58876.9563614373,100.282015457607,978
"7276",120918,-19.7272720336914,-42.9779052734375,0.0006030137519701,1.31089946080465e-05,1.05191529655713e-05,55129.1940747237,2.92362399302009,1156
"7277",120919,-19.7203140258789,-42.9400100708008,0.0007398973430099,1.60847248480422e-05,1.01840441857348e-05,51406.8440926873,3.01539462422348,80
"7278",120920,-19.7133541107178,-42.901985168457,0.0006365618937707,1.38383020384936e-05,1.19801989058033e-05,47719.4566360437,4.76462621041724,862
"7279",120921,-19.7063903808594,-42.8638305664062,0.0013780260233033,2.99570874631172e-05,1.76151988853235e-05,44079.3014917859,5.52355519682266,534
"7280",120922,-19.6994209289551,-42.8255386352539,0.0006213749838934,1.35081518237712e-05,9.41890266403789e-06,40502.344703226,7.00915178509706,1048
"7281",120923,-19.6924476623535,-42.787109375,0.0003570867556845,7.76275555836037e-06,8.26606174086919e-06,37011.6891001757,5.23341155807567,730
"7282",120924,-19.6854705810547,-42.7485389709473,0.0008795521171123,1.9120698198094e-05,1.02224576039589e-05,33639.0401455103,13.1848362136033,1057
"7283",120925,-19.67848777771,-42.7098236083984,0.0008114211268548,1.76395897142356e-05,8.91490071808221e-06,30429.0653790577,16.8486539488601,814
"7284",120926,-19.6714992523193,-42.6709671020508,0.0003137795001748,6.82129348206217e-06,8.07417563919444e-06,27445.7873311319,5.87933361763935,2
"7285",120927,-19.6645050048828,-42.6319580078125,0.0003629104739957,7.88935813034186e-06,1.25145106721902e-05,24777.9347280201,34.9334741658348,825
"7286",120928,-19.6575050354004,-42.5928001403809,7.51260645301954e-05,1.63317531587381e-06,9.15511827770388e-06,22546.5100000584,63.352409875217,701
"7287",120929,-19.6504974365234,-42.5534896850586,0.0011295427175355,2.45552764681634e-05,1.10889395728009e-05,20900.6374646534,0.817517982944992,1112
"7288",120930,-19.6434841156006,-42.5140190124512,0.0006065938487154,1.31868227981613e-05,1.02771082310937e-05,19995.564361988,1.47506834734929,921
"7289",121213,-20.6406402587891,-47.4312400817871,0.0008950444353104,1.94574877241394e-05,1.61881453095702e-05,55579.062526687,26.5960311748016,839
"7290",121214,-20.6314754486084,-47.3945007324219,0.0011106122547062,2.41437446675263e-05,2.06496515602339e-05,53018.2223740865,66.7327450147407,807
"7291",121216,-20.6132831573486,-47.3213386535645,0.0001565139514241,3.40247720487241e-06,1.27985331346281e-05,48470.6804863413,6.6839356398102,459
"7292",121217,-20.6042518615723,-47.2849082946777,1.41869368803782e-05,3.0841167131257e-07,1.93116211448796e-05,46533.8710687549,7.93965666716901,1101
"7293",121219,-20.5863208770752,-47.2123413085938,8.63627112721588e-05,1.87745024504693e-06,2.05717587959953e-05,43468.6547920875,7.63339720080047,729
"7294",121220,-20.5774173736572,-47.176197052002,0.0008046442417253,1.74922661244636e-05,1.9129816791974e-05,42392.6302191415,7.85587781061794,1166
"7295",121226,-20.5248546600342,-46.9611930847168,0.0001314095547968,2.85672945210536e-06,2.37952081079129e-05,43189.1882821842,34.3820790513441,742
"7296",121227,-20.5162296295166,-46.9256477355957,0.0010163551305595,2.20946767512942e-05,2.00443864741828e-05,44478.729594959,5.081968049125,1064
"7297",121228,-20.507640838623,-46.8901824951172,0.0005127166023157,1.11460130938212e-05,2.47265015786979e-05,46042.5850140256,5.52085287505348,932
"7298",121229,-20.4990901947021,-46.8547897338867,0.0003666298453026,7.97021402831888e-06,2.36187916016206e-05,47851.7250097864,4.79381315038932,843
"7299",121231,-20.4820976257324,-46.7842216491699,0.0002868517740353,6.23590813120245e-06,1.95744614757132e-05,52093.5956613341,2.83773970632995,1002
"7300",121232,-20.4736518859863,-46.7490463256836,0.0007019661316007,1.52601332956692e-05,2.1533778635785e-05,54474.722433651,1.93372762419632,1179
"7301",121233,-20.4652423858643,-46.7139358520508,0.0006960023019928,1.51304848259315e-05,2.10865946428385e-05,56998.8267856044,1.4291697015998,857
"7302",121234,-20.4568672180176,-46.6788902282715,0.0002591984730315,5.63474941372988e-06,1.93450377992122e-05,59646.5188096632,2.33053675884807,757
"7303",121235,-20.4485244750977,-46.6439094543457,6.00113962718751e-05,1.30459557112772e-06,1.80833667400293e-05,62400.8979370901,2.19806822987159,1067
"7304",121237,-20.4319381713867,-46.5741310119629,0.0004041443207825,8.78574610396754e-06,1.87181249202695e-05,67412.3249934686,1.98104476762804,918
"7305",121241,-20.3991451263428,-46.4352645874023,0.000357131646524,7.76373144617537e-06,1.02613403214491e-05,71597.4762750108,0.868207198063757,887
"7306",121242,-20.3910217285156,-46.4006805419922,0.000879237337358,1.91138551599579e-05,1.45225712913089e-05,73077.5222663688,1.06001363516396,1149
"7307",121243,-20.3829288482666,-46.3661460876465,0.0014474516938207,3.14663411700167e-05,2.05207343242364e-05,74710.7199127276,1.32089887751662,897
"7308",121244,-20.3748645782471,-46.331657409668,0.0008937899183365,1.9430215616012e-05,1.43769930218696e-05,74412.7037888909,1.47510958335601,485
"7309",121245,-20.366828918457,-46.2972183227539,0.0003719967480719,8.08688582765171e-06,1.29128002299694e-05,70745.3004225508,2.82189437945065,1088
"7310",121246,-20.3588218688965,-46.2628211975098,0.0001613586373423,3.50779646396404e-06,1.22810715765809e-05,67084.3325787451,13.5334917897796,780
"7311",121249,-20.3349628448486,-46.1598777770996,0.0003402187612664,7.39606002753135e-06,1.89112342923181e-05,56142.2888640984,1.76957131102301,1186
"7312",121250,-20.3270626068115,-46.1256408691406,0.0004657745485019,1.01255336630857e-05,1.57943031808827e-05,52509.3386277074,1.7311149732535,1120
"7313",121251,-20.3191871643066,-46.091438293457,0.0007064073543006,1.53566816152306e-05,1.69927861861652e-05,48884.0603458309,2.0865026405804,950
"7314",121252,-20.3113384246826,-46.0572738647461,0.001806434825994,3.9270322304219e-05,1.93872492673108e-05,45267.7148946289,2.3834591592349,1093
"7315",121253,-20.2957153320312,-45.9890327453613,0.0016400788299506,3.56538876076229e-05,2.21433838305529e-05,38063.9552628143,2.40629541553789,452
"7316",121254,-20.2879409790039,-45.9549598693848,0.0005464310033858,1.18789348562132e-05,1.25927499539102e-05,34480.6958336088,2.37830543985911,573
"7317",121255,-20.2801876068115,-45.9209098815918,0.0003180649437126,6.91445529810153e-06,1.09081347545725e-05,30912.8563691245,12.8848818939673,848
"7318",121257,-20.2647552490234,-45.8528900146484,0.0006795234730816,1.47722494148184e-05,1.02729245554656e-05,23847.0255301789,6.82669653292176,1037
"7319",121258,-20.2570705413818,-45.8189163208008,0.0004834928749914,1.05107146737282e-05,1.04642576843617e-05,20369.3509346194,2.97113340296895,1186
"7320",121259,-20.2494106292725,-45.7849617004395,0.0007845637701393,1.70557341334643e-05,1.26894228742458e-05,16955.6832167549,2.48097023140805,685
"7321",121260,-20.241771697998,-45.7510261535645,0.000629642219792,1.36878743433044e-05,1.12812767838477e-05,13652.1667804864,2.63506450312653,169
"7322",121262,-20.2265548706055,-45.6832084655762,0.0005018082119931,1.09088741737651e-05,1.11155868580681e-05,7927.31250579316,3.02065832744846,1119
"7323",121263,-20.2189788818359,-45.6493225097656,0.0008611221892351,1.8720047592069e-05,1.10118562588468e-05,6349.09151276965,9.44414776087744,533
"7324",121264,-20.2114219665527,-45.6154479980469,0.000188860029084,4.10565280617448e-06,1.07291944004828e-05,6624.36305339209,7.09428477413811,770
"7325",121265,-20.2038860321045,-45.5815849304199,0.0007607128864037,1.65372366609517e-05,1.1424058357079e-05,8574.21111401203,14.9719054001491,982
"7326",121266,-20.1963691711426,-45.5477333068848,0.0003668329209176,7.97462871560128e-06,1.02003632491687e-05,11365.845841945,11.7657853944249,894
"7327",121267,-20.1888694763184,-45.5138893127441,0.0003597987815737,7.8217126429081e-06,1.10354831122095e-05,14520.8619035486,4.31694816377443,876
"7328",121268,-20.1813907623291,-45.4800491333008,0.0004942103641951,1.07437035694602e-05,9.6875619419734e-06,17846.9369527469,5.34004874259662,1138
"7329",121269,-20.1739292144775,-45.446216583252,0.0001604957647032,3.48903836311365e-06,9.893425158225e-06,21263.3548341888,4.48281603670833,1004
"7330",121270,-20.1664848327637,-45.4123840332031,0.0004588540796248,9.97508868749719e-06,9.61593013926176e-06,24732.8763746121,3.96723053214836,753
"7331",121271,-20.1590595245361,-45.3785552978516,0.0001247771947419,2.71254771178064e-06,1.15431485028239e-05,28235.3165365106,4.12641276126426,822
"7332",121273,-20.1442604064941,-45.3108978271484,0.0002749143877736,5.97639973420883e-06,1.09607262857025e-05,35299.9640130755,31.1022415987894,471
"7333",121274,-20.1368846893311,-45.2770614624023,0.0007566068597952,1.64479752129409e-05,1.29835425468627e-05,36966.064736759,162.14702993387,1127
"7334",121275,-20.1295261383057,-45.2432250976562,0.0007405706637655,1.60993622557726e-05,1.29148720589001e-05,33424.3928343336,259.85848852041,740
"7335",121276,-20.1221828460693,-45.2093811035156,0.0001299561040468,2.82513269667106e-06,1.14565264084376e-05,29896.8820684347,13.6478929862403,950
"7336",121277,-20.1148548126221,-45.1755294799805,0.0010513691486266,2.2855851057102e-05,1.49532443174394e-05,26389.3704892644,8.94623200799892,781
"7337",121278,-20.1075439453125,-45.1416664123535,0.0005643703534587,1.22689207273652e-05,1.22701185318874e-05,22910.82068741,2.69467200810207,1145
"7338",121279,-20.1002464294434,-45.1077919006348,1.61688904540824e-05,3.51497618567009e-07,1.81528885150328e-05,19477.2072646324,4.5427098505221,86
"7339",121282,-20.0784397125244,-45.0060920715332,0.0005362176052585,1.16569044621428e-05,1.03860247691046e-05,9928.85491522082,14.4034039361753,542
"7340",121283,-20.0711994171143,-44.9721565246582,0.0006204395558597,1.34878164317342e-05,1.60934177984018e-05,7549.56310213034,71.4977736367192,982
"7341",121284,-20.0639705657959,-44.9382057189941,5.84816875743854e-05,1.27134103422577e-06,1.88940957741579e-05,6439.73235911898,36.5969222876856,1057
"7342",121285,-20.0567569732666,-44.9042320251465,0.0001944121850101,4.22635184804676e-06,1.10038936327328e-05,7213.11890325539,12.7736724048602,950
"7343",121287,-20.0423641204834,-44.8362159729004,0.0008313406106026,1.80726219696226e-05,1.22727833513636e-05,12312.2344085361,14.1848366782884,690
"7344",121288,-20.0351867675781,-44.8021697998047,0.0004886207225354,1.06221896203351e-05,1.06196812339476e-05,15514.1330118477,15.989835846463,7
"7345",121289,-20.0280208587646,-44.7680969238281,0.0008361816253454,1.81778614205541e-05,1.69921968335984e-05,18869.7880830731,14.4487561554595,837
"7346",121290,-20.020866394043,-44.7339935302734,0.0004000607186753,8.69697214511689e-06,1.1395300134609e-05,22311.452137443,7.39099345405553,672
"7347",121291,-20.0137233734131,-44.6998634338379,0.001046163150022,2.27426771743922e-05,1.18530660984106e-05,20390.5295480167,15.3035086854055,775
"7348",121292,-20.0065898895264,-44.665699005127,0.0007359522205661,1.59989613166545e-05,1.07344912976259e-05,18082.6508221746,13.8531260546449,1013
"7349",121293,-19.9994678497314,-44.6315002441406,0.0004349325754446,9.45505598792806e-06,1.156106191047e-05,16266.1182650297,9.59111950227901,814
"7350",121294,-19.9923553466797,-44.5972633361816,0.0004581914272421,9.96068320091581e-06,1.17245281217038e-05,15121.1845203862,12.3965407895975,426
"7351",121295,-19.9852542877197,-44.5629920959473,0.0007964072538015,1.73132011695998e-05,1.06014995253645e-05,14807.2801858976,12.4514496636513,1138
"7352",121296,-19.9781608581543,-44.5286827087402,0.0003046160163648,6.6220873122802e-06,9.92285731626907e-06,15377.4774838832,8.58188533736345,1103
"7353",121297,-19.971076965332,-44.4943313598633,1.68099341522066e-05,3.65433351134925e-07,1.15057046059519e-05,16744.5070327309,14.9788657504224,747
"7354",121298,-19.9640026092529,-44.4599380493164,0.0004907758175249,1.06690395114128e-05,9.99845178739633e-06,13236.566994909,328.124474611736,814
"7355",121299,-19.956937789917,-44.4255027770996,0.0002948740766441,6.41030601400416e-06,1.17928102554288e-05,9595.8194837577,358.021221104633,537
"7356",121300,-19.9498805999756,-44.3910179138184,0.0010596424508548,2.3035705453367e-05,2.73388268396957e-05,5970.50778232187,216.489126820375,1085
"7357",121301,-19.9428310394287,-44.3564872741699,0.0014688140436192,3.19307400786784e-05,3.36168450303376e-05,2452.88868646477,424.440296338212,995
"7358",121302,-19.935791015625,-44.321907043457,0.0017735240253387,3.85548701160587e-05,2.904202483478e-05,1813.09338237082,169.739531204299,766
"7359",121303,-19.9287567138672,-44.2872772216797,0.0010804040248331,2.34870440181112e-05,1.21615303214639e-05,5250.37764534695,217.159503704755,985
"7360",121304,-19.9217319488525,-44.2525939941406,0.0011262971056567,2.44847196881892e-05,1.31752149172826e-05,6724.41850220388,228.654809887223,1153
"7361",121305,-19.9147129058838,-44.2178573608398,0.001207174584124,2.62429257418262e-05,1.14075592136942e-05,3040.27298956853,1536.51618700389,157
"7362",121306,-19.9076995849609,-44.1830635070801,0.0005833464183524,1.26814438772271e-05,1.09014499685145e-05,680.773735112086,1478.06897894142,600
"7363",121307,-19.9006938934326,-44.1482086181641,0.0002975015504489,6.46742500975961e-06,1.38942668854725e-05,4359.683848133,744.488515225712,990
"7364",121308,-19.8936939239502,-44.1132965087891,0.0011027295404346,2.39723813137971e-05,1.3832146578352e-05,5242.03208422546,1165.89810412638,1006
"7365",121309,-19.8866996765137,-44.0783233642578,0.0014526578597724,3.15795186907053e-05,1.1551467650861e-05,6797.65737194361,1316.84167806731,830
"7366",121310,-19.879711151123,-44.043285369873,0.0012452756527636,2.70712098426884e-05,1.22279570859973e-05,8041.38049141895,4616.8749345897,710
"7367",121311,-19.8727283477783,-44.0081825256348,0.001436917031242,3.12373267661314e-05,1.2012212209811e-05,7834.70137689576,6433.8773999353,8
"7368",121312,-19.8657493591309,-43.973014831543,0.002454517307342,5.33590718987398e-05,1.38664554469869e-05,6814.49261580291,5381.09120504776,941
"7369",121313,-19.8587760925293,-43.9377746582031,0.0021210709965089,4.6110239054542e-05,1.39196909003658e-05,6522.84607699804,9249.01571661466,583
"7370",121314,-19.851806640625,-43.9024658203125,0.00216504259879,4.7066143451957e-05,1.50128616951406e-05,7704.07635297323,7522.83560323412,789
"7371",121315,-19.8448429107666,-43.8670806884766,0.0021115066119818,4.59023176517803e-05,1.4312408893602e-05,10211.8497887158,1963.43911724927,1158
"7372",121321,-19.8031253814697,-43.6531448364258,9.51670304516483e-06,2.06884848807931e-07,1.2706113011518e-05,31214.9045961764,32.5713243029338,796
"7373",121322,-19.7961807250977,-43.6171951293945,0.0008952150456025,1.94611966435332e-05,1.0916333849309e-05,34946.8094031324,27.2112220676505,1019
"7374",121323,-19.7892398834229,-43.5811576843262,0.0001704408009572,3.70523480341944e-06,9.30135320231784e-06,38701.9389344506,21.8958030937027,500
"7375",121324,-19.782299041748,-43.5450286865234,0.000425913323852,9.25898530113045e-06,1.0177407602896e-05,42477.0335763356,31.6056112082494,1111
"7376",121325,-19.7753601074219,-43.5088081359863,0.0005918507849855,1.286632141273e-05,1.01745827123523e-05,46269.4425835648,32.8769923776885,1150
"7377",121326,-19.7684230804443,-43.4724922180176,0.0009197323051921,1.99941805476556e-05,1.08275016827974e-05,50077.7340696671,25.0235305872974,805
"7378",121327,-19.7614860534668,-43.4360771179199,0.0010314916689822,2.24237319343956e-05,1.50620671774959e-05,53901.0497232191,19.9964049946572,1093
"7379",121328,-19.7545490264893,-43.3995666503906,0.0001415453457411,3.07707273350388e-06,8.40424218040425e-06,57738.0485590633,18.2336737814962,760
"7380",121330,-19.7406768798828,-43.3262329101562,0.0003445823558649,7.49092077967362e-06,9.46028103498975e-06,65452.9158831864,34.0354789411898,1089
"7381",121331,-19.7337398529053,-43.2894096374512,0.0010456483905727,2.27314867515815e-05,1.15287703010836e-05,69329.8547308201,18.5795545903603,318
"7382",121332,-19.7268009185791,-43.2524757385254,0.000579880494115,1.26060976981535e-05,1.02151416285778e-05,73219.9762151931,18.386035040544,971
"7383",121335,-19.7059803009033,-43.1410064697266,0.0004359567392384,9.47732041822746e-06,9.28795088839252e-06,69092.7224918935,6.76198191286883,588
"7384",121336,-19.6990375518799,-43.1036186218262,0.0005501074920175,1.19588585221209e-05,9.87145176623017e-06,65224.5709525395,5.6032397511013,870
"7385",121337,-19.6920909881592,-43.0661125183105,0.0001306415051658,2.84003272099653e-06,9.61778550845338e-06,61356.0901204303,9.42745156921399,1028
"7386",121338,-19.6851425170898,-43.0284805297852,0.000430987411164,9.36929154704558e-06,9.49583682086086e-06,57489.0965636094,6.0529992168368,1168
"7387",121339,-19.6781921386719,-42.9907264709473,0.0002584928961368,5.61941078558448e-06,1.03749107438489e-05,53627.1279171735,5.04240984278914,118
"7388",121340,-19.6712379455566,-42.9528427124023,6.44995049015051e-06,1.40216315003272e-07,9.15563941816799e-06,49773.5534687979,5.78755136519663,1107
"7389",121341,-19.6642799377441,-42.9148292541504,0.0009931059430527,2.15892596315825e-05,1.50977721204981e-05,45933.9611500369,22.4951126970086,871
"7390",121342,-19.6573181152344,-42.8766860961914,0.0007004890430835,1.52280226757284e-05,1.10631253846805e-05,42115.9786355021,46.1907234450055,746
"7391",121343,-19.6503524780273,-42.8384056091309,0.0006784751694794,1.4749460206076e-05,1.01136820376269e-05,38329.5915378152,86.735013664559,829
"7392",121344,-19.6433811187744,-42.7999877929688,0.0004598796658683,9.99738404061645e-06,9.18634304980515e-06,34589.9920090355,19.6422173326019,971
"7393",121345,-19.6364078521729,-42.7614288330078,0.0007902647812443,1.71796691574855e-05,1.02293352028937e-05,30919.673301088,35.1773748853487,4
"7394",121346,-19.6294269561768,-42.722728729248,0.000428187820944,9.30843089008704e-06,8.12650068837684e-06,27352.5603409627,34.3757282595827,692
"7395",121347,-19.6224422454834,-42.6838836669922,0.0005135562241775,1.11642657429911e-05,8.04351839178707e-06,23942.3341900953,45.6873157350454,1202
"7396",121348,-19.6154499053955,-42.644889831543,0.0012096100690541,2.62958710663952e-05,1.08971644294797e-05,20774.6548003187,362.176139219164,1033
"7397",121349,-19.6084518432617,-42.6057434082031,0.0006982723225519,1.5179833098955e-05,1.09105221781647e-05,17988.7250242114,49.9625052575429,763
"7398",121350,-19.601448059082,-42.5664443969727,0.0009620946148061,2.09151003218722e-05,1.03962447610684e-05,15800.249030245,58.5124328898683,513
"7399",121351,-19.5944385528564,-42.526985168457,0.0013562591120717,2.94838937406894e-05,1.20157601486426e-05,14496.1188341244,30.732154042727,1096
"7400",121636,-20.5730972290039,-47.3692512512207,0.0007878212636569,1.71265492099337e-05,1.59166065714089e-05,55150.811209832,1087.10290158596,765
"7401",121637,-20.5640239715576,-47.3327331542969,0.0006067983467801,1.31912684082636e-05,1.21503671834944e-05,53185.5371567334,587.06629791401,839
"7402",121638,-20.5549926757812,-47.2963180541992,0.0002644393216542,5.74868090552627e-06,1.21212460726383e-05,51447.5775168488,9.55986241871444,1137
"7403",121640,-20.5370616912842,-47.2237739562988,0.0003779855123866,8.2170763562317e-06,1.62153301062062e-05,48734.9144554978,9.26641574926767,56
"7404",121642,-20.5192985534668,-47.1516036987305,0.0003959794594265,8.60824911796954e-06,2.6320400138502e-05,47162.2157658237,9.59345531384949,978
"7405",121643,-20.5104789733887,-47.1156539916992,0.0001457864423173,3.16927048515936e-06,2.50449320446933e-05,46835.9032569978,70.5771334376475,991
"7406",121649,-20.4583835601807,-46.9017219543457,9.99639505607774e-05,2.1731293600169e-06,2.05428714252776e-05,51202.9491295165,5.50470824095026,958
"7407",121650,-20.4498329162598,-46.866340637207,0.0003904822769982,8.48874515213538e-06,2.15695417864481e-05,52850.6822319078,5.38340557235663,21
"7408",121651,-20.4413185119629,-46.8310356140137,0.0009375501613249,2.03815252461936e-05,2.5414019546588e-05,54705.8236799046,4.2492901408635,1228
"7409",121652,-20.43284034729,-46.7957992553711,0.0009226362781191,2.0057310393895e-05,2.2800462829764e-05,56746.5713956038,2.52244483461319,1055
"7410",121654,-20.4159870147705,-46.7255363464355,0.0002813527926264,6.11636505709612e-06,1.89762213267386e-05,60796.0857621978,16.7846535166045,775
"7411",121655,-20.4076118469238,-46.690502166748,0.0006064008139219,1.31826263896073e-05,1.89661568583688e-05,60737.5422309588,0.766192135086697,816
"7412",121656,-20.3992691040039,-46.6555328369141,0.0006734261005476,1.46396978379926e-05,1.91816798178479e-05,60911.7106095515,0.420653113717586,965
"7413",121657,-20.3909606933594,-46.6206283569336,0.0004506242039497,9.79617834673263e-06,1.67313464771723e-05,61315.4465535705,0.771235750136818,390
"7414",121660,-20.3662261962891,-46.5162582397461,0.000186846363249,4.06187746193609e-06,1.18959733299562e-05,63836.1629431929,1.90503170792438,826
"7415",121661,-20.3580436706543,-46.4815826416016,0.0015238343985402,3.3126834750874e-05,1.98422530957032e-05,65080.8302226393,12.9104493064204,1143
"7416",121662,-20.3498916625977,-46.4469604492188,0.0008221344323828,1.78724876604974e-05,1.72229320014594e-05,66508.6760972919,3.34635081801011,848
"7417",121663,-20.3417701721191,-46.4123878479004,0.0002126458775819,4.62273646917311e-06,1.18642683446524e-05,68107.4294262512,1.7807740179049,1065
"7418",121666,-20.3175792694092,-46.3089561462402,0.0008749906555749,1.90215359907597e-05,1.46351048897486e-05,71341.3028817585,1.96275441038944,769
"7419",121667,-20.3095722198486,-46.2745704650879,0.0008526412093488,1.85356784641044e-05,1.54808622028213e-05,67721.5088432461,1.9810014589945,518
"7420",121668,-20.3015918731689,-46.2402267456055,0.0012624598493857,2.74447793344734e-05,1.45858493851847e-05,64112.6692779337,1.66410704606299,1010
"7421",121676,-20.2386951446533,-45.9668121337891,0.0007735402869002,1.68160931934835e-05,1.2702545063803e-05,35832.1984872653,2.3115552074593,1175
"7422",121677,-20.2309436798096,-45.9327735900879,0.0007701177892158,1.67416910699103e-05,1.34265565066016e-05,32426.1053241406,2.44965588397466,1013
"7423",121678,-20.223217010498,-45.8987655639648,0.0003277340456406,7.12465316610178e-06,1.06576662801672e-05,29078.0334055241,2.63409811273934,80
"7424",121679,-20.2155113220215,-45.8647766113281,0.0004506524855969,9.79679316515103e-06,1.03523179859621e-05,25807.9456349308,1.98657218486862,561
"7425",121681,-20.2001686096191,-45.7968711853027,0.000131353859615,2.85551868728362e-06,9.35323987505399e-06,19652.8079129921,2.01243941064236,1036
"7426",121682,-20.1925315856934,-45.7629470825195,0.0003830317782558,8.32677778817015e-06,1.03873535408638e-05,16903.9258097734,9.18195398761637,836
"7427",121683,-20.1849136352539,-45.7290420532227,0.0005209966402617,1.13260139187332e-05,1.03738366306061e-05,14541.8911178726,97.8549832634974,894
"7428",121684,-20.1773166656494,-45.6951522827148,0.0002396811241851,5.21045922141639e-06,1.08494596133824e-05,12780.5200243998,155.968922525504,4
"7429",121685,-20.1697406768799,-45.6612777709961,0.0010110243747476,2.19787907553837e-05,1.19962423923425e-05,11887.9262399066,3.73582901203569,1195
"7430",121686,-20.1621856689453,-45.6274147033691,0.0008758697294979,1.90406462934334e-05,1.13253227027599e-05,12056.7152726496,5.93623203947582,637
"7431",121687,-20.1546497344971,-45.593563079834,0.0004291664663469,9.32970579015091e-06,1.08329522845452e-05,13245.194003952,12.9492811213694,1036
"7432",121688,-20.1471328735352,-45.5597190856934,0.0013935336537542,3.02942098642234e-05,1.20667591545498e-05,15215.2775561275,27.908406680356,793
"7433",121689,-20.1396369934082,-45.5258865356445,0.000501226471897,1.08962276499369e-05,1.07373925857246e-05,17706.8194393779,109.138879767466,780
"7434",121690,-20.1321582794189,-45.492057800293,0.0005393234405346,1.17244226203184e-05,9.57931297307368e-06,20530.7920650102,7.38918801333466,963
"7435",121691,-20.1246967315674,-45.4582366943359,0.0008403718275076,1.82689527719049e-05,1.08429967440316e-05,23567.3331790324,7.56738699601202,822
"7436",121692,-20.1172542572021,-45.4244155883789,0.0002702013098314,5.8739415180753e-06,9.31947488425067e-06,26744.1211043951,6.11121613490309,1122
"7437",121693,-20.1098308563232,-45.3905982971191,0.0004287588089937,9.32084367377684e-06,1.19122069008881e-05,30016.1668956245,6.86250322557555,1146
"7438",121694,-20.1024227142334,-45.3567810058594,0.0006144315048004,1.33572066260967e-05,9.49569039221387e-06,33355.7321660659,4.04270352958662,898
"7439",121695,-20.0950317382812,-45.3229598999023,0.000304367861645,6.61669264445663e-06,9.65566050581401e-06,36744.5205189065,188.728157942189,277
"7440",121696,-20.0876579284668,-45.2891387939453,0.0008356272046512,1.81658087967662e-05,1.10641894934815e-05,38335.3326735499,505.218085376002,1127
"7441",121697,-20.0802993774414,-45.2553100585938,0.0013784310867777,2.99658931908198e-05,1.21968241728609e-05,34935.7221615626,328.124681315193,837
"7442",121698,-20.0729579925537,-45.2214775085449,0.0008936711019487,1.9427632651059e-05,1.43300540003111e-05,31580.6247972645,3.05708928059453,1015
"7443",121699,-20.0656318664551,-45.1876373291016,0.0003487798376227,7.58217038310249e-06,1.00609713626909e-05,28285.525203043,5.01868000192625,644
"7444",121701,-20.051025390625,-45.1199226379395,8.77366721852013e-05,1.90731896054785e-06,1.2094382327632e-05,21982.6609640736,8.85609830851728,947
"7445",121702,-20.0437431335449,-45.0860481262207,0.0003428170957704,7.45254556022701e-06,1.11310664578923e-05,19071.0738359082,8.66199020184201,1026
"7446",121703,-20.0364761352539,-45.0521583557129,0.0002583642481113,5.61661408937653e-06,1.13375963337603e-05,16434.9557077336,7.50402316578878,1002
"7447",121704,-20.0292224884033,-45.018253326416,0.0001721634816931,3.74268438463332e-06,1.18298958113883e-05,14229.285115602,7.4981881945582,24
"7448",121707,-20.0075416564941,-44.9164276123047,0.0003425466002227,7.4466652222327e-06,1.53054224938387e-05,12474.3152859026,7.41663866669057,544
"7449",121708,-20.0003414154053,-44.8824424743652,0.000521957714227,1.13469068310224e-05,1.21929615488625e-05,13860.6365849631,171.336843903478,1074
"7450",121709,-19.9931526184082,-44.8484344482422,0.000341046145877,7.41404664950096e-06,1.11961899165181e-05,15961.3933434621,275.208476508586,856
"7451",121711,-19.9788112640381,-44.7803382873535,1.77157888288093e-05,3.8512584410455e-07,1.2763193808496e-05,21417.0230385351,6.19289829095275,4
"7452",121712,-19.971658706665,-44.7462463378906,0.0007051901557133,1.53302207763772e-05,1.6160134691745e-05,19950.05128034,18.0142331133797,1012
"7453",121714,-19.9573841094971,-44.6779708862305,0.000643868557745,1.39971425596741e-05,1.00520237538149e-05,13909.79878301,60.6312662004174,617
"7454",121716,-19.9431533813477,-44.609561920166,0.0003301141387055,7.17639431968564e-06,1.54201406985521e-05,9715.43699004561,12.3386780275969,1175
"7455",121717,-19.9360523223877,-44.5753021240234,0.0002193099289797,4.76760715173441e-06,1.22654191727634e-05,9194.97276127655,18.9115426802998,1020
"7456",121718,-19.9289608001709,-44.5410003662109,0.0010958026286971,2.38217962760245e-05,1.62451142386999e-05,10063.9545889242,56.9795803174251,812
"7457",121719,-19.9218788146973,-44.5066604614258,0.0004865272530878,1.05766794149531e-05,1.22144356282661e-05,12028.177116111,8.0746408994895,528
"7458",121720,-19.9148063659668,-44.4722785949707,0.0007650847437616,1.66322770382976e-05,1.12048164737644e-05,14656.7079826913,65.9766292220839,1183
"7459",121721,-19.9077434539795,-44.4378509521484,0.0004728390194941,1.02791091194376e-05,9.50742105487734e-06,11713.2995054659,204.288513610624,1227
"7460",121725,-19.8795680999756,-44.2996711730957,0.0007256899989442,1.57758695422672e-05,1.14623517220025e-05,8375.69524774113,62.4537929366957,832
"7461",121726,-19.8725433349609,-44.2649993896484,0.0004999721222702,1.08689591797884e-05,1.31037295432179e-05,8950.76525293299,70.7150369535905,749
"7462",121727,-19.8655261993408,-44.2302742004395,0.0007066583748382,1.53621385834413e-05,1.02614985735272e-05,6588.0936421001,12.6094215957831,72
"7463",121728,-19.8585147857666,-44.1954917907715,0.0005329477280611,1.15858201752417e-05,1.01457599157584e-05,5817.59960422448,96.7096373547734,1135
"7464",121729,-19.8515110015869,-44.1606483459473,0.0017240242814295,3.74787887267303e-05,1.45827507367358e-05,7180.92894547248,1133.89696919928,925
"7465",121730,-19.8445129394531,-44.1257476806641,0.0006341700027405,1.37863044074038e-05,1.02193907878245e-05,9833.51862382852,1036.94495487426,996
"7466",121731,-19.8375205993652,-44.0907859802246,0.000465688866825,1.01236710179364e-05,1.0297564585926e-05,7476.87136832736,367.310716468723,486
"7467",121732,-19.8305339813232,-44.0557594299316,0.0012192048270662,2.65044527623104e-05,1.22414221550571e-05,6146.08011759736,1318.80461584705,961
"7468",121733,-19.8235530853271,-44.0206680297852,0.0016005139768822,3.4793782106135e-05,1.11948493213276e-05,6879.12385979289,6106.55350861946,841
"7469",121734,-19.8165760040283,-43.9855079650879,0.0017737517846399,3.85598214052152e-05,1.14624654088402e-05,9203.04942820903,9780.85715683033,786
"7470",121735,-19.8096046447754,-43.9502792358398,0.0027800628304248,6.04361484874971e-05,1.56780843099114e-05,12129.1756302006,8177.41070092778,11
"7471",121736,-19.8026371002197,-43.914981842041,0.0014121687490842,3.06993206322659e-05,1.20768909255276e-05,12762.2645874115,4557.19341945691,654
"7472",121737,-19.7956733703613,-43.8796119689941,0.0016221367186517,3.52638417098206e-05,1.25846463561174e-05,14377.5465676679,2211.11819668876,1453
"7473",121738,-19.7887153625488,-43.8441619873047,0.0013727542573178,2.98424838547362e-05,1.80126280611148e-05,16697.4126744736,840.910442200386,1286
"7474",121739,-19.781759262085,-43.8086395263672,0.0007411993028654,1.61130283231614e-05,1.58898292283993e-05,19476.0911416711,184.277658793171,788
"7475",121740,-19.7748069763184,-43.7730369567871,0.0014856797788525,3.22973864967935e-05,2.00594931811793e-05,22548.6479037305,107.758806477093,790
"7476",121741,-19.767858505249,-43.7373542785645,0.0011683192824421,2.53982452704804e-05,2.9813643777743e-05,25813.8717227796,47.1714584836098,805
"7477",121742,-19.7609119415283,-43.701587677002,0.0008045809008763,1.74908891494852e-05,2.35277057072381e-05,29210.7865053951,30.3267061560882,7
"7478",121743,-19.7539672851562,-43.6657409667969,0.0010751169465947,2.33721075346693e-05,1.41171203722479e-05,32700.9942681272,22.8681190206089,989
"7479",121744,-19.7470264434814,-43.6298027038574,0.0007350268751906,1.59788451128406e-05,1.04996670415858e-05,36261.0103746467,43.5610213598741,436
"7480",121745,-19.7400875091553,-43.5937767028809,0.0005629116312775,1.22372093755985e-05,9.92798231891356e-06,39874.5400016841,31.4349905248025,828
"7481",121746,-19.7331485748291,-43.5576591491699,0.0002507962508389,5.45209240954136e-06,8.63592231326038e-06,43333.0173167803,66.4964434860997,1168
"7482",121747,-19.7262115478516,-43.5214500427246,0.0010082667467941,2.1918842321611e-05,1.29716254377854e-05,46813.5494095243,12.0698756165032,841
"7483",121748,-19.7192764282227,-43.4851455688477,0.0005624538116535,1.2227256775077e-05,1.28018782561412e-05,50355.3196717733,59.6866209059671,1109
"7484",121749,-19.7123413085938,-43.4487419128418,0.0003816482367255,8.29670079838252e-06,9.34326544665964e-06,53948.6889590128,27.0364141923461,795
"7485",121750,-19.7054061889648,-43.4122428894043,0.0012770089997502,2.7761065211962e-05,1.22223909784225e-05,57585.6304170335,12.3354434823202,511
"7486",121751,-19.6984729766846,-43.3756408691406,0.0010650740332494,2.31537833315087e-05,1.34730908030178e-05,61261.0284617105,13.7244950562631,1096
"7487",121752,-19.6915378570557,-43.3389320373535,0.0003399188963157,7.38954122425639e-06,7.78445701143937e-06,64970.5770825185,31.5800256356646,1066
"7488",121753,-19.6846027374268,-43.3021202087402,0.0004867714123975,1.05819872260327e-05,8.76301328389673e-06,68710.2164091235,48.1700407926434,1109
"7489",121754,-19.6776676177979,-43.2652015686035,0.0001861030914369,4.04571937906439e-06,1.09018401417416e-05,72477.3725903218,481.010782491735,61
"7490",121755,-19.6707324981689,-43.2281684875488,0.000381746343919,8.29883356345817e-06,9.2876325652469e-06,76231.1357828039,1458.2700042614,989
"7491",121757,-19.6568546295166,-43.1537666320801,0.0008111197348625,1.76330377144041e-05,1.16039345812169e-05,68412.1757200954,7.52649251493474,552
"7492",121758,-19.6499137878418,-43.1163902282715,0.0008313237085531,1.8072254533763e-05,1.07319192466093e-05,64490.1258335516,4.51167448348262,1043
"7493",121759,-19.6429691314697,-43.0788917541504,0.001366458411212,2.97056176350452e-05,1.40624724735972e-05,60560.0479468265,6.37121023794435,792
"7494",121760,-19.6360244750977,-43.0412750244141,0.0003817028336925,8.29788768896833e-06,9.85607402981259e-06,56623.4133869139,5.20528651661584,881
"7495",121762,-19.6221237182617,-42.9656600952148,7.31851789623761e-05,1.590982151356e-06,8.36316939967219e-06,48732.8708471918,7.37436824501176,8
"7496",121764,-19.6082096099854,-42.8895263671875,0.0004158280298725,9.03973977983696e-06,1.04866803667392e-05,40832.8039838055,9.93936241444509,590
"7497",121765,-19.601245880127,-42.8512573242188,0.0004037500093545,8.77717411640333e-06,1.02385611171485e-05,36887.3428069453,18.7017137996492,1320
"7498",121766,-19.5942783355713,-42.8128509521484,0.0004926575093122,1.07099458546145e-05,9.7544052550802e-06,32952.963626376,7.17544161405744,927
"7499",121767,-19.5873050689697,-42.7743072509766,0.0005719154869439,1.24329453683458e-05,8.73897351993946e-06,29039.970115575,7.41231723312235,773
"7500",121768,-19.5803279876709,-42.7356185913086,0.0009189079537463,1.99762598640518e-05,1.21901393868029e-05,25164.6232190248,16.7181332105111,963
"7501",121769,-19.5733451843262,-42.6967811584473,0.0008749305779929,1.9020229956368e-05,1.02624708233634e-05,21355.5157705493,269.853856974915,574
"7502",121770,-19.5663566589355,-42.6577987670898,0.0004953579045832,1.07686500996351e-05,8.82064432516927e-06,17666.5216336435,1357.59299903356,860
"7503",121771,-19.559362411499,-42.6186676025391,0.0014464576524915,3.14447315759026e-05,1.16598339445773e-05,14204.3097515117,1064.2075379422,1137
"7504",121772,-19.552360534668,-42.5793800354004,0.0020146866518189,4.3797535909107e-05,1.41760965561843e-05,11197.9253460577,667.469478377177,813
"7505",121773,-19.545352935791,-42.5399360656738,0.0017828668424044,3.87579748348799e-05,1.47330292747938e-05,9132.57320416534,104.895173037807,184
"7506",121774,-19.5383377075195,-42.5003318786621,0.0014166109758662,3.07958907797001e-05,1.14764261525124e-05,8728.89134276806,63.0967003092426,1136
"7507",122057,-20.5421543121338,-47.4539070129395,0.0005894022051506,1.28130914163194e-05,1.98681736947037e-05,64001.1530451146,1342.76409330872,1093
"7508",122060,-20.5147972106934,-47.3440818786621,0.0007004359940765,1.52268694364466e-05,1.27549774333602e-05,58052.139222522,1324.07085280616,851
"7509",122061,-20.5057678222656,-47.3076782226562,0.0007023552134342,1.52685915963957e-05,1.49736952153035e-05,56483.1877899744,11.8315870510372,33
"7510",122062,-20.4967803955078,-47.271369934082,0.0015949965454638,3.46738379448652e-05,3.16020450554788e-05,55148.4381022026,8.66789449209928,1018
"7511",122063,-20.4878368377686,-47.2351608276367,0.0007449347394867,1.61942334671039e-05,2.06391596293543e-05,54062.9195243069,7.98597798511826,852
"7512",122064,-20.4789352416992,-47.1990394592285,0.0004518895566434,9.82368601398775e-06,1.32136392494431e-05,53239.1174550921,8.02446532629331,505
"7513",122065,-20.4700736999512,-47.163013458252,0.0008921989501686,1.9395629351493e-05,1.97985664271982e-05,52687.5848283483,100.925653752569,1318
"7514",122067,-20.4524765014648,-47.0912284851074,0.0003097522521784,6.73374461257481e-06,2.47937514359364e-05,52420.9546784398,37.4939350253032,786
"7515",122073,-20.40061378479,-46.8778495788574,0.001352204963041,2.93957600661088e-05,2.00758204300655e-05,57928.0276435802,3.71701014579216,864
"7516",122074,-20.3920993804932,-46.8425559997559,0.0017679732918622,3.84342019970063e-05,4.05816499551293e-05,56878.093804896,21.4124468311292,13
"7517",122075,-20.3836212158203,-46.8073310852051,0.0014892687031533,3.23754065902904e-05,3.54768708348274e-05,56067.5989032534,3.03023404294839,1218
"7518",122076,-20.3751773834229,-46.7721748352051,0.0007840588841645,1.70447583514033e-05,2.60775141214253e-05,55505.2105828634,2.75385620752355,1165
"7519",122077,-20.3667678833008,-46.7370910644531,0.0011614870054472,2.52497175097233e-05,1.75186305568786e-05,55196.8264874759,1.63773569213432,1158
"7520",122078,-20.3583946228027,-46.7020683288574,0.0006485385019914,1.40986630867701e-05,1.63329859788064e-05,55145.5474008347,0.650232909118443,735
"7521",122079,-20.3500518798828,-46.6671104431152,0.0012333288323134,2.68114963546395e-05,1.74384513229597e-05,55349.9066647939,0.330949853974769,808
"7522",122080,-20.3417434692383,-46.6322174072266,0.0003059314685742,6.6506840994407e-06,1.55664474732475e-05,55806.005002652,0.377503346391691,551
"7523",122081,-20.3334674835205,-46.5973815917969,0.000166028320109,3.60931130671815e-06,1.34441270347452e-05,56506.4371682353,0.674078101198293,798
"7524",122082,-20.3252239227295,-46.5626068115234,0.0008311008023156,1.8067408745992e-05,1.47842583828606e-05,57440.77103052,1.62610948054955,1166
"7525",122085,-20.3006782531738,-46.4586067199707,0.0003433228184803,7.46353953218204e-06,1.30470980366226e-05,61516.6945834598,1.26630847657362,834
"7526",122086,-20.2925567626953,-46.4240455627441,0.000464937520519,1.01073374025873e-05,1.24933912957204e-05,63250.4902085464,2.03811915189141,1295
"7527",122087,-20.2844657897949,-46.389533996582,0.0006218616708792,1.35187319756369e-05,1.40029796966701e-05,65146.7802758752,9.93202720324214,867
"7528",122098,-20.1972675323486,-46.0126724243164,0.0001975528493858,4.2946271605615e-06,1.57046179083409e-05,41227.3603696581,1.53317779997778,1164
"7529",122099,-20.1894931793213,-45.9786186218262,0.0001741015589686,3.78481649931928e-06,8.89939383341698e-06,37966.6126625604,1.73863422211447,989
"7530",122100,-20.1817436218262,-45.9445953369141,0.000294099657367,6.393470812327e-06,1.00963279692223e-05,34782.780448934,3.64281147954109,901
"7531",122101,-20.1740169525146,-45.9105949401855,0.0004343314649304,9.44198836805299e-06,8.93130709300749e-06,31697.093168491,3.78698153541923,476
"7532",122102,-20.1663131713867,-45.8766174316406,0.0003687280841404,8.0158279160969e-06,1.04126756923506e-05,28740.0769195699,3.57751706405412,833
"7533",122103,-20.1586322784424,-45.8426666259766,0.0003349897942825,7.28238683223026e-06,9.63776346907252e-06,25954.8739070246,2.4353218742245,959
"7534",122104,-20.150972366333,-45.8087348937988,0.0009623593577998,2.0920855604345e-05,1.07204250525683e-05,23400.8477561335,1.99276678461165,11
"7535",122105,-20.1433353424072,-45.7748222351074,0.0009373651591886,2.03775034606224e-05,1.04028631540132e-05,21160.4563946853,2.49339390489685,755
"7536",122106,-20.1357192993164,-45.7409286499023,0.0007755771512165,1.68603728525341e-05,1.22254159578006e-05,19341.7380841256,9.34177550910101,632
"7537",122107,-20.1281242370605,-45.7070465087891,0.0005300858010741,1.15236043711775e-05,1.06867710201186e-05,18070.5854364989,9.51045572989407,1390
"7538",122108,-20.120548248291,-45.6731834411621,0.0003832721722574,8.33200374472653e-06,1.07773703348357e-05,17466.3401986821,1.89003797168049,1273
"7539",122109,-20.1129951477051,-45.639331817627,0.0004279679687897,9.30365149542922e-06,1.10839200715418e-05,17595.8474561506,2.50198398520834,761
"7540",122110,-20.1054592132568,-45.6054916381836,0.0008525274970452,1.8533206457505e-05,1.02377380244434e-05,18443.2642597115,3.6308261691827,794
"7541",122111,-20.0979442596436,-45.5716590881348,0.0001658746014072,3.60596959581017e-06,9.45458305068314e-06,19915.9947888981,16.3139951256162,14
"7542",122112,-20.0904483795166,-45.5378379821777,0.0008166276275005,1.77527745108819e-05,1.05340113805141e-05,21887.5658597316,7.55361842042535,438
"7543",122113,-20.0829696655273,-45.504020690918,0.000495083957503,1.07626947283279e-05,1.02358808362624e-05,24236.3956810397,21.6978517943667,1019
"7544",122114,-20.075511932373,-45.4702110290527,0.0010763327227323,2.33985374507029e-05,1.09142147266539e-05,26862.8010131871,3.92645644444532,1014
"7545",122115,-20.0680694580078,-45.4364013671875,0.0005457586867123,1.18643192763557e-05,1.00483475762303e-05,29693.7397341999,4.78591041016527,1199
"7546",122116,-20.0606460571289,-45.4025955200195,1.38998308329974e-05,3.02170235499943e-07,9.24252253753366e-06,32675.3863821325,10.4481979996343,820
"7547",122117,-20.0532398223877,-45.3687858581543,0.001287397735723,2.79869072983274e-05,1.12801653813221e-05,35770.5374261161,4.23539919951916,817
"7548",122118,-20.0458507537842,-45.3349800109863,0.0001866525126388,4.05766331823543e-06,8.57549821375869e-06,38951.5235955582,14.2985144683325,1138
"7549",122119,-20.0384788513184,-45.3011665344238,0.0004380600403237,9.5230443548644e-06,1.40845122587052e-05,40437.6203786775,81.9600802720399,518
"7550",122121,-20.0237808227539,-45.233528137207,0.0004875497434113,1.05989074654644e-05,9.85694350674748e-06,34109.0839298974,2.96723578362443,908
"7551",122122,-20.0164566040039,-45.1996994018555,0.0003956788623327,8.6017143985373e-06,9.96132166619645e-06,31086.1780116219,3.84294728784823,1119
"7552",122123,-20.0091457366943,-45.1658592224121,0.0010782772951643,2.34408107644413e-05,1.51575713971397e-05,28198.0645922634,4.00209764920156,773
"7553",122124,-20.0018520355225,-45.132007598877,5.17679654876702e-05,1.12539055407979e-06,1.07499890873441e-05,25490.732140254,4.60512466382716,1126
"7554",122125,-19.994571685791,-45.09814453125,0.0001482638685956,3.2231275781669e-06,1.49984289237182e-05,23028.6283834636,5.48760648795887,890
"7555",122126,-19.9873046875,-45.064266204834,0.0008556933680665,1.86020297405776e-05,1.69556096807355e-05,20898.751653773,31.9901601334912,989
"7556",122127,-19.980052947998,-45.0303688049316,0.0011858274629048,2.5778857889236e-05,2.32913916988764e-05,19212.1929515175,13.7191610115652,813
"7557",122128,-19.9728145599365,-44.9964599609375,0.0003688449342007,8.01836813479895e-06,3.18870443152264e-05,18094.8103953545,8.24670127208191,1165
"7558",122129,-19.9655895233154,-44.9625282287598,0.0008553415209462,1.85943808901357e-05,2.45146875386126e-05,17655.2244561193,13.6551128756681,545
"7559",122130,-19.9583778381348,-44.9285774230957,0.0005828940375067,1.26716095110169e-05,1.45311305459472e-05,17944.534687698,15.826311289766,1178
"7560",122131,-19.9511775970459,-44.894603729248,0.0008413744035351,1.82907479029382e-05,1.58971633936744e-05,18930.5332299617,24.7667580011847,780
"7561",122132,-19.9439907073975,-44.8606033325195,0.0017728131351759,3.85394159820862e-05,1.78157242771704e-05,20513.9962182082,86.9207320132235,6
"7562",122133,-19.9368171691895,-44.8265800476074,0.0005637805807054,1.22560995805543e-05,1.28259080156568e-05,21808.4407846064,7.4783372860422,630
"7563",122134,-19.9296531677246,-44.7925300598145,0.0004883647234237,1.0616624422255e-05,1.57030117406975e-05,21678.126623488,13.0686779626708,1375
"7564",122135,-19.9225006103516,-44.7584495544434,0.0003432688699831,7.4623667387641e-06,1.15206166810822e-05,18112.9453020038,48.5422936925908,1375
"7565",122137,-19.9082317352295,-44.6901969909668,0.0003318931003377,7.21506739864708e-06,1.10625524030183e-05,11090.9466103425,159.256639460771,976
"7566",122138,-19.9011116027832,-44.6560211181641,0.0009157730419246,1.99081096070586e-05,1.41699683808838e-05,7740.45224799193,50.7392109319088,792
"7567",122139,-19.8940029144287,-44.6218070983887,0.0003983577953476,8.65995207277592e-06,2.06796703423606e-05,4816.9991813335,266.239024415337,8
"7568",122147,-19.8374633789062,-44.3466262817383,0.0009544702006678,2.07493521884317e-05,1.88070407602936e-05,12359.5021542354,18.3309692749632,1045
"7569",122148,-19.8304328918457,-44.3120193481445,0.0007624393219884,1.65747678693151e-05,1.48895696838736e-05,13254.2458028877,104.276679755477,1021
"7570",122149,-19.8234100341797,-44.2773551940918,0.0010413005475129,2.26369684241945e-05,1.75013210537145e-05,13337.0976255877,58.5067965013483,608
"7571",122150,-19.8163948059082,-44.2426414489746,0.0013241208689578,2.8785236281692e-05,1.74640881596133e-05,11851.3806347562,34.7817238694035,1177
"7572",122151,-19.8093852996826,-44.2078666687012,0.0004952896269969,1.07671658042818e-05,1.18884081530268e-05,11408.1317018002,118.746903345611,795
"7573",122152,-19.8023834228516,-44.173038482666,0.0002712193863771,5.89607361689559e-06,1.49726356539759e-05,11837.116930046,898.82105844048,884
"7574",122153,-19.7953872680664,-44.1381492614746,0.0005439960204967,1.18260004455806e-05,1.2379917279759e-05,8140.05821495701,2326.24162568192,1278
"7575",122154,-19.7883968353271,-44.1031951904297,0.0010715937060012,2.32955153478542e-05,1.41421814987552e-05,4444.95029107748,1071.76726430457,177
"7576",122155,-19.7814121246338,-44.0681800842285,0.0012047374257235,2.61899440374691e-05,1.37891720441985e-05,867.354428853882,1605.7736313993,856
"7577",122156,-19.7744312286377,-44.0331001281738,0.0003896647867804,8.47097362566274e-06,9.17044508241815e-06,3063.04132907021,2556.81087797861,1206
"7578",122157,-19.7674579620361,-43.9979515075684,0.0011873707371705,2.5812407329795e-05,1.11120325527736e-05,6767.33324955209,3138.41961910165,24
"7579",122158,-19.7604885101318,-43.9627342224121,0.001388853208482,3.01924610539572e-05,1.33884805109119e-05,10495.2063015413,4585.66689160526,935
"7580",122159,-19.7535228729248,-43.9274482727051,0.0016362944443244,3.55716183548793e-05,1.3118221431796e-05,13439.6723647859,4329.48498264284,776
"7581",122160,-19.746561050415,-43.8920860290527,0.0013145940538379,2.85781316051725e-05,1.21189441415481e-05,14189.3926967175,612.020428674577,543
"7582",122161,-19.7396049499512,-43.8566513061523,0.0014268604791141,3.10187060676981e-05,1.22690571515705e-05,15822.2823661466,579.106220825315,1207
"7583",122162,-19.7326507568359,-43.8211402893066,0.0003638079560914,7.90886861068429e-06,1.05234566945001e-05,18105.4562080494,252.220738234278,867
"7584",122164,-19.7187538146973,-43.7498779296875,0.0001656197528063,3.60042940883432e-06,1.02947969935485e-05,23850.891448336,26.1226487372959,770
"7585",122165,-19.7118110656738,-43.7141227722168,0.00011138081436,2.42132205130474e-06,1.01026089396328e-05,27071.1037281014,27.1532606176571,37
"7586",122166,-19.7048683166504,-43.6782836914062,0.0005490245475812,1.19353162517655e-05,1.11010140244616e-05,30430.9811054895,26.5758781215224,453
"7587",122168,-19.6909923553467,-43.6063423156738,0.0007110730730346,1.54581102833617e-05,1.03751344795455e-05,37429.7101156251,50.6614744855195,1335
"7588",122169,-19.6840553283691,-43.5702362060547,2.42053404235776e-05,5.26203052686469e-07,9.56166695686989e-06,41026.2588690007,46.5025259434326,899
"7589",122170,-19.6771221160889,-43.5340385437012,0.0006556201678904,1.42526123454445e-05,9.22913295653416e-06,44670.129640763,19.6491759609893,897
"7590",122172,-19.6632556915283,-43.461353302002,8.00041414095176e-05,1.7392204654243e-06,8.56405404192628e-06,52069.6360330015,6.22704572628794,1070
"7591",122174,-19.6493911743164,-43.3882751464844,0.0001169034962913,2.54138035415963e-06,9.11888309929054e-06,59585.1495610117,9.13500170968428,568
"7592",122175,-19.6424598693848,-43.3515777587891,0.0006454116228269,1.40306874527596e-05,9.84625057753874e-06,63379.2387401285,10.1719870382536,1164
"7593",122176,-19.6355266571045,-43.3147773742676,0.0002681872047105,5.83015662414255e-06,7.67636447562836e-06,67194.3007984024,8.81701173876605,968
"7594",122177,-19.6285953521729,-43.2778701782227,0.0009363737117382,2.03559502551798e-05,1.29090967675438e-05,71029.076099886,7.05272508498497,1233
"7595",122178,-19.6216602325439,-43.2408485412598,5.72947997170559e-05,1.24553912428382e-06,7.00187683833065e-06,74883.0349854582,1739.08599407784,1077
"7596",122182,-19.5939083099365,-43.0916175842285,0.0003479394836176,7.56390181777533e-06,9.58032705966616e-06,60275.4837190416,4.88698932886917,1195
"7597",122183,-19.5869655609131,-43.054012298584,0.0003079470170632,6.69450037094066e-06,9.23016159504186e-06,56303.4053862563,5.4614597314072,1038
"7598",122184,-19.5800189971924,-43.0162773132324,0.0004339276565588,9.43320992519148e-06,8.72371765581192e-06,52318.8848599639,6.80031602828888,477
"7599",122185,-19.573070526123,-42.9784202575684,0.0005540014481084,1.20435097414884e-05,9.54809092945652e-06,48322.9538932554,9.0406618639381,1016
"7600",122186,-19.5661182403564,-42.9404296875,0.0005145188879396,1.11851932160789e-05,9.20369257073617e-06,44314.7017480708,6.17395539233135,21
"7601",122188,-19.5522022247314,-42.8640518188477,0.0006233293042896,1.35506370497751e-05,9.57859538175398e-06,36263.4475854744,8.28267895169743,882
"7602",122189,-19.5452365875244,-42.8256568908691,0.0006470543012255,1.406639785273e-05,9.18589557841187e-06,32221.124877587,6.06333277764609,764
"7603",122190,-19.5382671356201,-42.7871246337891,0.0006981348469707,1.5176844499365e-05,9.22242907108739e-06,28169.4411855385,4.91392082170658,644
"7604",122191,-19.5312919616699,-42.7484474182129,0.000131510412757,2.85892201645765e-06,1.34349002109957e-05,24109.9857884574,9.68236615860489,1127
"7605",122192,-19.5243129730225,-42.7096252441406,0.0009010320281959,1.95876527868677e-05,1.22023611766053e-05,20047.2118434477,105.650337193934,70
"7606",122193,-19.5173263549805,-42.670654296875,0.0004307231702114,9.36354717850918e-06,8.24629842099966e-06,15989.4919400131,762.151642046754,1192
"7607",122194,-19.5103359222412,-42.631534576416,0.0005837733206135,1.2690724361164e-05,8.92153821041575e-06,11957.9910406357,1695.67297986342,533
"7608",122195,-19.5033378601074,-42.5922584533691,0.0006268050601647,1.36261969601037e-05,9.549312380841e-06,8015.1873175952,2528.8573688839,1292
"7609",122196,-19.4963321685791,-42.5528259277344,0.0019590365700423,4.25877515226603e-05,1.44259838634753e-05,4451.23500778115,2824.5531981541,1270
"7610",122197,-19.4893207550049,-42.5132331848145,0.0009848202571447,2.14091360248858e-05,1.0333547834307e-05,3179.44969064124,1451.18784472226,1087
"7611",122480,-20.4929637908936,-47.4652252197266,0.0009691703817225,2.10689213417936e-05,1.39578460220946e-05,68505.4347612531,430.387756179383,779
"7612",122481,-20.4837989807129,-47.428524017334,0.0012122852785978,2.63540277956054e-05,1.58235034177778e-05,66496.7514260642,1600.89334232971,827
"7613",122482,-20.4746799468994,-47.3919296264648,0.0001610377912584,3.50082154909614e-06,1.91164290299639e-05,64669.5806767658,1628.46387594169,1145
"7614",122483,-20.4656066894531,-47.3554382324219,0.0003764334942388,8.18333683128003e-06,1.82350649993168e-05,63037.2171444538,105.821414363844,607
"7615",122484,-20.4565773010254,-47.3190460205078,0.0007037234427116,1.52983357111225e-05,2.24875475396402e-05,61612.876467692,20.4814570201263,1092
"7616",122486,-20.4386463165283,-47.2465515136719,0.000147351346186,3.20329013447918e-06,1.19152773550013e-05,59437.106719067,7.83778503612133,1132
"7617",122488,-20.4208831787109,-47.174430847168,0.0004673362727771,1.01594841908081e-05,1.47237278724788e-05,58223.3428590672,12.7594240314126,768
"7618",122489,-20.4120655059814,-47.1385078430176,3.96030604861153e-05,8.60936097524245e-07,1.72782292793272e-05,57992.4868000057,16.3880234803948,1128
"7619",122497,-20.3429107666016,-46.8540802001953,0.0006845478583272,1.48814751810278e-05,1.48564649862237e-05,51421.1033155264,147.909958083226,914
"7620",122498,-20.3344326019287,-46.8188667297363,0.0014551610365742,3.16339355777018e-05,2.22457492782269e-05,50538.554444152,33.3073051195285,21
"7621",122499,-20.3259906768799,-46.7837257385254,0.0017619857826503,3.83040387532674e-05,2.80584827123675e-05,49929.2477907534,2.75664813404379,781
"7622",122500,-20.3175811767578,-46.748649597168,0.0009493523102719,2.06380937015638e-05,2.20533111132681e-05,49601.1103952138,1.53322802957804,1068
"7623",122501,-20.3092079162598,-46.7136421203613,0.0008989211964944,1.95417651411844e-05,2.53510115726385e-05,49558.3411972608,0.44626040543133,59
"7624",122502,-20.3008670806885,-46.6786956787109,0.0002494051577741,5.42185125596006e-06,2.30679197557038e-05,49799.7666258417,0.408930419357155,800
"7625",122503,-20.2925586700439,-46.6438102722168,0.0004941757651977,1.07429514173418e-05,1.52103903019452e-05,50319.7287927112,0.522775886337312,760
"7626",122504,-20.2842826843262,-46.6089897155762,0.0007136433559935,1.55139859998599e-05,1.38366785904509e-05,51107.9979393189,0.41923143927891,1187
"7627",122505,-20.2760391235352,-46.5742225646973,0.0007498749910155,1.63016302394681e-05,1.37908500619233e-05,52151.4587891976,0.573975757990737,509
"7628",122511,-20.2272205352783,-46.366756439209,0.0006698662946291,1.45623107528081e-05,1.72723102878081e-05,62782.6498579787,73.2159876526872,982
"7629",122512,-20.2191867828369,-46.3323516845703,0.0007780909545545,1.69150207511848e-05,3.15752149617765e-05,65115.6974242393,50.1703255242011,805
"7630",122513,-20.211181640625,-46.2979888916016,0.000317945144161,6.911850960023e-06,3.16460136673413e-05,67566.6978992123,1.02439351631624,819
"7631",122514,-20.2032032012939,-46.2636680603027,0.0006656606965407,1.44708847074071e-05,3.12091324303765e-05,66872.6452251933,1.16726794055597,1
"7632",122518,-20.171558380127,-46.1267776489258,0.0006562000253325,1.42652179420111e-05,2.30491004913347e-05,53397.7155521788,1.81672844017961,1368
"7633",122519,-20.1637115478516,-46.092643737793,0.0005130048575665,1.11522795123165e-05,2.23938350245589e-05,50137.4983912688,1.79434465274332,1033
"7634",122520,-20.1558895111084,-46.0585403442383,0.0006284182436502,1.36612661663094e-05,2.19582980207633e-05,46936.5072761841,1.4925653612739,1201
"7635",122522,-20.1403198242188,-45.9904289245605,0.0002519208856028,5.47654099136707e-06,1.14426447908045e-05,40764.1555556153,1.8108441164294,1197
"7636",122523,-20.1325702667236,-45.9564170837402,7.14618549864099e-05,1.55351858666108e-06,1.1390957297408e-05,37827.7780146974,2.20690786304559,823
"7637",122524,-20.1248435974121,-45.9224281311035,0.0012596412234415,2.73835048574256e-05,1.43170491355704e-05,35023.0243156697,2.67784667519289,956
"7638",122525,-20.1171417236328,-45.8884658813477,0.0007764286128804,1.68788828887045e-05,1.30372127387091e-05,32383.3587912976,2.97531702870234,1276
"7639",122526,-20.1094608306885,-45.8545227050781,0.0006793186821596,1.47677974382532e-05,1.16072433229419e-05,29950.8654828761,2.84392182152469,213
"7640",122527,-20.1018028259277,-45.8206024169922,0.0001761455250743,3.82925054509542e-06,1.12816160253715e-05,27779.2008409196,2.39127538191028,1162
"7641",122528,-20.094165802002,-45.7867012023926,0.0008780313510214,1.90876380656846e-05,1.53158198372694e-05,25932.6561539859,2.37078521176566,828
"7642",122530,-20.0789566040039,-45.7189483642578,0.0004036844929942,8.77574984770035e-06,1.27440152937197e-05,23504.6325035049,1.5698548871368,1236
"7643",122533,-20.0562953948975,-45.6174240112305,0.0006241799710551,1.35691298055463e-05,1.14284421215416e-05,23823.5795071862,1.64506539237661,859
"7644",122534,-20.0487804412842,-45.5836067199707,0.0004547964999801,9.88688043435104e-06,9.60489433055045e-06,24989.5949762381,5.08971144542102,35
"7645",122535,-20.0412845611572,-45.5497932434082,0.0001732689761411,3.76671687263297e-06,1.01065097624087e-05,26594.9659868383,690.755420832572,928
"7646",122536,-20.0338077545166,-45.5159873962402,0.0003485578727122,7.57734505896224e-06,9.68282711255597e-06,28565.2288374155,1084.79146084997,759
"7647",122537,-20.0263500213623,-45.4821853637695,0.0003474760787867,7.55382779971114e-06,9.14803422347177e-06,30830.2522403886,15.2904158450442,571
"7648",122538,-20.0189094543457,-45.4483909606934,0.0001977559250008,4.29904184784391e-06,9.40467998589156e-06,33329.6763594465,3.06707899812296,1025
"7649",122539,-20.0114879608154,-45.4145927429199,4.27778087441766e-05,9.29952364003839e-07,1.03849588413141e-05,36014.9129422057,2.8857860256866,848
"7650",122540,-20.0040817260742,-45.3807983398438,0.0007228250178741,1.57135873450898e-05,9.78890966507606e-06,38847.2328026353,2.82915619392549,28
"7651",122542,-19.9893226623535,-45.3131980895996,0.0010915737693721,2.37298645515693e-05,1.06519819382811e-05,43169.6455165409,3.10372408337631,761
"7652",122543,-19.9819679260254,-45.2793960571289,0.0004101361810171,8.91600393515546e-06,1.05279304989381e-05,40187.9836113093,2.9753656048711,456
"7653",122544,-19.9746284484863,-45.2455825805664,0.0001029519003168,2.2380847894965e-06,1.13240512291668e-05,37313.8529867378,2.85882139708636,1263
"7654",122545,-19.9673042297363,-45.2117614746094,0.0004654707718145,1.01189298220561e-05,9.39144592848606e-06,34574.6674920466,49.2315922815448,723
"7655",122546,-19.9599952697754,-45.1779327392578,0.0014581813156837,3.16995938192122e-05,1.74284796230495e-05,32005.225025453,78.0510641408597,799
"7656",122547,-19.9527015686035,-45.1440925598145,0.0010759607939689,2.33904520428041e-05,2.57885512837674e-05,29649.5213251527,171.322215894978,1301
"7657",122549,-19.9381580352783,-45.0763740539551,0.0007340078991546,1.59566934598843e-05,2.56424118560972e-05,25810.3666829986,307.410146246574,1
"7658",122552,-19.916446685791,-44.9746704101562,0.0006268099550652,1.36263033709838e-05,1.0320354704163e-05,20689.7152049659,1116.55845710451,629
"7659",122553,-19.9092350006104,-44.9407272338867,0.000856465925608,1.86188244697405e-05,1.16026612886344e-05,18643.8364515539,145.229419099548,1003
"7660",122554,-19.9020366668701,-44.9067649841309,0.0001707817914393,3.71264763998624e-06,1.12179841380566e-05,17124.4357143977,96.1510449966054,1174
"7661",122559,-19.8662261962891,-44.7365570068359,0.0010758910102595,2.33889350056415e-05,1.40131587613723e-05,14322.9387419997,17.2079225261795,861
"7662",122560,-19.8590984344482,-44.7024230957031,0.0002839561684595,6.17296018390334e-06,1.21325529107708e-05,10743.8806689938,19.334457459029,1121
"7663",122561,-19.8519802093506,-44.6682586669922,0.0004625428682629,1.00552797448472e-05,1.29906075017061e-05,7211.19380567663,73.0889159134681,125
"7664",122562,-19.8448715209961,-44.6340560913086,0.0008448090338788,1.83654137799749e-05,1.38767063617706e-05,3861.88104980305,788.971491817057,1137
"7665",122563,-19.8377742767334,-44.5998191833496,0.0009731606041896,2.11556653084699e-05,1.77924794115825e-05,2061.02520029912,1622.56596199238,1114
"7666",122564,-19.8306865692139,-44.5655403137207,0.0016902571660466,3.67447210010141e-05,3.29579306708183e-05,4480.95733836417,423.533546106724,470
"7667",122565,-19.8236083984375,-44.5312232971191,0.0014085600778344,3.06208712572698e-05,2.0515084543149e-05,7905.05529506391,38.3123842325668,1253
"7668",122566,-19.8165378570557,-44.4968643188477,0.0007678438778384,1.66922582138795e-05,1.9318515114719e-05,11470.4125473535,13.7470565385083,954
"7669",122567,-19.8094787597656,-44.462459564209,0.0013908284054196,3.02354001178173e-05,2.14100145967677e-05,15080.326964866,6.75054200348604,16
"7670",122568,-19.8024253845215,-44.4280090332031,0.0032353133428841,7.03328987583518e-05,6.00405692239292e-05,18711.7854046489,7.76956373361491,871
"7671",122569,-19.7883453369141,-44.3589630126953,0.0014495462091872,3.15118741127662e-05,1.69664308486972e-05,17938.4447970174,12.7464959797231,752
"7672",122571,-19.7742958068848,-44.2897148132324,0.0006265893080126,1.36215066959267e-05,1.48229182741488e-05,18398.3839868387,285.603675676904,647
"7673",122573,-19.760274887085,-44.2202491760254,0.0005584251412074,1.21396769827697e-05,1.01502218967653e-05,16442.8036110543,79.9978977299892,1097
"7674",122574,-19.7532730102539,-44.185432434082,0.001703807087324,3.70392845070455e-05,2.03830659302184e-05,12981.8417320116,132.741796547263,820
"7675",122575,-19.7462787628174,-44.1505508422852,0.001551786706841,3.37344936269801e-05,1.36384260258637e-05,9688.35726587129,1249.71907424368,44
"7676",122576,-19.7392902374268,-44.1156120300293,0.0005007681083952,1.08862632259843e-05,1.32968689285917e-05,6821.03143373054,653.673791127421,995
"7677",122577,-19.732307434082,-44.0806083679199,0.0001017593122014,2.21215896090143e-06,1.04767232187442e-05,5161.20084449279,557.31574783735,810
"7678",122578,-19.7253303527832,-44.0455360412598,0.0016087109688669,3.4971977584064e-05,1.32955701701576e-05,5860.36293720943,284.268754789317,509
"7679",122579,-19.7183570861816,-44.0103988647461,0.0011339815137034,2.46517720370321e-05,1.09841957964818e-05,8354.34028101666,128.750287893198,743
"7680",122580,-19.711389541626,-43.9751930236816,0.0013793770995107,2.99864586850163e-05,1.25421638585976e-05,8360.36194167287,908.234013366883,1557
"7681",122581,-19.7044258117676,-43.9399185180664,0.0013068646294414,2.84101006400306e-05,1.13114338091691e-05,7840.26364989988,1147.90665554243,752
"7682",122582,-19.6974678039551,-43.9045677185059,0.0021397901000455,4.65171760879457e-05,1.41823420563014e-05,9007.04206170036,698.869065024089,856
"7683",122584,-19.6835613250732,-43.8336410522461,0.0003758295388252,8.17020736576524e-06,1.10428027255693e-05,14330.2395072516,46.7733910701673,1267
"7684",122585,-19.6766128540039,-43.7980613708496,0.0012837699869123,2.79080431937473e-05,1.63564309332287e-05,17614.8079933087,27.1260514741884,344
"7685",122589,-19.6488475799561,-43.654914855957,0.0001619743070477,3.52118058799533e-06,1.23696827358799e-05,31935.2608495753,16.4364903636865,1262
"7686",122590,-19.6419124603271,-43.6189117431641,0.0002330553743377,5.06642118125455e-06,1.18069910968188e-05,35647.5015817814,11.0729605821012,1149
"7687",122593,-19.6211166381836,-43.5103492736816,0.0002277010853504,4.9500235945743e-06,1.10772507468937e-05,46939.2683684817,8.49596980190317,794
"7688",122594,-19.614185333252,-43.4739723205566,2.02914203555338e-05,4.41117833815952e-07,1.0386139365437e-05,50743.2954683342,5.06475747645649,838
"7689",122595,-19.6072559356689,-43.4374923706055,0.0006425158499041,1.39677358674817e-05,9.6977200882975e-06,54564.6400991694,57.7424011467757,1469
"7690",122596,-19.6003265380859,-43.4009132385254,0.0002459176039337,5.34603486812557e-06,9.16588669497287e-06,58401.5917020027,8.49457851633226,1087
"7691",122597,-19.5933952331543,-43.3642272949219,0.0008614526996097,1.8727232600213e-05,1.24474026961252e-05,62253.9516116763,10.0694302561484,38
"7692",122598,-19.5864658355713,-43.3274383544922,0.0002909379491029,6.32473802397726e-06,8.97820518730441e-06,66120.5169958242,9.74705020045962,924
"7693",122599,-19.5795345306396,-43.2905387878418,0.0001731448778627,3.76401908397384e-06,8.06670504971407e-06,70001.5013995676,5.03049375886021,847
"7694",122600,-19.572603225708,-43.253532409668,0.0003429808029977,7.45610441299505e-06,7.71450868342072e-06,73896.0086478786,228.537490064284,950
"7695",122601,-19.5656719207764,-43.2164115905762,0.0004354771645012,9.46689488046104e-06,8.721137419343e-06,72354.6681420067,75.8938564218289,109
"7696",122602,-19.5587368011475,-43.1791763305664,1.86220422619954e-05,4.04827005695552e-07,7.51016887079459e-06,68419.1363919242,9.27583429072997,744
"7697",122603,-19.5517997741699,-43.1418228149414,0.0004135311919526,8.98980852070963e-06,8.67287417349871e-06,64471.8557874082,5.25677655009528,955
"7698",122604,-19.5448627471924,-43.1043472290039,0.0005432394864328,1.18095540528884e-05,7.8497732829419e-06,60512.5321489964,7.54805928042184,790
"7699",122606,-19.5309772491455,-43.0290298461914,0.000506819000293,1.10178043541964e-05,8.22708261694061e-06,52557.9302123181,25.3361180724848,20
"7700",122607,-19.5240306854248,-42.9911842346191,0.0006604402642551,1.43573970490252e-05,9.2559312179219e-06,48562.5524086528,11.5233775675936,1073
"7701",122608,-19.5170803070068,-42.9532051086426,0.0002464214230712,5.35698745807167e-06,7.3804394560284e-06,44554.4423055447,3.53788460846061,1259
"7702",122609,-19.5101280212402,-42.915096282959,0.0002816027881635,6.12179974268656e-06,7.8360289990087e-06,40534.3053506563,4.10476668044246,1114
"7703",122610,-19.5031700134277,-42.8768539428711,0.0003553085680323,7.72409930505091e-06,7.52914638724178e-06,36502.1095375682,4.92810184032649,799
"7704",122611,-19.496208190918,-42.8384704589844,0.0002496130027793,5.42636962563847e-06,7.72666317061521e-06,32457.7216394478,5.69279826158879,1115
"7705",122612,-19.4892406463623,-42.7999496459961,0.0002789468235278,6.06406138103921e-06,6.95829021424288e-06,28402.4991122251,4.7588886038889,501
"7706",122613,-19.4822692871094,-42.7612838745117,3.59068536681661e-05,7.80583775394916e-07,6.96962115398492e-06,24337.3332764459,2.29393652846193,1315
"7707",122614,-19.4752922058105,-42.7224731445312,0.0001765411543601,3.83785118174274e-06,7.43892042009975e-06,20265.2054571847,4.06405030144725,1155
"7708",122615,-19.4683094024658,-42.6835136413574,0.0003120687533737,6.78410333421198e-06,7.21770538802957e-06,16191.7775105805,10.0297221739839,1018
"7709",122617,-19.45432472229,-42.6051406860352,0.0006800614519306,1.47839446071885e-05,9.65982144407462e-06,8125.81865121856,832.671855277601,49
"7710",122618,-19.447322845459,-42.5657196044922,0.0004198000951873,9.12608902581269e-06,8.19937122287229e-06,4376.66012713617,4216.42763802298,977
"7711",122619,-19.4403133392334,-42.5261421203613,0.0003074507703786,6.68371239953558e-06,9.95381196844392e-06,2636.13469154769,1287.82055194856,625
"7712",122902,-20.4437408447266,-47.4765434265137,0.0010792426364787,2.346179644519e-05,2.20620531763416e-05,64996.0910838776,88.1403327743657,752
"7713",122903,-20.4345760345459,-47.4398574829102,0.0018316722635063,3.98189622501377e-05,3.1616938940715e-05,63806.7895787738,16.2270978797827,1031
"7714",122904,-20.4254570007324,-47.4032745361328,0.0020137297615292,4.3776733946288e-05,2.46282488660654e-05,62846.9770057029,36.6941556865519,19
"7715",122905,-20.4163818359375,-47.3667945861816,0.0017603969899937,3.82694997824728e-05,1.76995927176904e-05,62124.872659639,9.47598021563647,810
"7716",122906,-20.4073524475098,-47.3304138183594,0.0011551938368938,2.51129094976932e-05,1.86257420864422e-05,61646.8984089893,5.47214114713272,777
"7717",122907,-20.3983669281006,-47.294132232666,0.0010442712919029,2.2701549823978e-05,2.32431339100003e-05,61416.401705144,56.0569095136171,1001
"7718",122910,-20.3716602325439,-47.185848236084,0.0001087994551198,2.36520554608433e-06,1.24281395983417e-05,62201.6211033222,7.76512713982114,782
"7719",122911,-20.3628425598145,-47.1499366760254,0.0001036940425365,2.25421831601125e-06,1.43285251397174e-05,62293.0833291261,6.93829841210743,779
"7720",122912,-20.3540630340576,-47.1141128540039,0.0003978350869147,8.64858884597197e-06,1.68584247148829e-05,59623.4818654112,10.8089470086649,55
"7721",122915,-20.3279628753662,-47.007137298584,0.0003022751034222,6.57119790048455e-06,2.48787509917747e-05,52536.467589832,5.51958624042205,705
"7722",122916,-20.3193397521973,-46.9716415405273,0.0007780951382301,1.6915111700655e-05,2.99039020319469e-05,50545.7746685935,1.9532092502118,1280
"7723",122917,-20.3107528686523,-46.936222076416,4.23098384771947e-06,9.1977909733032e-08,2.23012739297701e-05,48776.6498096332,1.47744665935553,1077
"7724",122918,-20.3022041320801,-46.9008750915527,0.001630204016692,3.5439217754174e-05,2.20913116208976e-05,47252.0561249733,2.24285288486953,1232
"7725",122919,-20.2936897277832,-46.8656044006348,0.0004937515823257,1.07337300505606e-05,1.24182406580076e-05,45993.8502248681,2.61983283792501,729
"7726",122920,-20.2852115631104,-46.8304061889648,0.000387124458939,8.41574910737108e-06,1.17085055535426e-05,45022.424703446,2.63617960494266,234
"7727",122921,-20.2767696380615,-46.7952766418457,0.0005278613407426,1.14752465378842e-05,1.08979456854286e-05,44354.5572360734,2.25547465510002,1161
"7728",122925,-20.2433395385742,-46.6554069519043,0.0010105545479746,2.19685771298828e-05,1.5584930224577e-05,44857.1588192052,0.25091107268745,983
"7729",122928,-20.2186107635498,-46.5511474609375,0.0003959136920457,8.60681939229835e-06,1.07292407847126e-05,48363.731688331,0.0344193538040589,495
"7730",122929,-20.2104301452637,-46.5165023803711,0.0003557854233804,7.73446572566172e-06,1.00005054264329e-05,50031.0482339819,0.134208147381139,1115
"7731",122930,-20.2022800445557,-46.4819145202637,0.0002726116717894,5.92634069107589e-06,1.25153928820509e-05,51908.0402137995,0.243493294572323,1246
"7732",122931,-20.1941585540771,-46.4473762512207,0.0008658721671963,1.88233079825295e-05,2.36143187066773e-05,53971.9490150276,0.648906509992414,20
"7733",122932,-20.1860675811768,-46.4128875732422,0.0006317558545561,1.37338229251327e-05,1.61009447765537e-05,56201.177067007,1.6189475425298,940
"7734",122933,-20.1780071258545,-46.3784446716309,0.0006458165189542,1.40394895424834e-05,1.55117213580525e-05,58576.0807120752,2.09656644210558,871
"7735",122936,-20.1539897918701,-46.275390625,0.0003605196288845,7.83738323661964e-06,1.40926131280139e-05,66403.9695019426,2.1615726437809,674
"7736",122937,-20.1460399627686,-46.2411231994629,0.0012782909616362,2.77889339486137e-05,2.40510344156064e-05,65590.46232808,2.29976986668262,742
"7737",122938,-20.1381168365479,-46.2068939208984,0.0018470543000148,4.01533543481492e-05,3.33716416207608e-05,62326.1666572751,1.85453501269739,1053
"7738",122939,-20.130220413208,-46.1726989746094,0.0006877261130284,1.49505676745321e-05,3.37366109306458e-05,59110.7047724308,1.76855757864357,67
"7739",122940,-20.1223487854004,-46.1385459899902,0.000806760177511,1.75382647285005e-05,3.09109018417075e-05,55952.4981534301,1.5944685468894,793
"7740",122941,-20.114501953125,-46.1044235229492,0.0008128995541483,1.76717294380069e-05,3.27068446495105e-05,52859.6763363831,1.40413116774965,800
"7741",122942,-20.1066818237305,-46.0703315734863,0.0010390131647,2.25872427108698e-05,2.10938578675268e-05,49843.515491591,1.71667468214619,917
"7742",122943,-20.0911121368408,-46.0022430419922,0.0007092863925208,1.54192694026278e-05,1.43519864650443e-05,44100.8187810281,2.09940547230153,500
"7743",122944,-20.0833644866943,-45.9682388305664,0.0002985769851875,6.49080402581603e-06,1.32884188133175e-05,41411.6570917827,2.33743306201025,755
"7744",122945,-20.0756397247314,-45.9342651367188,0.0001211315816362,2.63329525296285e-06,1.683107802819e-05,38877.1489055988,2.20695714552062,1630
"7745",122950,-20.0373497009277,-45.764705657959,0.0005385534350352,1.17076833703322e-05,1.04510336313979e-05,29794.9011576766,1.34050507268709,796
"7746",122951,-20.0297546386719,-45.7308502197266,0.0005239970050752,1.13912392407656e-05,1.05789076769724e-05,29006.142598549,1.18339447851767,1369
"7747",122952,-20.0221824645996,-45.6970062255859,0.0003694867518788,8.03232069301885e-06,8.99481619853759e-06,28652.2110722462,0.830778145121756,354
"7748",122953,-20.0146293640137,-45.6631774902344,0.0007078503040247,1.53880500874948e-05,9.67294545262121e-06,28748.9889404248,0.630057192073187,1229
"7749",122954,-20.0070972442627,-45.6293601989746,0.0011581539547478,2.51772598858224e-05,1.17300069177873e-05,29291.0373831074,0.737058190491553,1233
"7750",122955,-19.999584197998,-45.5955505371094,0.0010116370322066,2.19921093957964e-05,1.18419720820384e-05,30254.07488842,1.75227743545984,687
"7751",122956,-19.9920902252197,-45.5617485046387,0.0004470534786378,9.71855388343101e-06,1.09091934064054e-05,31599.2028288586,211.844436873528,730
"7752",122957,-19.9846134185791,-45.5279541015625,0.0007227505484479,1.57119684445206e-05,1.09811562651885e-05,33279.9161189352,101.809601339655,1376
"7753",122958,-19.9771556854248,-45.4941673278809,0.0008951102026912,1.94589174498105e-05,1.10760092866258e-05,35247.6758838491,8.14755559440824,1074
"7754",122959,-19.9697170257568,-45.4603805541992,0.000590063727941,1.28274723465438e-05,1.06331335700816e-05,37457.2645671977,3.18515216039984,49
"7755",122960,-19.9622955322266,-45.4265937805176,0.0004996180578018,1.08612621261273e-05,1.06427578430157e-05,39868.5448597798,2.82756473422373,455
"7756",122961,-19.954891204834,-45.3928108215332,0.0003413974072827,7.42168276701705e-06,9.83999871095875e-06,42446.8244688705,3.01795140311879,928
"7757",122962,-19.9475040435791,-45.3590240478516,0.0004925419980281,1.07074347397429e-05,8.59567080624402e-06,45163.795314513,3.17918786988962,260
"7758",122963,-19.9401340484619,-45.3252334594727,0.0004445162467163,9.66339666774729e-06,9.9699609563686e-06,46422.129203946,3.26185762164466,976
"7759",122964,-19.9327793121338,-45.2914390563965,0.0002821827292791,6.13440715824254e-06,8.42003737488994e-06,43665.896161459,4.02545701731364,840
"7760",122965,-19.9254417419434,-45.2576370239258,0.0013936001741967,3.02956559607992e-05,1.46345564644434e-05,41038.8428642205,2.79664035936028,426
"7761",122966,-19.918119430542,-45.2238273620605,0.0002454485511407,5.33583806827664e-06,9.89860109257279e-06,38567.593952666,23.2569266691244,759
"7762",122967,-19.9108104705811,-45.1900100708008,0.0014221123419702,3.09154856950045e-05,1.31613214762183e-05,36169.1080501129,61.0551705600309,943
"7763",122970,-19.8889770507812,-45.0884819030762,9.37688473641174e-05,2.03845320356777e-06,1.22430592455203e-05,26013.4414662491,8.68740523338619,119
"7764",122971,-19.8817272186279,-45.0546112060547,5.81022072765336e-05,1.26309146253334e-06,1.41333212013706e-05,22761.9911439847,204.745193362819,778
"7765",122975,-19.8528633117676,-44.9189300537109,0.000401647252147,8.73146200319752e-06,1.18241796371876e-05,11994.308491674,50.3730539414855,1483
"7766",122976,-19.8456783294678,-44.884952545166,0.0013209907265263,2.87171897070948e-05,1.48271210491657e-05,10747.397012157,14.5001814327698,692
"7767",122977,-19.8385066986084,-44.8509521484375,0.0016702384455129,3.63095314241946e-05,3.03532597172307e-05,10645.2168449016,15.645245582194,804
"7768",122978,-19.8313465118408,-44.8169212341309,0.0005375831569836,1.16865903692087e-05,1.15892416943097e-05,11719.9230797528,12.7245066994005,1372
"7769",122979,-19.8241958618164,-44.7828636169434,0.0004621362986654,1.00464412753354e-05,1.72131494764471e-05,13699.0241040825,21.639606687846,789
"7770",122982,-19.8028163909912,-44.6805000305176,0.0012461482838261,2.7090180083178e-05,1.87424720934359e-05,10343.4332568062,18.6348983826944,901
"7771",122983,-19.7957096099854,-44.6463088989258,0.0008708637105883,1.8931819795398e-05,1.16078781502438e-05,8338.42987435776,46.5328137068943,1341
"7772",122984,-19.7886123657227,-44.6120796203613,0.0009953978442354,2.16390835703351e-05,1.41310320032062e-05,7645.56966905318,121.506418760968,674
"7773",122986,-19.774450302124,-44.5435066223145,0.000946209198446,2.0569765183609e-05,2.04664829652756e-05,10759.2993283494,30.3294374178329,1276
"7774",122987,-19.7673816680908,-44.5091590881348,6.52221433483646e-06,1.41787268148619e-07,1.90975752047962e-05,13576.3874635431,6.42113511926638,1192
"7775",122991,-19.7391948699951,-44.3713035583496,0.0009410763304913,2.04581810976379e-05,1.51426129377796e-05,23534.1826683916,10.0613543438486,728
"7776",122992,-19.7321681976318,-44.3367156982422,0.0007636114205524,1.660024827288e-05,1.20294362204731e-05,23988.3433661557,62.4747529634131,1142
"7777",122994,-19.7181358337402,-44.2673835754395,0.0008364760724361,1.81842624442652e-05,2.3453610992874e-05,22183.1494050329,10.8771635857136,61
"7778",122995,-19.7111301422119,-44.2326316833496,0.0011292542949377,2.45490064116893e-05,1.27217326735263e-05,19038.4991042358,50.0789222855634,890
"7779",122996,-19.7041320800781,-44.1978225708008,0.0008801701296761,1.91341332538286e-05,1.26081567941583e-05,16120.2640498272,173.80851407762,966
"7780",122997,-19.6971378326416,-44.162956237793,0.001187327226944,2.58114614553051e-05,1.23313566291472e-05,13580.1163548127,207.127300616956,666
"7781",122998,-19.6901512145996,-44.1280250549316,0.0004489671337069,9.76015508058481e-06,1.23521549539873e-05,11672.2936628406,60.5423657318294,743
"7782",122999,-19.6831703186035,-44.0930328369141,0.0008292692727991,1.80275928869378e-05,1.22144901979482e-05,10690.2250181915,47.5296230009979,1062
"7783",123000,-19.6761951446533,-44.057975769043,0.0007455801132891,1.62082633323735e-05,1.10736764327157e-05,7264.66447672424,173.47890232878,33
"7784",123001,-19.6692237854004,-44.0228500366211,0.0005801520565,1.26120012282627e-05,1.14997956188745e-05,4347.40796170289,304.647891608268,782
"7785",123002,-19.6622581481934,-43.9876518249512,0.0007156274223234,1.55571178765967e-05,1.65686251420993e-05,3579.27329687695,336.221034092987,786
"7786",123003,-19.6552963256836,-43.9523887634277,0.000939579160331,2.04256339202402e-05,1.18682055472163e-05,2278.06733830538,186.153096440618,981
"7787",123004,-19.6483383178711,-43.917049407959,0.000678993150359,1.47607206599787e-05,1.16547798825195e-05,4877.60891950864,907.437882185524,785
"7788",123005,-19.6413860321045,-43.8816375732422,0.0005524754942598,1.20103368317359e-05,1.18963753266144e-05,8402.09653809251,1276.68433186096,101
"7789",123006,-19.6344356536865,-43.8461456298828,0.0001258420029444,2.73569571618282e-06,1.3081597899145e-05,12074.1128344682,169.383965450215,1475
"7790",123007,-19.6274909973145,-43.8105773925781,8.9220679456048e-05,1.93957998817496e-06,1.1964130862907e-05,15796.4305583214,9.38895850187367,711
"7791",123008,-19.6205463409424,-43.7749290466309,0.0004064101576659,8.83500342752086e-06,1.30929147417191e-05,19545.1860011778,13.1422298872068,882
"7792",123009,-19.6136074066162,-43.7391967773438,0.0011264405220572,2.44878374360269e-05,1.66592435562052e-05,23311.9034723731,6.6693198623597,1151
"7793",123010,-19.6066703796387,-43.7033805847168,0.0007171931210905,1.55911548063159e-05,1.73158714460442e-05,27092.663561607,3.91867186606358,652
"7794",123011,-19.5997333526611,-43.6674766540527,0.0004636323392333,1.00789638963761e-05,1.23775917018065e-05,30885.8561830645,2.70876596273537,1307
"7795",123012,-19.5928001403809,-43.6314849853516,0.0001368768134852,2.97558290185407e-06,9.36188007472083e-06,34690.2746535348,1.77995082633575,535
"7796",123013,-19.5858688354492,-43.595401763916,0.0010442264429002,2.27005748456577e-05,1.23060262922081e-05,38505.6365628272,5.59743936247595,1446
"7797",123014,-19.5789394378662,-43.5592231750488,0.0003267672818765,7.10363656253321e-06,9.19263857213082e-06,42331.8819406367,11.7361794392669,525
"7798",123016,-19.5650825500488,-43.4865875244141,0.0002308976227141,5.01951353726326e-06,1.5186084965535e-05,50015.1867734335,5.60318293025292,978
"7799",123017,-19.5581550598145,-43.4501190185547,5.7571722436478e-05,1.2515591834017e-06,1.10149421743699e-05,53873.0574400969,7.37616252419119,99
"7800",123018,-19.5512275695801,-43.4135513305664,0.0002819102464854,6.12848361924989e-06,7.65862023399677e-06,57741.4597790359,13.6425926462049,880
"7801",123019,-19.5443000793457,-43.3768768310547,0.0004763785345858,1.03560550996917e-05,9.64828268479323e-06,61621.0908749196,23.3674242692016,863
"7802",123020,-19.5373706817627,-43.3400993347168,0.000960472269071,2.08798319363268e-05,9.16691897145938e-06,65511.532138604,26.1474056284816,557
"7803",123021,-19.5304431915283,-43.3032112121582,4.95281562962191e-05,1.07669904991781e-06,7.62847821533796e-06,69413.4422706074,6.24993091045572,720
"7804",123022,-19.5235137939453,-43.2662162780762,2.01587455421759e-05,4.38233598742954e-07,7.36648735255585e-06,73326.4636311798,3.68271886689658,1209
"7805",123023,-19.5165843963623,-43.2291069030762,0.0001976992571144,4.29780993727036e-06,7.05888987795333e-06,73018.1985219681,4.50574142221723,119
"7806",123024,-19.509651184082,-43.1918830871582,0.0003653931089502,7.94332845543977e-06,7.77445802668808e-06,69108.8836637301,10.5471016458476,768
"7807",123025,-19.5027179718018,-43.154541015625,0.0004094807245564,8.90175488166278e-06,9.52484697336331e-06,65190.741672007,10.667000513551,817
"7808",123026,-19.4957809448242,-43.1170768737793,0.0003505826252876,7.62136141929659e-06,8.16189640318044e-06,61263.9865363864,48.5570629653306,538
"7809",123032,-19.4541053771973,-42.8896522521973,0.0005687580251105,1.23643048937083e-05,8.24883773020701e-06,37585.3879418036,5.63147194457523,875
"7810",123033,-19.4471454620361,-42.8512840270996,0.0002335129220227,5.07636787006049e-06,6.94268510414986e-06,33641.205199893,14.396087089441,770
"7811",123034,-19.4401817321777,-42.8127708435059,0.000204689070415,4.44976240032702e-06,6.621115062444e-06,29711.8451209255,0.917475731498913,803
"7812",123035,-19.4332122802734,-42.7741203308105,0.0002528222794353,5.49613650946412e-06,6.91324657964287e-06,25811.9148528984,1.288498282283,1210
"7813",123037,-19.4192581176758,-42.6963729858398,0.0003544258543115,7.70490987633821e-06,7.82949427957647e-06,18210.6804344336,16.5425546634442,794
"7814",123038,-19.4122714996338,-42.6572761535645,0.0003730422486114,8.10961410024902e-06,7.84504118200857e-06,14638.8583748321,17.2389432038596,385
"7815",123039,-19.4052791595459,-42.6180229187012,0.0009396763889526,2.04277475859271e-05,9.70580458670156e-06,11435.5839444877,148.288064242942,1322
"7816",123040,-19.3982791900635,-42.5786170959473,0.0007227902096929,1.57128306454979e-05,9.26935172174126e-06,9025.78394482058,479.885323238211,1240
"7817",123041,-19.3912734985352,-42.5390472412109,0.0003391700392967,7.37326172384201e-06,8.6887721408857e-06,8170.59976518574,376.138722407968,729
"7818",123329,-20.3491287231445,-47.305534362793,0.0002566992916399,5.58041938347742e-06,1.31762890305254e-05,55819.1241113488,4.41299301531515,761
"7819",123330,-20.3401851654053,-47.269359588623,0.0007147096075641,1.55371653818293e-05,1.83249103429262e-05,55855.9565543416,5.37664673161469,1316
"7820",123331,-20.3312835693359,-47.2332801818848,0.0006001323708915,1.3046355888946e-05,1.86076904356014e-05,56162.5033411056,15.0533332953609,60
"7821",123332,-20.3224239349365,-47.1972885131836,0.0008531070197932,1.8545804778114e-05,1.69754312082659e-05,56732.5276097071,12.109778976006,1061
"7822",123333,-20.313606262207,-47.1613883972168,0.0005189793555473,1.12821599032031e-05,2.15359395951964e-05,57555.9995951485,6.77761743187859,1422
"7823",123334,-20.3048267364502,-47.1255760192871,0.0004984717306797,1.08363419712987e-05,2.54879487329163e-05,55467.7782071803,15.8978102834474,887
"7824",123335,-20.2960872650146,-47.0898475646973,0.0011484503374958,2.49663116846932e-05,2.26277679757914e-05,52758.7508736103,29.1777750349276,455
"7825",123336,-20.2873878479004,-47.0542030334473,0.00064452292645,1.40113679663045e-05,2.00443228095537e-05,50203.9911476289,10.523699834444,958
"7826",123337,-20.2787265777588,-47.0186386108398,0.0006020533055561,1.30881153381779e-05,2.60644646914443e-05,47825.5910957029,1.8465504207496,854
"7827",123338,-20.2701034545898,-46.9831504821777,0.0016063302900875,3.49202236975543e-05,2.30118403123925e-05,45648.7159098085,1.26631545089549,395
"7828",123339,-20.2615184783936,-46.9477424621582,0.0004432581317814,9.63604634307558e-06,2.19936482608318e-05,43701.3078849788,1.26631543355507,861
"7829",123340,-20.2529697418213,-46.912410736084,0.00015128098903,3.2887171528273e-06,1.19160695248866e-05,42012.5426455001,1.29621917245283,765
"7830",123342,-20.2359790802002,-46.8419647216797,0.0003449203131822,7.49826767787454e-06,1.15951679617865e-05,39528.4707794226,1.2068759174399,384
"7831",123345,-20.2107543945312,-46.7368087768555,0.0006489177521871,1.41069076562417e-05,1.80385850399034e-05,38383.0201296076,0.0693573444708353,780
"7832",123347,-20.1941089630127,-46.6670227050781,0.0001048119520419,2.27852069656365e-06,1.49976194734336e-05,39431.2845013384,0.0544618349045124,973
"7833",123348,-20.1858329772949,-46.6322250366211,0.0003882746768795,8.44075384520693e-06,1.19865990200196e-05,40464.8344520088,0.28743941015961,99
"7834",123349,-20.1775913238525,-46.5974807739258,0.0004473467124626,9.72492853179574e-06,1.59561786858831e-05,41805.5247962586,0.798136905629833,742
"7835",123350,-20.1693801879883,-46.5627975463867,0.0008324327172886,1.80963634193176e-05,1.75301302078879e-05,43422.4499809068,0.963285243268174,770
"7836",123351,-20.1611995697021,-46.5281639099121,0.0010445321022416,2.27072196139488e-05,1.75841323653003e-05,45285.1768069176,1.37705779120667,661
"7837",123352,-20.1530494689941,-46.4935874938965,0.0005904167046537,1.28351457533427e-05,2.35962543229107e-05,47362.7398099347,1.78921739317637,1369
"7838",123353,-20.1449298858643,-46.4590606689453,0.0009530293427815,2.07180291909026e-05,1.35513027998968e-05,49627.3302513112,2.12794151729372,746
"7839",123354,-20.1368408203125,-46.4245834350586,0.0006124529190856,1.33141938931658e-05,1.14098329504486e-05,52053.3060799078,2.17439130073756,805
"7840",123355,-20.1287784576416,-46.3901519775391,0.0003022157370651,6.56990732750273e-06,1.03643415059196e-05,54618.1161284288,2.19971855001125,1014
"7841",123356,-20.1207466125488,-46.355770111084,0.0006956227171031,1.51222329805023e-05,1.18865891636233e-05,57301.9417220033,2.28089533130707,761
"7842",123357,-20.1127414703369,-46.3214302062988,0.0006735797251167,1.46430375025375e-05,1.47050286614103e-05,60088.3028288931,2.39436324907754,973
"7843",123360,-20.0888919830322,-46.2186584472656,0.0001002379185592,2.17908518607146e-06,2.20921665459173e-05,64999.0692169936,2.47574705429361,1247
"7844",123362,-20.0731258392334,-46.1503295898438,0.0004337812697485,9.43002760322997e-06,2.43164031417109e-05,58932.8680004586,2.3044198269486,713
"7845",123363,-20.0652809143066,-46.1162185668945,0.0010580559173831,2.30012155952863e-05,3.24481661664322e-05,56013.7874948897,1.65522904097058,1332
"7846",123368,-20.0264205932617,-45.946117401123,0.0002147767909264,4.66906067231321e-06,1.35668306029402e-05,43119.239960821,217.395888946918,68
"7847",123372,-19.9957485198975,-45.8104782104492,0.0015862453001318,3.44835934811272e-05,1.96715336642228e-05,36205.6978713418,1.97135216058625,1158
"7848",123373,-19.9881343841553,-45.7766151428223,0.0015097819341463,3.28213463944849e-05,1.6423684428446e-05,35199.8760738857,1.47651353196181,883
"7849",123374,-19.9805431365967,-45.7427711486816,0.0011231672142457,2.44166785705602e-05,1.3272800060804e-05,34542.8484109235,0.985510123912766,686
"7850",123375,-19.9729709625244,-45.7089385986328,0.001347073182842,2.92841996269999e-05,1.26434115372831e-05,34254.0983166721,4.23496786173349,801
"7851",123376,-19.9654197692871,-45.675121307373,0.0011083416065957,2.40943827520823e-05,1.21247194329044e-05,34342.249355468,8.47533438353121,8
"7852",123377,-19.9578876495361,-45.6413116455078,0.0008668047921673,1.88435824384214e-05,1.30766293295892e-05,34803.9592095553,0.619571739026405,769
"7853",123378,-19.9503746032715,-45.6075134277344,0.000997170132905,2.16776115848916e-05,1.25510787256644e-05,35624.3052903856,0.669893761909431,851
"7854",123379,-19.9428806304932,-45.5737228393555,0.0002546483492551,5.53583367945976e-06,1.21724124255707e-05,36778.8689714646,1.07094661776398,433
"7855",123380,-19.9354076385498,-45.5399398803711,0.0013046182466496,2.83612662315136e-05,1.43632814797456e-05,38236.8248193025,1.39143016328832,835
"7856",123381,-19.9279499053955,-45.506160736084,0.0003136759751214,6.81904293742264e-06,1.14857757580467e-05,39965.3550676232,1.8669035582147,45
"7857",123382,-19.9205131530762,-45.4723854064941,0.0005696214939234,1.23830759548582e-05,1.11386661956203e-05,41930.221417815,2.73743912780651,778
"7858",123383,-19.9130916595459,-45.4386138916016,0.0007392313018499,1.607024569239e-05,1.14881058834726e-05,44100.1928338766,3.15572992735857,771
"7859",123386,-19.8909339904785,-45.3372840881348,0.0002256514817418,4.9054669943871e-06,8.67148992256261e-06,49254.1654047984,9.94684404041015,685
"7860",123387,-19.883581161499,-45.3035011291504,0.000244738936999,5.32041167389252e-06,1.09851634988445e-05,45673.7705295806,9.2892205421175,1309
"7861",123389,-19.8689212799072,-45.235912322998,1.39444131264099e-05,3.0313941579152e-07,1.61330826813355e-05,38522.6982755251,2.53957406305449,644
"7862",123391,-19.8543243408203,-45.168285369873,0.0002164368524972,4.70514896733221e-06,1.01053883554414e-05,31392.1935853408,9.78988152245241,848
"7863",123392,-19.8470478057861,-45.1344566345215,0.0001902414160213,4.13568295698497e-06,1.08694994196412e-05,27839.9838664373,7.49816727406478,929
"7864",123393,-19.8397846221924,-45.1006088256836,0.0005825742373417,1.26646573335165e-05,1.08711756183766e-05,24301.0511903777,7.04437217980936,772
"7865",123394,-19.8325366973877,-45.0667495727539,0.0004433534359122,9.63811817200622e-06,1.61089847097173e-05,20783.8122168737,11.0507437150535,1168
"7866",123395,-19.8253021240234,-45.0328674316406,0.0008122870640363,1.76584144355729e-05,1.97633198695257e-05,17300.8499133553,323.737220815014,868
"7867",123397,-19.8108730316162,-44.9650535583496,0.0002742576971286,5.96212385062245e-06,1.62657306645997e-05,10583.4049050541,74.148420433284,599
"7868",123398,-19.8036766052246,-44.9311103820801,0.0012438941193977,2.70411765086465e-05,1.52438551594969e-05,7575.60169724474,33.7732861787301,1550
"7869",123399,-19.7964935302734,-44.897144317627,0.0002675238620213,5.81573613089859e-06,1.08890708361287e-05,5372.08331804936,30.1313604939919,213
"7870",123400,-19.7893238067627,-44.8631553649902,0.0002837765632648,6.16905572314863e-06,1.18106954687391e-05,5143.94454342234,13.4031909386178,948
"7871",123401,-19.7821636199951,-44.8291358947754,0.0011013511866622,2.39424171013525e-05,2.17194647120778e-05,7088.15893631373,17.7318772528713,930
"7872",123402,-19.775016784668,-44.7950897216797,0.0004709600889327,1.02382628028863e-05,1.26859094962128e-05,10013.0721762352,10.006607770102,845
"7873",123404,-19.7607536315918,-44.7269020080566,0.000857265175,1.86361994565232e-05,1.93842115550069e-05,16711.396282545,21.5066182808289,465
"7874",123405,-19.7536392211914,-44.692756652832,0.0008809836872387,1.91518192877993e-05,1.663772854954e-05,14998.879238908,10.0552918515524,704
"7875",123408,-19.7323551177979,-44.5901031494141,0.0001281073064092,2.78494144367869e-06,1.3175857020542e-05,13804.5565159426,44.105274760759,733
"7876",123412,-19.7041072845459,-44.4526596069336,0.0009178245491057,1.99527075892547e-05,2.24847171921283e-05,22720.5783151348,13.1482345579741,506
"7877",123413,-19.6970653533936,-44.4181823730469,0.0010602224756439,2.30483146879124e-05,2.54907608905341e-05,25780.2881103243,15.8880243091587,734
"7878",123414,-19.6900329589844,-44.383659362793,0.0015861228021094,3.44809304806404e-05,2.32444090215722e-05,28982.8260543386,18.948441309077,976
"7879",123415,-19.6830081939697,-44.3490829467773,0.0008282905437226,1.80063161678845e-05,1.46895972648053e-05,29291.4090858614,7.41915650078785,586
"7880",123418,-19.6619758605957,-44.2450294494629,0.0001632794778743,3.54955386683287e-06,1.27984940263559e-05,22396.1376882118,41.8595498937451,781
"7881",123419,-19.6549777984619,-44.2102355957031,0.0001106114468711,2.40459667111281e-06,2.0617590053007e-05,19023.2316491125,35.4137523637786,798
"7882",123421,-19.6410007476807,-44.1404571533203,0.0007502465014113,1.63097065524198e-05,2.35677125601796e-05,12806.7999462946,11.2672610356806,784
"7883",123422,-19.6340217590332,-44.1054763793945,0.0012101229040126,2.63070196524495e-05,1.56765581778018e-05,10302.0207848473,11.0908267253855,778
"7884",123423,-19.6270484924316,-44.070426940918,0.0008569349993194,1.86290217243368e-05,2.11961050808895e-05,6894.24935502114,355.079618444211,956
"7885",123424,-19.6200790405273,-44.0353126525879,0.0014661137320217,3.18720376526471e-05,1.65685632964596e-05,3565.36424881217,665.49447239587,714
"7886",123425,-19.6131153106689,-44.000129699707,0.0009223442575603,2.00509621208766e-05,1.28797264551395e-05,2373.79256676979,415.733899930031,1044
"7887",123426,-19.6061553955078,-43.9648742675781,0.0007161014327721,1.55674224515678e-05,1.27384846564382e-05,3447.77407044576,69.6819315612016,723
"7888",123427,-19.5991992950439,-43.9295463562012,0.0011553693839232,2.51167257374618e-05,1.52712636918295e-05,5424.73540310013,113.218596745505,904
"7889",123428,-19.592248916626,-43.8941459655762,0.0012093352015654,2.62898956862045e-05,1.54237295646453e-05,8667.55567752265,619.919903227273,49
"7890",123429,-19.5853004455566,-43.8586654663086,0.0003020368430952,6.56601832815795e-06,1.18660345833632e-05,12213.4395848937,40.1306185411449,1115
"7891",123430,-19.5783576965332,-43.8231086730957,0.0005416426611191,1.17748404591111e-05,1.12620346044423e-05,15865.6256032628,16.7539933146911,1032
"7892",123431,-19.5714168548584,-43.7874717712402,0.001487967914727,3.23471285810228e-05,2.16192420339212e-05,19569.5991321847,25.7653519234805,863
"7893",123432,-19.5644779205322,-43.7517509460449,4.43844107849145e-05,9.64878495324228e-07,1.82169478648575e-05,23304.981657481,19.9524676015866,475
"7894",123440,-19.5090427398682,-43.4627647399902,4.70953541480412e-05,1.02381204669655e-06,1.05175358839915e-05,53759.9010892605,7.05052728975707,782
"7895",123442,-19.4951915740967,-43.3895454406738,0.0001640777022657,3.56690657099534e-06,8.07458582130494e-06,61494.3622069045,16.7469295417588,493
"7896",123443,-19.4882659912109,-43.3527793884277,0.0004487471560423,9.75537295744289e-06,8.36321032693377e-06,65378.6793501325,14.51912551605,704
"7897",123444,-19.4813404083252,-43.3159027099609,0.0003147307634208,6.84197311784374e-06,9.33840237848926e-06,69274.8536714753,7.6188817530309,849
"7898",123445,-19.4744129180908,-43.2789192199707,0.0005368161218939,1.16699156933464e-05,1.02874082585913e-05,73182.4600053749,7.1620706501303,356
"7899",123447,-19.4605560302734,-43.2046051025391,0.0003256198879171,7.07869321558974e-06,7.84385520091746e-06,70243.2237021004,8.48264382231918,718
"7900",123449,-19.4466915130615,-43.129825592041,0.0005154950649739,1.12064144559554e-05,1.08810518213431e-05,62514.2325335249,62.4473806781775,780
"7901",123450,-19.439754486084,-43.0922546386719,0.0001997452836803,4.34228877566056e-06,8.02705289970618e-06,58648.9884187993,178.068097960869,341
"7902",123452,-19.425874710083,-43.016731262207,0.0005632309712382,1.22441515486571e-05,9.0549401647877e-06,50928.8950395152,6.39748098772413,874
"7903",123453,-19.4189300537109,-42.9787788391113,0.0004179559728072,9.08599940885324e-06,8.80971856531687e-06,47082.3795062166,4.04995499449316,744
"7904",123454,-19.4119815826416,-42.9406929016113,0.0009870248031802,2.1457060938701e-05,1.07744299384649e-05,43252.2761986108,3.40444231602985,661
"7905",123455,-19.405029296875,-42.9024696350098,0.0002792350996969,6.07032825428178e-06,7.17889724910492e-06,39447.1631303973,2.88514327293631,759
"7906",123456,-19.3980731964111,-42.8641128540039,0.0005820211554237,1.26526338135591e-05,8.33528338262113e-06,35680.2025361359,3.34160207465529,1248
"7907",123457,-19.3911113739014,-42.8256149291992,0.000133070243919,2.89283138954488e-06,6.80384437146131e-06,31969.376630249,3.13717664204826,731
"7908",123459,-19.3771724700928,-42.7481842041016,0.0001683770146883,3.66036988452834e-06,6.84989890942234e-06,24844.0244886894,5.63467600958264,784
"7909",123460,-19.3701953887939,-42.7092514038086,0.0002818184566422,6.1264881878742e-06,7.70079350331798e-06,21544.7414566539,8.67768020137738,937
"7910",123461,-19.3632125854492,-42.670166015625,9.66485235949222e-05,2.10105486075918e-06,7.17218699719524e-06,18560.6759843196,11.2656943245638,781
"7911",123462,-19.3562240600586,-42.6309242248535,0.0002452591770634,5.33172124050907e-06,7.50906974644749e-06,16080.2221357332,10.3207932376803,709
"7912",123464,-19.3422241210938,-42.5519752502441,0.0005106609114591,1.11013241621549e-05,8.48201489134226e-06,13769.4314530409,231.566606409649,712
"7913",123465,-19.3352146148682,-42.5122566223145,0.000727409740648,1.58132552314783e-05,9.95966911432333e-06,14399.3928906834,56.969880088042,1048
"7914",123748,-20.3361301422119,-47.4625968933105,0.00049825246424,1.08315753095667e-05,1.35785312522785e-05,52965.5732387744,6.40728508475672,995
"7915",123750,-20.3179378509521,-47.3895835876465,0.0005996683175908,1.30362677737139e-05,1.62273718160577e-05,51009.8757588331,3.74090789716449,678
"7916",123751,-20.3089065551758,-47.3532257080078,0.0016368301221518,3.55832635250408e-05,2.76443606708199e-05,50466.8250945835,3.76147245035246,55
"7917",123752,-20.2999210357666,-47.316967010498,0.0007004536073509,1.5227252333716e-05,1.49933985085227e-05,50224.6480043834,4.7660860928077,947
"7918",123753,-20.2909774780273,-47.2808074951172,0.0010457113130542,2.2732854631613e-05,1.56349724420579e-05,50284.6762732499,4.29843417496672,1046
"7919",123754,-20.282075881958,-47.2447357177734,0.0017776568274712,3.86447136406787e-05,3.19115933962166e-05,50643.7252754672,7.47505090423468,805
"7920",123755,-20.2732162475586,-47.2087593078613,0.0009992508421419,2.17228443943895e-05,3.0674633308081e-05,51292.9001765073,6.4968952483128,614
"7921",123756,-20.2643966674805,-47.1728706359863,0.0008551610371796,1.85904573299922e-05,1.91341187019134e-05,52219.2194992807,4.67101963179798,887
"7922",123757,-20.2556190490723,-47.1370697021484,0.0006391684491973,1.38949662868981e-05,1.14893309728359e-05,51590.2667891778,2.74164693909382,803
"7923",123758,-20.2468795776367,-47.1013526916504,3.52277672845958e-05,7.65821027925995e-07,1.14362183012418e-05,48684.8465911135,1.38462957023487,24
"7924",123759,-20.2381801605225,-47.0657196044922,0.0004911980759061,1.06782190414378e-05,1.53394739754731e-05,45923.5345531292,2.16956635877757,703
"7925",123761,-20.2208957672119,-46.9946937561035,0.0002811488593579,6.11193172517233e-06,9.87965722742956e-06,40936.7620006289,1.11153108341174,766
"7926",123766,-20.1783313751221,-46.8184432983398,0.0001318337376687,2.86595081888663e-06,1.28093388411799e-05,33230.3821079561,0.0731753794468435,408
"7927",123767,-20.1699237823486,-46.7834053039551,0.0005906394853809,1.28399888126296e-05,1.71518404386006e-05,32802.8057100981,8.61275845584895e-07,777
"7928",123769,-20.1532096862793,-46.7135200500488,0.0012481608828238,2.71339322353015e-05,2.0497631339822e-05,33229.6294000084,0.278346324174996,9
"7929",123770,-20.1449031829834,-46.6786689758301,0.0007098176356521,1.54308181663509e-05,3.16774894599803e-05,34063.348087456,2.98362495289447,800
"7930",123771,-20.1366291046143,-46.6438827514648,0.0009862975966825,2.14412521017948e-05,2.44562743318966e-05,35273.0381784034,7.49073329576773,793
"7931",123772,-20.1283874511719,-46.6091499328613,0.0004136563256906,8.99252881936263e-06,1.26686663861619e-05,36820.2021787712,2.83226500410639,692
"7932",123773,-20.1201763153076,-46.5744781494141,0.0007760407861496,1.68704518728191e-05,1.8119024389307e-05,38661.8245539422,1.9981021979947,771
"7933",123774,-20.1119976043701,-46.5398559570312,0.0015950057495501,3.46740380336996e-05,2.32058828260051e-05,40757.1601837224,1.9940752184611,1479
"7934",123775,-20.1038475036621,-46.5052909851074,0.0009668614948168,2.10187281481922e-05,1.187260113511e-05,43066.7889057071,2.03248980580618,563
"7935",123778,-20.0795783996582,-46.4018898010254,0.0001440060582353,3.13056648337806e-06,1.30076441564597e-05,50968.4437325991,2.29438779694466,826
"7936",123785,-20.0239295959473,-46.1621475219727,0.0002514886700737,5.46714500160306e-06,1.90318387467414e-05,62278.0555185944,2.19468815707003,513
"7937",123792,-19.9695281982422,-45.9240684509277,0.0001965364881471,4.27253235102398e-06,1.21166867756983e-05,45763.8214955732,2.07255175212771,809
"7938",123793,-19.9618492126465,-45.8901596069336,0.0012924161383125,2.80960030067945e-05,1.76751400431385e-05,44100.7741456216,2.13582590189628,1134
"7939",123794,-19.9541931152344,-45.8562698364258,0.0008790130923443,1.91089802683564e-05,1.54282442963449e-05,42679.626923312,2.10060022333342,806
"7940",123795,-19.9465599060059,-45.8224029541016,8.73312792464276e-05,1.89850607057451e-06,1.13120513560716e-05,41524.7615314949,2.02876522412033,773
"7941",123796,-19.9389476776123,-45.7885513305664,2.57220901858091e-05,5.59175873604545e-07,1.51282383740181e-05,40657.9578317806,1.36863211935855,137
"7942",123797,-19.9313545227051,-45.7547149658203,0.0005391590220824,1.17208483061404e-05,1.66911504493328e-05,40097.5372518849,4.06900997429069,1237
"7943",123799,-19.9162330627441,-45.6870880126953,0.0005967021752439,1.29717864183476e-05,1.30005400933442e-05,39937.3649739585,12.6833383149634,857
"7944",123803,-19.8862247467041,-45.5519523620605,0.0004173194683971,9.07216235646047e-06,1.2510488886619e-05,43349.7057590049,1.59117323194002,833
"7945",123806,-19.8639125823975,-45.4506568908691,0.0004097321634617,8.90722094482044e-06,1.07019759525429e-05,48607.9281310151,56.0499109327173,767
"7946",123807,-19.8565101623535,-45.4168930053711,0.0009050172302522,1.96742876141798e-05,1.30081816678285e-05,50747.9584585762,158.829196272684,555
"7947",123808,-19.8491268157959,-45.383129119873,0.0006453339319705,1.40289985210984e-05,1.13476753540454e-05,52606.3592900597,122.751560587091,741
"7948",123809,-19.8417568206787,-45.3493614196777,0.0001890453659143,4.10968186770333e-06,8.99851966096321e-06,49009.3845037207,3.54766060956235,723
"7949",123812,-19.8197498321533,-45.2480239868164,0.0013606923857878,2.95802692562575e-05,1.78395566763356e-05,38217.925345932,3.56629638236749,426
"7950",123813,-19.8124446868896,-45.214225769043,0.0009623796904634,2.092129761877e-05,1.31491779029602e-05,34619.7917995497,3.4860377647613,738
"7951",123814,-19.8051528930664,-45.180419921875,0.0004211489540466,9.15541204449255e-06,1.057034569385e-05,31021.3717823331,6.61029478651166,537
"7952",123815,-19.7978782653809,-45.146598815918,0.0010140926824533,2.20454930968117e-05,1.50276373460656e-05,27422.032823179,15.7071289804749,744
"7953",123816,-19.7906169891357,-45.1127624511719,0.0010187417501583,2.21465597860515e-05,2.03751951630693e-05,23821.7812603778,6.38961265333294,749
"7954",123817,-19.7833709716797,-45.078914642334,0.0007636167756572,1.66003646882018e-05,1.37427405206836e-05,20221.2049884668,5.61554285840741,769
"7955",123818,-19.7761363983154,-45.0450439453125,0.0002200029548475,4.78267293146928e-06,1.36947164719459e-05,16619.3545221151,5.60821301049119,757
"7956",123819,-19.7689170837402,-45.011157989502,0.0008964490625658,1.94880230992567e-05,2.18276454688748e-05,13017.7112995701,9.99417339758493,718
"7957",123820,-19.7617092132568,-44.9772491455078,0.0005056399986642,1.09921738840058e-05,1.10860109998612e-05,9417.00626328277,5.29213540128785,913
"7958",123824,-19.7330055236816,-44.8413772583008,8.00049049303198e-05,1.7392370637026e-06,1.4293110325525e-05,5104.2286696247,66.2898202185623,608
"7959",123825,-19.7258605957031,-44.8073387145996,0.00067398119063,1.46517650136957e-05,1.58685597853037e-05,8704.37866491997,54.1528065756614,656
"7960",123826,-19.7187252044678,-44.7732734680176,0.0009752618134371,2.12013437703717e-05,1.79150574695086e-05,12318.1340758026,6.14975299930075,905
"7961",123828,-19.7044868469238,-44.7050399780273,0.0003594897334551,7.8149942055461e-06,1.09526681626448e-05,19563.9684780734,10.2188003947631,29
"7962",123829,-19.6973838806152,-44.6708717346191,0.0011976107853115,2.60350170719903e-05,2.20236324821599e-05,19174.1926845272,9.9776758171164,840
"7963",123830,-19.6902904510498,-44.6366653442383,0.0019127371706417,4.15812428400386e-05,2.89822692138841e-05,18860.5160384703,9.95218623157159,823
"7964",123831,-19.6832065582275,-44.6024208068848,0.0020656488413806,4.49054095952306e-05,3.69886656699236e-05,19239.8510222597,10.9169114054365,815
"7965",123832,-19.6549644470215,-44.4650192260742,0.0018302685566595,3.97884468839038e-05,3.62315367965493e-05,26335.0692085705,6.75062062144176,529
"7966",123836,-19.6268539428711,-44.3268585205078,0.001393089096382,3.02845455735223e-05,2.46216241066577e-05,22718.4910549263,4.53137880223257,52
"7967",123837,-19.6198444366455,-44.2921867370605,0.0006232062623894,1.35479622258572e-05,1.22138353617629e-05,20407.9591433073,4.99192496475764,797
"7968",123838,-19.6128425598145,-44.2574577331543,0.0007166198738559,1.55786929099122e-05,1.33306266434374e-05,18544.7344365133,19.4731336042215,800
"7969",123839,-19.6058483123779,-44.2226715087891,0.0018632503124536,4.05054415750783e-05,3.07749323837925e-05,17277.7698031855,41.5381416246592,663
"7970",123840,-19.5988578796387,-44.1878242492676,0.000975624705461,2.12092327274149e-05,1.48491599247791e-05,13770.177692187,6.77838545428634,337
"7971",123843,-19.5779247283936,-44.0829086303711,0.001137458901212,2.4727367417654e-05,1.41320269904099e-05,3661.8703005659,678.093356922034,829
"7972",123844,-19.5709571838379,-44.0478057861328,0.0013364376100071,2.9052991521894e-05,1.93497198779369e-05,3127.97161229325,749.461215846159,692
"7973",123845,-19.5639953613281,-44.0126342773438,0.00229012897762,4.97854125569575e-05,2.47297357418574e-05,5827.63678325483,442.829705732555,297
"7974",123846,-19.5570373535156,-43.9773902893066,0.0012932454264955,2.8114031010773e-05,1.47336522786645e-05,9010.90880966427,29.6866994479564,718
"7975",123849,-19.536190032959,-43.8712158203125,1.54592331682579e-05,3.36070286266477e-07,1.45464537126827e-05,14677.8393521458,21.6917101330266,583
"7976",123850,-19.5292472839355,-43.8356666564941,0.0002361833621762,5.13442091687466e-06,1.23476011140156e-05,17798.4641379774,11.7417391221646,768
"7977",123851,-19.5223083496094,-43.8000411987305,0.0002056000867014,4.46956710220547e-06,1.26282502606045e-05,21137.1342681027,53.2152524819445,735
"7978",123852,-19.5153713226318,-43.764331817627,0.0005442183410195,1.18308335004258e-05,1.93061860045418e-05,24609.5539184625,152.459343991099,1077
"7979",123853,-19.5084381103516,-43.7285385131836,0.0005491140364028,1.19372616609326e-05,1.88638787221862e-05,28169.6093149672,192.717179499126,769
"7980",123854,-19.5015068054199,-43.6926574707031,0.0002671586898941,5.80779760639416e-06,2.20386809814954e-05,31791.3388659038,7.61178284747935,781
"7981",123855,-19.4945774078369,-43.6566848754883,0.0006083957996452,1.32259956444614e-05,1.82660860446049e-05,35459.0547549223,4.81208346386408,767
"7982",123856,-19.4876499176025,-43.6206245422363,0.0004056885991303,8.81931737239938e-06,1.58184175234055e-05,39162.1821067282,3.73112835315254,849
"7983",123857,-19.4807243347168,-43.58447265625,0.0002418730355202,5.25810946783167e-06,1.00760189525317e-05,42894.2817658534,2.6546354247182,787
"7984",123858,-19.4738006591797,-43.548225402832,0.0001276501561733,2.77500339507242e-06,8.22304536995944e-06,46651.0451986845,1.21699517673678,657
"7985",123859,-19.4668750762939,-43.5118789672852,0.000151941277636,3.30307125295803e-06,8.07177639217116e-06,50429.6897158935,0.603579362431322,824
"7986",123864,-19.4322605133057,-43.3286209106445,0.000160602302003,3.49135439137171e-06,7.11207258063951e-06,69586.8364125341,20.5540083032921,38
"7987",123865,-19.4253349304199,-43.2916450500488,0.0003230123493267,7.02200759405969e-06,8.9053537521977e-06,73465.2928128179,13.4556923630464,859
"7988",123866,-19.4184093475342,-43.2545585632324,1.49673597320543e-05,3.25377385479442e-07,7.34531386115123e-06,75594.2846998125,4.64185301291332,769
"7989",123868,-19.4045543670654,-43.1800384521484,0.0002706421646507,5.88352531849523e-06,9.28430654312251e-06,68015.2629571843,6.60028834394263,1099
"7990",123871,-19.383752822876,-43.0673561096191,0.0003205187113053,6.96779807185521e-06,8.6973395809764e-06,56709.7280031543,6.5829137400782,543
"7991",123872,-19.3768138885498,-43.029541015625,0.0004127871670789,8.9736340669333e-06,8.03478178568184e-06,52974.8470782432,8.02355680929982,22
"7992",123873,-19.3698711395264,-42.9916000366211,0.0004266905252734,9.27588098420529e-06,8.38437154015992e-06,49268.5945946923,2.79842358880086,785
"7993",123876,-19.3490219116211,-42.8769721984863,0.0002297523624292,4.99461657454958e-06,7.42982183510321e-06,38439.7918691134,7.27415185251954,809
"7994",123877,-19.3420639038086,-42.8384857177734,0.0002455219118928,5.3374328672362e-06,6.90577689965721e-06,34991.8071661677,4.2735474205139,412
"7995",123878,-19.3351001739502,-42.7998542785645,0.0006406507254723,1.39271896841819e-05,8.02930389909307e-06,31677.7607541302,4.94515780545358,791
"7996",123879,-19.3281307220459,-42.7610816955566,0.0001555648009343,3.38184349857329e-06,7.31580030333134e-06,28551.0629497804,4.24431495546772,18
"7997",123880,-19.3211574554443,-42.7221565246582,0.000500341917359,1.08769982034573e-05,7.63781645218842e-06,25686.1094039062,7.21623062892865,731
"7998",123881,-19.3141765594482,-42.6830825805664,0.0007612869703734,1.65497167472495e-05,1.11311783257406e-05,23189.0484729189,11.4589952390232,771
"7999",123882,-19.3071899414062,-42.643856048584,0.0002585294196251,5.62020477445913e-06,9.28583631321089e-06,21198.8871914888,18.7363966577504,741
"8000",123883,-19.3001956939697,-42.6044731140137,0.0005417987958935,1.17782346933382e-05,1.03091251730802e-05,19878.3704163755,5.61015423801812,974
"8001",123884,-19.2931957244873,-42.5649299621582,0.0004604543355526,1.000987685984e-05,9.30279657040955e-06,19375.0589245785,8.95889773551735,553
"8002",124168,-20.2868690490723,-47.4739456176758,0.0010857487541216,2.36032337852521e-05,2.9091133910697e-05,47601.4592754693,199.764233357691,814
"8003",124169,-20.2777500152588,-47.4374008178711,0.0008103982181637,1.76173525687773e-05,3.35500008077361e-05,46376.4076083631,5.02085123946056,43
"8004",124171,-20.2596454620361,-47.3646125793457,0.0006326918683043,1.37541710500955e-05,1.85476546903374e-05,44875.4253060969,4.52435484223777,763
"8005",124172,-20.250659942627,-47.3283653259277,0.000929109261051,2.01980274141533e-05,1.09071825136198e-05,44625.5606911447,5.16234882756264,448
"8006",124175,-20.2239551544189,-47.2201919555664,0.0011500515138323,2.50011198659195e-05,1.45932917803293e-05,45887.6832862694,2.95565221890049,642
"8007",124176,-20.2151355743408,-47.1843147277832,0.0001714612308205,3.72741806131671e-06,9.03082036529668e-06,46940.4380378269,1.98600484306837,842
"8008",124177,-20.2063579559326,-47.1485252380371,0.0012572538507811,2.73316054517636e-05,2.04868065338815e-05,48045.9299043777,1.44470892946953,823
"8009",124178,-20.1976184844971,-47.1128234863281,0.0001509408039055,3.28132182403351e-06,1.22955598271801e-05,44933.1267058814,1.7762223657728,24
"8010",124179,-20.1889190673828,-47.0772018432617,0.0002467672875354,5.36450625077123e-06,1.52221246025874e-05,41947.4419731531,1.89098338015204,873
"8011",124181,-20.1716346740723,-47.0061988830566,0.0002101859809044,4.56926045444561e-06,1.06529660115484e-05,36469.0759459437,0.597577949824941,770
"8012",124182,-20.163049697876,-46.9708137512207,0.0007541215054516,1.63939457706874e-05,1.15472721518017e-05,34049.5313668586,0.469864232952467,515
"8013",124183,-20.1545009613037,-46.9355049133301,0.000428399305747,9.3130283858045e-06,1.39784506245633e-05,31904.7481952462,0.351795107758195,768
"8014",124184,-20.1459884643555,-46.9002685546875,0.000167387617239,3.63886124432611e-06,2.63679085037438e-05,30090.1832053591,0.0401796736462895,646
"8015",124187,-20.120662689209,-46.794979095459,0.0005310803026077,1.15452239697333e-05,1.08984422695357e-05,27199.7642374847,0.513476252733804,67
"8016",124190,-20.0956439971924,-46.6902809143066,0.0006311991328402,1.37217202791362e-05,1.01606628959416e-05,28781.1174089603,1.44704716140609,799
"8017",124191,-20.0873699188232,-46.6555023193359,0.0001958017719516,4.2565602598188e-06,1.48733925016131e-05,30225.3310163227,1.83345777089931,714
"8018",124192,-20.0791282653809,-46.6207847595215,0.000102827446426,2.2353792701324e-06,1.60694908117875e-05,32037.1478975489,1.96546616175692,786
"8019",124195,-20.0545902252197,-46.5169563293457,1.28909217664841e-05,2.80237429706176e-07,2.20938218262745e-05,39102.9849294983,2.0347080783448,772
"8020",124196,-20.0464706420898,-46.4824523925781,0.0001705127078821,3.70679799743812e-06,1.50017976920935e-05,41843.623281977,2.12715449123097,736
"8021",124197,-20.0383815765381,-46.447998046875,0.0007456678031303,1.62101696332684e-05,1.09030424937373e-05,44717.8145010489,2.22686983402317,892
"8022",124198,-20.0303211212158,-46.4135932922363,0.0006657007761532,1.44717560033314e-05,1.18648431453039e-05,47700.001208552,2.14944105231004,743
"8023",124199,-20.022289276123,-46.3792304992676,0.0003916552959708,8.51424556458369e-06,1.37194501803606e-05,50770.6557194885,2.02114215875165,728
"8024",124201,-20.0063095092773,-46.3106384277344,0.0001742123113217,3.78722415916855e-06,1.77380643435754e-05,57115.2415973881,2.3642755042235,740
"8025",124202,-19.9983615875244,-46.2764015197754,0.0004204858414595,9.14099655346945e-06,1.87010355148232e-05,60366.6781300102,2.43821065641501,562
"8026",124204,-19.9825439453125,-46.2080497741699,0.0004377592758828,9.51650599745335e-06,1.68301303347107e-05,66985.0708617049,38.784216484467,697
"8027",124205,-19.9746742248535,-46.1739273071289,0.000659004343106,1.43261813718709e-05,1.789144880604e-05,65930.2560035595,2.36887517072282,29
"8028",124206,-19.9668312072754,-46.1398391723633,0.0008487821869493,1.84517866728129e-05,1.74319520738209e-05,63350.2399834855,2.04219255794384,864
"8029",124208,-19.9512176513672,-46.0717544555664,0.0003891396936523,8.45955855766078e-06,1.5828818504815e-05,58532.5805589182,1.84507748213983,793
"8030",124209,-19.9434471130371,-46.0377578735352,0.0004414530849317,9.59680619416758e-06,1.48025374073768e-05,56322.7902517978,1.94934924895626,621
"8031",124210,-19.9357013702393,-46.0037879943848,0.0002263573514937,4.92081198899541e-06,1.33682888190378e-05,54266.3042570772,1.74887545627125,801
"8032",124212,-19.9202785491943,-45.9359245300293,0.0004928896614728,1.07149926407146e-05,1.33023531816434e-05,50683.9098587003,1.57831882818172,795
"8033",124213,-19.9126014709473,-45.902027130127,0.0001201600589411,2.61217519437196e-06,1.27919893202488e-05,49195.0209228202,1.58653261992064,16
"8034",124219,-19.8669891357422,-45.6990242004395,2.06287082846757e-05,4.48450180101645e-07,2.09265472221887e-05,45540.7398458354,1.94989739262406,785
"8035",124220,-19.8594589233398,-45.6652374267578,0.0001222949781549,2.65858648162975e-06,1.44749492392293e-05,45899.9431587682,1.982885868013,766
"8036",124222,-19.8444557189941,-45.5976943969727,0.000241067636125,5.24060078532784e-06,1.13027872430393e-05,47431.9473583783,1.74138387250785,336
"8037",124223,-19.8369827270508,-45.5639305114746,0.0003575524406187,7.7728791438858e-06,1.14684735308401e-05,48578.5222792475,1.73227800618042,652
"8038",124224,-19.8295288085938,-45.5301742553711,0.0001914232416311,4.161374818068e-06,1.12616653495934e-05,49956.4734618121,1.75064514254335,19
"8039",124225,-19.8220920562744,-45.4964218139648,0.0002627419626151,5.71178179598064e-06,1.10788196252543e-05,51547.2912829798,2.45592165966912,848
"8040",124226,-19.8146743774414,-45.4626693725586,0.0013518665036826,2.93884022539714e-05,1.14779932118836e-05,53331.6860638475,4.34361148222632,689
"8041",124227,-19.8072738647461,-45.4289169311523,0.0006082908312237,1.32237137222546e-05,1.02469939520233e-05,55291.0217380643,5.37212062263095,769
"8042",124228,-19.7998886108398,-45.3951644897461,7.73928270518809e-05,1.68245276199741e-06,1.08063450170448e-05,52967.3705711271,3.15956819726788,622
"8043",124230,-19.7851696014404,-45.3276443481445,0.0008108624388114,1.76274443219882e-05,1.0193332855124e-05,45836.7084965686,9.14293913938734,758
"8044",124231,-19.7778358459473,-45.2938766479492,0.0006285184845182,1.36634453156148e-05,2.09442096092971e-05,42278.7173429296,92.5748730730964,767
"8045",124232,-19.7705154418945,-45.2601013183594,0.0010430751790409,2.26755473704543e-05,1.25774849948357e-05,38727.1590502809,239.91227176185,746
"8046",124233,-19.7632122039795,-45.2263145446777,0.0008719626785023,1.89557104022242e-05,1.13091491584782e-05,35183.7389433433,77.4174111090262,657
"8047",124235,-19.7486476898193,-45.1587066650391,0.0001643228551984,3.57223598257406e-06,9.9596536529134e-06,28134.7253491779,2.98071865437218,800
"8048",124236,-19.7413883209229,-45.124885559082,0.0004192560081719,9.11426104721613e-06,1.19033002192737e-05,24640.655860498,2.91507779164498,537
"8049",124237,-19.7341423034668,-45.0910453796387,0.0004644878590625,1.00975621535326e-05,1.08886879388592e-05,21180.0469557095,3.00977110383166,600
"8050",124238,-19.7269096374512,-45.057186126709,0.0011033198570658,2.39852142840391e-05,1.56143905769568e-05,17773.4262858142,16.8448485589578,29
"8051",124239,-19.719690322876,-45.0233116149902,0.0007742920934106,1.68324368132744e-05,1.01072182587814e-05,14460.5842001061,84.462263654719,821
"8052",124240,-19.7124843597412,-44.9894142150879,0.0004302937159081,9.35421121539548e-06,1.00373681561905e-05,11324.5452972101,28.9588318852323,868
"8053",124241,-19.7052917480469,-44.955493927002,0.0009167318567051,1.99289534066338e-05,2.19766388909193e-05,8564.35297798937,8.0311637911166,727
"8054",124242,-19.6981105804443,-44.9215507507324,0.0005398741377575,1.17363942990778e-05,2.27520376938628e-05,6668.00981280199,465.868437603403,517
"8055",124243,-19.6909427642822,-44.887580871582,0.0004733420228149,1.02900439742371e-05,1.73891949089011e-05,6452.07700601569,875.31752298024,692
"8056",124247,-19.6623840332031,-44.7514114379883,1.17260884167081e-05,2.5491496558061e-07,1.13733522084658e-05,17087.0352603933,5.05725552093398,857
"8057",124250,-19.641077041626,-44.6489372253418,0.0012935731756442,2.81211559922667e-05,1.81378945853794e-05,24475.1405204761,103.830298725885,784
"8058",124251,-19.6339950561523,-44.6147041320801,4.24980934212726e-05,9.23871596114623e-07,2.10583602893166e-05,24759.7437460598,16.3248078661302,29
"8059",124254,-19.6128044128418,-44.5117492675781,0.0003081261620536,6.69839482725365e-06,1.15809316412196e-05,28530.7308631862,4.00454437913161,694
"8060",124256,-19.5987205505371,-44.4428901672363,0.0005489968516485,1.19347141662729e-05,1.94900185306324e-05,28720.2289509867,3.91900884324246,760
"8061",124257,-19.5916900634766,-44.4083862304688,0.0007614721398567,1.65537421707995e-05,2.17007527680835e-05,25379.3032665931,34.6122839051997,800
"8062",124258,-19.5846691131592,-44.3738327026367,0.0008042683803068,1.74840952240629e-05,1.77690963027999e-05,22137.6353723244,4.64844543622167,415
"8063",124259,-19.5776538848877,-44.339225769043,0.0009618032636353,2.0908766600769e-05,1.63327513291733e-05,19048.1689346494,6.26063748802636,693
"8064",124260,-19.5706462860107,-44.3045654296875,0.0021705421240767,4.71856983494945e-05,2.68287403741851e-05,16201.9930836563,8.31439504945311,4
"8065",124261,-19.5636463165283,-44.269847869873,5.19539089509635e-05,1.12943280328182e-06,2.50584253080888e-05,13755.0561420939,8.8675328595703,834
"8066",124263,-19.5496635437012,-44.2002372741699,0.0007029544831311,1.52816191985039e-05,1.37897723107017e-05,11142.5204115901,25.5615984026123,681
"8067",124265,-19.5357055664062,-44.1303825378418,0.0011152591468999,2.42447640630417e-05,1.41422979140771e-05,6795.13374212397,160.082577576554,744
"8068",124266,-19.528736114502,-44.0953559875488,0.0006900960815983,1.50020887303981e-05,1.39613084684242e-05,3740.99229352733,310.791457287599,762
"8069",124267,-19.5217704772949,-44.0602645874023,0.0004182902066531,9.0932653620257e-06,1.63964559760643e-05,3070.56121019459,95.3833360678837,733
"8070",124268,-19.5148086547852,-44.0251007080078,0.0007195067773864,1.56414516823133e-05,1.21709545055637e-05,5711.87926395006,30.0213679709059,627
"8071",124269,-19.5078525543213,-43.9898681640625,0.0002754131655819,5.98724273004336e-06,1.11580739030614e-05,9151.01448269871,38.2082492226618,798
"8072",124270,-19.5009021759033,-43.9545631408691,0.00111634230052,2.42683108808706e-05,1.93072119145654e-05,12764.6893391524,41.0768482308234,45
"8073",124271,-19.493953704834,-43.9191818237305,0.0013528763593058,2.94103556370828e-05,2.43257873080438e-05,16443.6548535076,18.4976892146436,769
"8074",124272,-19.4870090484619,-43.8837280273438,0.0006645649082202,1.44470632221783e-05,2.02410028578015e-05,18574.2052238321,20.6700974969142,652
"8075",124275,-19.4661979675293,-43.7768783569336,0.0003228970681448,7.01950148140895e-06,1.51778504005051e-05,27046.798585759,11.2840860456672,24
"8076",124276,-19.4592666625977,-43.7410926818848,0.0001294380394938,2.81387042377901e-06,1.04260207081097e-05,30300.7722589231,11.7263232335681,964
"8077",124277,-19.4523372650146,-43.7052230834961,0.0001129168404077,2.45471392190666e-06,1.00070174084976e-05,33674.1786567791,10.7433795206678,801
"8078",124278,-19.4454097747803,-43.6692657470703,0.0005125518073327,1.1142430594191e-05,1.08155982161406e-05,37137.4112362307,17.0121221671558,656
"8079",124279,-19.4384841918945,-43.6332168579102,0.0010193568341492,2.2159931177157e-05,1.2349701137282e-05,40670.3526015947,17.4820486429953,412
"8080",124280,-19.4315605163574,-43.5970764160156,0.0012693793141807,2.75952024821891e-05,2.70889340754366e-05,44258.7080565746,1.63618477418991,809
"8081",124281,-19.4246368408203,-43.5608367919922,0.0012052992933604,2.62021585513139e-05,2.93846187560121e-05,47893.0362840288,0.0179831155601278,654
"8082",124282,-19.4177150726318,-43.5245056152344,0.0007865093466534,1.70980292750755e-05,2.52130757871782e-05,51565.0702028137,0.0179831143468618,731
"8083",124283,-19.410795211792,-43.4880714416504,0.0003828886128758,8.32366549730068e-06,1.53580112964846e-05,55270.2860198527,1.04227613997447,76
"8084",124284,-19.4038734436035,-43.4515380859375,0.0001082095463971,2.35238144341565e-06,8.13122915133135e-06,59004.3085930827,1.84869418701137,655
"8085",124285,-19.3969535827637,-43.4148979187012,0.0001512851413281,3.28880742017645e-06,7.3089804573101e-06,62764.4043484382,2.06787203283836,836
"8086",124286,-19.3900318145752,-43.3781547546387,0.0002973302498503,6.4637010837032e-06,8.62926663103281e-06,66547.8595134457,3.04798280413578,800
"8087",124288,-19.3761882781982,-43.3043403625488,0.0005522697410924,1.20058639367926e-05,8.75268142408459e-06,74178.7211356241,9.91587378962334,604
"8088",124289,-19.3692646026611,-43.2672653198242,0.0009275186275772,2.01634484255919e-05,1.08116346382303e-05,77461.298663822,3.55092974414893,721
"8089",124290,-19.3623390197754,-43.2300758361816,0.0002180356859753,4.73990621685516e-06,7.42669681130792e-06,73754.9377460432,5.34871089677165,749
"8090",124292,-19.3484840393066,-43.1553382873535,0.0005301079745549,1.15240864033694e-05,8.6198751887423e-06,66384.4108111175,36.6787160129551,788
"8091",124293,-19.341552734375,-43.117790222168,0.0002711658771659,5.89491037317202e-06,7.5921534516965e-06,62729.8573174639,9.94952994200361,758
"8092",124295,-19.3276824951172,-43.0423164367676,0.0001926813356476,4.18872468799236e-06,7.606156032125e-06,55513.6018774149,4.70742928226139,714
"8093",124296,-19.3207416534424,-43.0043869018555,0.000361523920219,7.8592156569357e-06,8.34928687254433e-06,51970.4116022544,2.14221917965138,771
"8094",124297,-19.3137989044189,-42.9663238525391,0.0007843896455597,1.70519488165155e-05,1.29218606161885e-05,48486.9882138147,1.19874535369724,515
"8095",124298,-19.3068504333496,-42.9281272888184,0.0005832113693031,1.26785080283298e-05,9.62141348281875e-06,45081.0044231866,4.03479811051052,874
"8096",124299,-19.2999000549316,-42.8897895812988,0.0002213509142166,4.81197639601305e-06,7.91096408647718e-06,41774.4870803813,9.15367262995048,40
"8097",124300,-19.2929439544678,-42.851318359375,0.0005356993733585,1.1645638551272e-05,8.16571900941199e-06,38598.447295337,5.55682001743281,643
"8098",124301,-19.285982131958,-42.8126983642578,0.0003753372038772,8.15950443211477e-06,8.06048319645924e-06,35591.2207439028,10.5762633018974,783
"8099",124302,-19.279016494751,-42.7739372253418,0.0002390169238424,5.19602008353104e-06,7.9400606409763e-06,32805.4576917958,9.97977400680918,672
"8100",124303,-19.272045135498,-42.7350273132324,0.0006380986833391,1.38717105073738e-05,9.33994670049287e-06,30307.7466561685,10.4747714057887,653
"8101",124304,-19.2650661468506,-42.6959648132324,0.0001238448626281,2.69227962235163e-06,7.62090257921955e-06,28181.405798593,14.5772467314999,780
"8102",124305,-19.2580833435059,-42.6567497253418,0.0002936599530585,6.38391202301136e-06,9.43281702348031e-06,26522.8928310286,15.7228980229272,647
"8103",124306,-19.2510929107666,-42.6173782348633,0.0007632196611666,1.65917317644926e-05,9.40554855333176e-06,25431.8141592591,79.2077710542923,32
"8104",124307,-19.2440948486328,-42.5778465270996,0.0003845425453619,8.35962055134587e-06,8.0101872299565e-06,24990.5791484291,61.2052843272096,762
"8105",124308,-19.2370891571045,-42.5381507873535,0.0002889726674766,6.28201451036148e-06,8.954342774814e-06,25241.4642756459,26.678152144103,350
"8106",124595,-20.201416015625,-47.3397064208984,0.0002014138171944,4.37856124335667e-06,1.10213686639327e-05,39030.2350649493,6.86566078331452,762
"8107",124597,-20.183572769165,-47.267520904541,0.000809141442005,1.7590031347936e-05,1.06904544736608e-05,39668.0475437293,18.4532059017514,614
"8108",124601,-20.1483783721924,-47.1242332458496,0.0006242933068278,1.35715936266934e-05,1.83713491423987e-05,41596.8958973022,1.94661493741771,52
"8109",124603,-20.1310176849365,-47.0530967712402,0.0003409825540074,7.41266421755427e-06,1.20916129162651e-05,35285.5265460845,2.14144718530071,674
"8110",124605,-20.1138095855713,-46.9822731018066,0.0001740873972266,3.78450863536273e-06,1.07618225229089e-05,29631.140586622,0.975861561102731,823
"8111",124610,-20.0714244842529,-46.8064994812012,0.000126853657548,2.75768820756639e-06,1.36068720166804e-05,21601.0641065434,1.27889161706001,783
"8112",124611,-20.0630512237549,-46.7715454101562,0.0003468353070275,7.53989797885879e-06,1.13009682536358e-05,21670.3578178545,1.43863244133321,719
"8113",124613,-20.046407699585,-46.7018356323242,0.0001085918820535,2.36069308812148e-06,1.12353236545459e-05,23653.7883039703,1.50016623493489,712
"8114",124614,-20.0381336212158,-46.6670684814453,0.0001277623623536,2.77744265986257e-06,1.25568240036955e-05,25418.2885654535,1.54033687824631,754
"8115",124615,-20.0298919677734,-46.6323623657227,0.0004989824319636,1.08474441731232e-05,1.12808438643697e-05,27572.196592659,1.74302082492756,778
"8116",124619,-19.9972362518311,-46.4940757751465,0.0014849493090878,3.22815067193005e-05,1.88721678568982e-05,38595.89293748,1.66237899481575,927
"8117",124620,-19.9891471862793,-46.4596328735352,0.000399612061301,8.68721872393508e-06,2.03606214199681e-05,41708.0338326801,1.72255439512435,742
"8118",124621,-19.9810886383057,-46.425235748291,0.0012506582024798,2.71882217930397e-05,1.61411117005628e-05,44903.1191375248,1.2982996713964,817
"8119",124622,-19.9730567932129,-46.3908882141113,0.0007029091320873,1.52806333062472e-05,1.29537502289168e-05,48162.9229396085,1.06809270381927,522
"8120",124623,-19.9650535583496,-46.3565788269043,0.0005792049141746,1.25914111777092e-05,2.06960139621515e-05,51475.1344994785,1.07318341398786,10
"8121",124624,-19.9570789337158,-46.3223152160645,0.0007524539760197,1.63576951308642e-05,2.80646272585727e-05,54828.5498120755,1.56848105169862,578
"8122",124625,-19.9491310119629,-46.2880935668945,0.0006557792312378,1.42560702443006e-05,3.46283268299885e-05,58215.3983367294,1.60491304460096,736
"8123",124626,-19.9412097930908,-46.2539100646973,0.0016604857955826,3.60975172952749e-05,2.90871666948078e-05,61629.6818983224,1.948615609754,695
"8124",124627,-19.9333152770996,-46.2197608947754,0.0007275030366145,1.58152834046632e-05,2.59300741163315e-05,65066.7084522655,3.68427759158158,456
"8125",124628,-19.9254474639893,-46.1856498718262,0.0005880651024199,1.27840239656507e-05,2.90665702777915e-05,68521.994751071,6.07417530781749,701
"8126",124629,-19.9176025390625,-46.1515731811523,0.0019294051016913,4.19435891672038e-05,2.99308358080452e-05,67413.3148289102,5.53906806921714,600
"8127",124630,-19.9097843170166,-46.1175270080566,0.0009068951148947,1.97151111933636e-05,2.61016830336303e-05,65105.2418021131,3.52928403458998,805
"8128",124631,-19.9019908905029,-46.0835113525391,0.0004066050332767,8.83923985384172e-06,1.79063790710643e-05,62923.4878786796,1.73100098142822,24
"8129",124632,-19.8942222595215,-46.0495262145996,0.0009648155100876,2.09742502192967e-05,1.28792571558733e-05,60880.9667900441,11.2933024367468,757
"8130",124643,-19.8102416992188,-45.6771278381348,0.0004449380030564,9.67256528383587e-06,1.10086148197297e-05,51467.0661489536,262.094094883002,727
"8131",124645,-19.7952423095703,-45.6096038818359,0.0006254938962229,1.35976933961501e-05,1.11818999357638e-05,52846.4492913843,2.81324904103798,552
"8132",124646,-19.787769317627,-45.575855255127,0.0010431906484882,2.26780575758312e-05,1.19849401016836e-05,53881.7629841055,1.7343347613787,689
"8133",124647,-19.7803173065186,-45.542106628418,0.0008646076094009,1.87958175956737e-05,1.04453420135542e-05,55130.5866228754,4.0678406706287,630
"8134",124648,-19.7728805541992,-45.5083656311035,0.0006016213410475,1.30787248053821e-05,1.04775708678062e-05,56579.1367931985,8.19161561059462,4
"8135",124649,-19.7654647827148,-45.4746246337891,0.0001417231624145,3.08093831336009e-06,1.08206977529335e-05,58211.8866919106,2.30020516502528,757
"8136",124650,-19.7580642700195,-45.4408836364746,0.0001913332507683,4.15941849496448e-06,1.29740283227875e-05,57416.281718783,2.13446343218647,790
"8137",124652,-19.743314743042,-45.3733940124512,0.0012362146480882,2.68742314801784e-05,1.47810633279732e-05,50410.1004653958,2.94741837397611,677
"8138",124653,-19.7359638214111,-45.3396415710449,0.000456159834357,9.91651813819772e-06,9.80140521278372e-06,46927.0660434501,2.91858794602898,791
"8139",124654,-19.728630065918,-45.3058853149414,0.0001154791430053,2.51041615229042e-06,8.73117460287176e-06,43461.8544316285,257.881762595186,788
"8140",124655,-19.7213115692139,-45.2721176147461,8.96227411431028e-05,1.94832045963267e-06,8.94420281838393e-06,40018.3101765349,1310.13389765248,565
"8141",124656,-19.7140083312988,-45.2383460998535,0.0001647421117922,3.5813502563542e-06,9.89744785329094e-06,36603.563946481,245.210288293026,179
"8142",124657,-19.7067203521729,-45.2045593261719,3.73425159523322e-05,8.117938250507e-07,1.19064470709418e-05,33225.3214453534,156.711219327417,827
"8143",124658,-19.6994476318359,-45.1707611083984,0.000606759564107,1.3190425306675e-05,1.06609222711995e-05,29896.7678802086,1.9786819872816,874
"8144",124659,-19.6921882629395,-45.1369476318359,0.0002514110628908,5.46545788893127e-06,9.7942138381768e-06,26636.5176837673,1.88688059310965,712
"8145",124661,-19.677713394165,-45.0692710876465,0.0003049290808121,6.62889306113357e-06,1.26216673379531e-05,20453.3489324112,2.53113524964643,423
"8146",124662,-19.6704959869385,-45.0354042053223,0.0010405115899629,2.26198171731085e-05,1.25997767099761e-05,17650.3725713558,2.5667375699304,591
"8147",124663,-19.6632900238037,-45.0015182495117,0.0008697110242792,1.89067613973748e-05,1.37597244247445e-05,15186.6470805163,2.6229284583716,28
"8148",124664,-19.656099319458,-44.9676094055176,0.0007865249936003,1.7098369426094e-05,1.80396127689164e-05,13253.5114767454,3.01848002058585,786
"8149",124665,-19.6489200592041,-44.9336776733398,0.0004735561433335,1.02946987681207e-05,1.42067765409593e-05,12109.955245238,91.9530715243627,814
"8150",124667,-19.6345977783203,-44.8657302856445,1.5315990651743e-05,3.32956318516153e-07,1.07605947050615e-05,12912.875438366,3.5539345419954,423
"8151",124668,-19.6274528503418,-44.831714630127,0.0006504965876956,1.41412301672972e-05,1.91818908206187e-05,14695.3693245504,2.55008597554943,642
"8152",124669,-19.6203212738037,-44.7976722717285,0.0008760485397942,1.90445334737888e-05,2.07240882446058e-05,17068.676365811,2.6919224438061,603
"8153",124670,-19.6131992340088,-44.7635917663574,0.0005980367677693,1.30007992993342e-05,1.2761345715262e-05,19824.0966493409,3.96553085824402,804
"8154",124674,-19.5848159790039,-44.6269264221191,0.0006143678710941,1.33558232846553e-05,1.16807177619194e-05,30310.5832502492,8.96523778668214,90
"8155",124675,-19.5777454376221,-44.5926628112793,0.0010276148241246,2.23394526983611e-05,2.14137144212145e-05,30963.3500186895,6.59349308823591,772
"8156",124676,-19.5706844329834,-44.5583572387695,0.0010543890930421,2.29215020226547e-05,2.37447166000493e-05,32018.7343667605,5.12499469766089,634
"8157",124677,-19.5636310577393,-44.5240058898926,0.0002275051219839,4.9457635213912e-06,1.19193337013712e-05,33440.2493040149,5.82637958269387,789
"8158",124679,-19.5495491027832,-44.4551696777344,0.0006667944726359,1.44955320138251e-05,1.0549147191341e-05,27133.915072115,73.8513120644797,673
"8159",124680,-19.5425205230713,-44.4206771850586,0.0010769775944936,2.3412556402036e-05,1.2625083400053e-05,23558.0421859274,78.8079100113261,799
"8160",124681,-19.5355014801025,-44.3861312866211,0.0011437732391641,2.48646356340032e-05,1.81821524165571e-05,20009.1330825525,7.31954115037703,764
"8161",124684,-19.5144824981689,-44.2821807861328,0.0002189893339163,4.76063769383472e-06,1.46695338116842e-05,9876.90355593982,9.51817745190059,752
"8162",124685,-19.5074901580811,-44.2474136352539,0.0003214109428881,6.98719441061257e-06,1.30056268972112e-05,7117.96383563552,672.261014142088,706
"8163",124686,-19.5005035400391,-44.212589263916,0.0017858819337561,3.88235202990472e-05,2.31837930186884e-05,5568.96241417817,426.174716503485,923
"8164",124687,-19.4935245513916,-44.1777038574219,0.0014895372951286,3.23812455462757e-05,1.49552597576985e-05,6223.17508304947,357.16798485005,726
"8165",124688,-19.4865493774414,-44.1427574157715,0.0007627038976352,1.65805195138091e-05,1.55169018398738e-05,8598.79351221952,442.148460045915,546
"8166",124689,-19.4795799255371,-44.1077423095703,0.0012248240891494,2.66266106336843e-05,1.59944083861774e-05,8807.40845246393,49.7747147264233,26
"8167",124690,-19.4726181030273,-44.0726585388184,0.0001132303441409,2.46152922045439e-06,1.34876718220767e-05,8491.17662796471,9.48219978856393,786
"8168",124693,-19.451753616333,-43.9669914245605,0.0006703764101985,1.45734002217068e-05,2.31610029004514e-05,14921.9919632414,4.99115472483771,590
"8169",124694,-19.4448089599609,-43.9316253662109,0.0003158064700983,6.86535804561572e-06,1.38941577461082e-05,18139.441476705,8.83484003821043,742
"8170",124696,-19.4309272766113,-43.860652923584,5.18106337494828e-05,1.12631812498876e-06,2.44135862885742e-05,25043.2397654223,48.54256096849,602
"8171",124697,-19.4239921569824,-43.8250503540039,0.0006223250129551,1.3528804629459e-05,1.45117683132412e-05,27644.4309338639,57.3755195182085,678
"8172",124700,-19.4032039642334,-43.7177314758301,0.0006254113523027,1.35958989631035e-05,9.86042778094998e-06,36337.587135079,10.2717104925417,25
"8173",124701,-19.3962783813477,-43.6817817687988,0.0008301502712129,1.80467450263677e-05,1.08795065898448e-05,39551.5701379,9.74796868833299,708
"8174",124702,-19.3893547058105,-43.6457443237305,0.0013276090503495,2.88610663119471e-05,1.16171868285164e-05,42869.814123089,11.6458155054333,730
"8175",124703,-19.3824329376221,-43.6096153259277,0.0005564516595768,1.20967752081924e-05,9.65204253589036e-06,46272.4019758537,7.50719874054311,385
"8176",124704,-19.3755130767822,-43.5733871459961,0.0004002145942649,8.70031726663001e-06,8.93038213689579e-06,49744.8074085007,5.33876467629146,519
"8177",124705,-19.3685932159424,-43.5370635986328,0.00039246412598,8.53182882565306e-06,8.25578990770737e-06,53275.3391083068,0.0181513153835042,704
"8178",124706,-19.3616733551025,-43.5006446838379,0.0009156402520602,1.99052228708751e-05,9.92084096651524e-06,56855.1364580878,0.0503289743746924,761
"8179",124707,-19.3547554016113,-43.4641189575195,0.0005999030636303,1.30413709484856e-05,9.28530516830506e-06,60478.2104509807,0.592422712812573,209
"8180",124708,-19.3478355407715,-43.4274940490723,0.0005767308139184,1.25376263895305e-05,1.37832766995416e-05,64138.7113041391,1.56143838455984,754
"8181",124709,-19.3409175872803,-43.3907585144043,0.0004695928637374,1.02085405160324e-05,8.53617802931694e-06,67833.1485338197,1.79229558142088,813
"8182",124710,-19.3339977264404,-43.3539199829102,0.0003060861390622,6.65404650135315e-06,9.08832680579508e-06,71557.5939472635,1.97140369606933,829
"8183",124711,-19.3270778656006,-43.316967010498,0.0002149226966139,4.67223253508564e-06,7.38461540095159e-06,75310.1871988111,3.03166077323558,800
"8184",124713,-19.3132343292236,-43.2427253723145,2.73752277735184e-05,5.951136472504e-07,7.28021859686123e-06,76065.0188288508,4.33595098383944,731
"8185",124714,-19.3063106536865,-43.2054290771484,0.0003553428323357,7.72484418121167e-06,8.16824831417762e-06,72478.1836230188,14.3560389348932,836
"8186",124715,-19.2993831634521,-43.1680145263672,9.70168883895894e-06,2.10906279107803e-07,9.65088747761911e-06,68918.7625471655,18.0838597394593,744
"8187",124716,-19.2924556732178,-43.1304740905762,0.0002738846596912,5.95401434111409e-06,7.73060037317919e-06,65392.5511673498,9.35951457098822,836
"8188",124717,-19.2855243682861,-43.0928153991699,6.64855872400949e-05,1.44533885304554e-06,8.22140191303333e-06,61908.5749068315,7.41043840144298,848
"8189",124718,-19.2785892486572,-43.0550231933594,0.0002827651387633,6.14706823398592e-06,8.09265748102916e-06,58475.3776320716,6.80901120460062,569
"8190",124719,-19.2716522216797,-43.0171051025391,0.0002879363919419,6.25948678134591e-06,8.02973681857111e-06,55106.0730047088,25.3349074755098,794
"8191",124721,-19.2577667236328,-42.9408683776855,0.0007518680104112,1.63449567480711e-05,1.02012982097222e-05,48622.9949012775,1.74587371309832,7
"8192",124722,-19.2508163452148,-42.9025459289551,0.0002663021869011,5.78917797611211e-06,7.779801308061e-06,45552.6389145846,8.08550332617168,568
"8193",124724,-19.2369060516357,-42.8254776000977,0.0008971058159659,1.95023003470851e-05,1.05980443549925e-05,39905.9166879513,5.32975489936492,722
"8194",124725,-19.2299423217773,-42.7867240905762,0.000233914826822,5.08510493091308e-06,7.6689475463354e-06,37413.3575940129,3.7905813136829,619
"8195",124728,-19.2090167999268,-42.6695747375488,0.0001235436798197,2.68573216999357e-06,1.07148425740888e-05,31940.825709846,17.2530854334954,19
"8196",124730,-19.1950340270996,-42.5906944274902,0.0006653237014688,1.44635587275843e-05,1.19488022392034e-05,30601.4417715871,7.25231385406678,712
"8197",124731,-19.1880321502686,-42.5510101318359,0.0003930695038434,8.54498921398772e-06,1.36319677039864e-05,30765.9425106169,8.08085222919799,750
"8198",124732,-19.181022644043,-42.5111618041992,0.0009453899510845,2.05519554583589e-05,1.00036404546699e-05,31493.7474959691,16.3132558387099,578
"8199",125014,-20.1884002685547,-47.4965667724609,0.000250142279583,5.4378756431106e-06,1.45839276228799e-05,37087.1321117077,4.78344622795592,613
"8200",125015,-20.1792812347412,-47.4600448608398,0.0007520609615312,1.63491513376357e-05,1.10616556412424e-05,35563.0319819167,3.57638588210641,708
"8201",125016,-20.1702060699463,-47.4236259460449,0.0007458018480974,1.62130836542929e-05,1.14044487418141e-05,34425.0994454434,4.372281202036,539
"8202",125019,-20.1432476043701,-47.3149604797363,0.0010131939452549,2.20259553316282e-05,1.19346841529477e-05,33616.188593758,10.9204400764067,716
"8203",125020,-20.1343460083008,-47.2789268493652,0.0006080291004764,1.32180239234003e-05,1.6389229131164e-05,34236.3665971946,45.2088778930431,97
"8204",125025,-20.0904541015625,-47.1000900268555,0.0001553481179144,3.37713299813913e-06,1.10790115286363e-05,35341.6846344063,1.76853483845448,629
"8205",125030,-20.0475273132324,-46.9232749938965,0.0001239305861417,2.69414317699557e-06,1.2036020962114e-05,20306.0120564509,1.42279751915341,776
"8206",125032,-20.0306091308594,-46.8530616760254,0.0007600389799335,1.65225865202956e-05,1.52354105011909e-05,16728.4462078293,1.46146509625369,972
"8207",125034,-20.0138301849365,-46.7831153869629,0.0001035738036989,2.25160442823835e-06,1.97619065147592e-05,16144.1293227844,1.53815513231348,1015
"8208",125036,-19.9971866607666,-46.7134246826172,0.0001417100988874,3.08065432363946e-06,1.98226789507316e-05,18797.6651922916,1.57813263233766,777
"8209",125038,-19.9806728363037,-46.6439743041992,0.0010951636977552,2.38079064729391e-05,1.37811948661692e-05,23595.1969147198,1.55317154478451,805
"8210",125039,-19.9724636077881,-46.6093368530273,0.0004648992817237,1.01065061244299e-05,1.02295389297069e-05,26448.9196047962,1.22665424974308,537
"8211",125040,-19.9642848968506,-46.5747489929199,0.0008781368633208,1.90899318113225e-05,1.31635370053118e-05,29489.3270413902,1.10563891390476,90
"8212",125041,-19.9561367034912,-46.5402183532715,0.0006831631872046,1.48513736348832e-05,1.79441758518806e-05,32661.5875225101,1.06680076685916,812
"8213",125042,-19.94801902771,-46.5057373046875,0.0011561579231056,2.51338678936008e-05,1.27242419694085e-05,35929.5368908393,1.2152321391063,854
"8214",125043,-19.9399318695068,-46.4713020324707,0.000208525940252,4.53317261417396e-06,1.99740607058629e-05,39268.0434629723,1.08248757306477,441
"8215",125044,-19.9318733215332,-46.4369201660156,0.0001536814670544,3.3409014577046e-06,1.2066090675944e-05,42658.3254706935,1.06977384249331,699
"8216",125045,-19.9238414764404,-46.4025802612305,0.0012923891117679,2.80954154732171e-05,2.41145098698325e-05,46088.6453582879,1.07364054733444,8
"8217",125046,-19.9158401489258,-46.3682861328125,0.0010424857828184,2.26627344090957e-05,1.72700329130748e-05,49549.2285949387,1.07324290434917,577
"8218",125047,-19.907865524292,-46.3340301513672,0.0005126077430759,1.11436465886072e-05,9.68589847616386e-06,53033.7906534342,1.07505785046123,711
"8219",125048,-19.8999176025391,-46.2998199462891,0.0001953446844709,4.24662357545458e-06,1.35124591906788e-05,56536.221449043,1.19995296547087,331
"8220",125049,-19.8919982910156,-46.2656478881836,0.0010645049696904,2.31414123845752e-05,1.15647535494645e-05,60053.2176548935,1.50725924600537,568
"8221",125050,-19.8841037750244,-46.2315101623535,0.0002534182858653,5.50909317098558e-06,1.01725863714819e-05,63581.9612587259,1.66072171467931,43
"8222",125051,-19.8762359619141,-46.1974105834961,0.0006696336404274,1.45572530527716e-05,1.03884804047993e-05,67119.5305318778,8.70101454474788,768
"8223",125052,-19.8683929443359,-46.1633453369141,0.000700537699231,1.52290804180666e-05,1.50859268615022e-05,70664.2951722224,7.03469363819478,853
"8224",125053,-19.86057472229,-46.1293106079102,0.000858184412209,1.86561828741105e-05,1.47525515785674e-05,69527.517341312,2.6930458998813,610
"8225",125054,-19.852783203125,-46.0953063964844,0.0004436701401573,9.64500304689864e-06,1.53884320752695e-05,67495.8593821207,2.20218485742216,774
"8226",125056,-19.8372688293457,-46.0273818969727,8.61707276271773e-05,1.87327668754733e-06,1.14249523903709e-05,63859.8286502394,1.818316023182,633
"8227",125059,-19.8141746520996,-45.9256896972656,0.0001060047388818,2.30445084525854e-06,1.38712039188249e-05,59651.209810196,24.2047442510856,757
"8228",125061,-19.7988891601562,-45.8579978942871,0.0002360214120926,5.1309002628841e-06,1.34568617795594e-05,57809.4547191731,8.49150216548119,806
"8229",125063,-19.7836894989014,-45.7903785705566,0.0002899834853451,6.30398881185101e-06,1.36442167786299e-05,56826.2602571421,1.60182773316991,876
"8230",125064,-19.7761211395264,-45.7565879821777,0.0007085621982696,1.54035260493401e-05,1.41077825901448e-05,56670.8459166436,2.19411860583016,698
"8231",125066,-19.761043548584,-45.6890525817871,0.0008847349381539,1.92333682207391e-05,1.21505663628341e-05,57040.3274377448,302.415760132256,796
"8232",125067,-19.7535362243652,-45.6552963256836,0.0007760503249301,1.68706592376111e-05,1.57769882207504e-05,57559.8067668036,100.340893399953,1414
"8233",125069,-19.7385749816895,-45.5878105163574,0.0011621264384302,2.52636182267452e-05,1.18212465167744e-05,59238.7348169379,1.66297479329672,815
"8234",125070,-19.7311229705811,-45.5540733337402,0.0001358112626803,2.95241875392094e-06,1.32140503410483e-05,60379.7900278521,1.67588919898123,809
"8235",125071,-19.7236881256104,-45.5203437805176,0.0004798404424946,1.0431313967274e-05,1.21887915156549e-05,61707.6280531432,1.59081729500255,720
"8236",125072,-19.716272354126,-45.4866104125977,0.001191663355712,2.59057251241757e-05,1.72120744537096e-05,62257.4250033768,1.53007126194793,624
"8237",125073,-19.7088737487793,-45.452880859375,0.0009148591598204,1.9888242604793e-05,2.2552698283107e-05,58821.3030571085,1.71827133744955,45
"8238",125074,-19.7014904022217,-45.4191474914551,0.0011703981508617,2.54434380622115e-05,1.58056991494959e-05,55404.7104828706,1.85207408962571,761
"8239",125075,-19.6941261291504,-45.3854141235352,8.32348437143082e-05,1.80945312422409e-06,1.0987760106218e-05,52011.8389445763,1.77801265181558,675
"8240",125076,-19.6867771148682,-45.3516731262207,0.0005660135338985,1.2304642041272e-05,1.19816995720612e-05,48646.8217296877,1.71162255655873,540
"8241",125077,-19.679443359375,-45.3179244995117,0.0011072546876675,2.40707540797302e-05,1.26038275993778e-05,45315.9561079715,1.71429680382426,708
"8242",125078,-19.6721267700195,-45.2841720581055,0.0008218450893764,1.786619759514e-05,1.08204494608799e-05,42027.8064087716,9.72666348463158,16
"8243",125079,-19.6648254394531,-45.2504081726074,0.0009475832011958,2.05996348086046e-05,1.19073984023998e-05,38792.5062743495,2.20742269339826,642
"8244",125082,-19.643009185791,-45.149040222168,0.0002705889901335,5.88236935072928e-06,1.01899504443281e-05,29578.4910599145,1.9947065981315,685
"8245",125083,-19.6357650756836,-45.1152229309082,0.0002941802767963,6.39522340861731e-06,1.92000807146542e-05,26766.4241780133,2.67765415718804,340
"8246",125085,-19.6213188171387,-45.0475311279297,0.000201503577955,4.38051256423933e-06,2.22012531594373e-05,21839.251954082,2.57810386898927,494
"8247",125086,-19.6141166687012,-45.0136566162109,0.0001527460494799,3.32056629304134e-06,1.05174713098677e-05,19899.2073583451,3.92643439120964,800
"8248",125087,-19.6069259643555,-44.9797592163086,0.0005915972960792,1.2860810784332e-05,1.14270642370684e-05,18463.4103387671,9.91087535365647,435
"8249",125088,-19.5997486114502,-44.9458351135254,0.0007927599253889,1.72339114214992e-05,1.50304231283371e-05,17656.2257272291,23.9819000566266,789
"8250",125089,-19.5925827026367,-44.9118881225586,0.0012238706294738,2.66058832494309e-05,2.70705750153866e-05,17566.2623619738,8.18854659623348,643
"8251",125090,-19.585428237915,-44.8779106140137,0.0011512252858665,2.50266366492724e-05,3.76539173885249e-05,18205.4109573065,4.94697690883656,768
"8252",125091,-19.5782852172852,-44.8439064025879,0.0002286889557581,4.97149903821992e-06,1.12078359961743e-05,19503.5857849356,8.72650773505597,805
"8253",125093,-19.5640354156494,-44.775806427002,0.0003559907163435,7.73892861616332e-06,1.84031359822256e-05,23596.4639474766,3.34519028668098,727
"8254",125094,-19.5569248199463,-44.7417068481445,0.000148488207742,3.22800451613148e-06,2.70965610980056e-05,26160.9441632705,25.6517908624784,911
"8255",125095,-19.549825668335,-44.7075691223145,0.0009171109813905,1.99371952476213e-05,2.342105290154e-05,28954.522557064,16.1042900031944,817
"8256",125096,-19.5427379608154,-44.6733932495117,0.0007516737205151,1.63407330546761e-05,1.71083320310572e-05,31918.3224587845,42.9221941681142,651
"8257",125097,-19.5356578826904,-44.6391830444336,0.0004246939497534,9.23247716855258e-06,1.06473908090265e-05,35010.2510728635,4.5068702137533,373
"8258",125099,-19.5215282440186,-44.5706329345703,0.000788374847616,1.71385836438276e-05,1.2645741662709e-05,37319.5563119465,4.53193611812159,751
"8259",125100,-19.514476776123,-44.5362930297852,0.0008568184421164,1.86264878720976e-05,1.72647160070483e-05,33968.9043260227,4.5214460032878,559
"8260",125101,-19.5074329376221,-44.5019111633301,0.0004418306616571,9.60501438385108e-06,1.08480480776052e-05,30317.3283743568,20.119139624855,12
"8261",125102,-19.5003986358643,-44.4674758911133,0.0004567354662867,9.92903187579941e-06,1.0589424164209e-05,26660.5687345063,22.3252450828867,764
"8262",125105,-19.479341506958,-44.3638801574707,7.59499923788098e-05,1.65108679084369e-06,1.20342456284561e-05,15662.0449172498,61.1043490964718,566
"8263",125106,-19.4723377227783,-44.3292388916016,0.0008828259269648,1.91918679774972e-05,1.48127919601393e-05,11985.1943233555,33.1198601434541,458
"8264",125107,-19.4653396606445,-44.2945442199707,0.0006366565703501,1.38403602250037e-05,1.79165672307136e-05,8303.14990064177,668.583985119045,714
"8265",125108,-19.4583492279053,-44.2597885131836,0.0009242427258868,2.00922331714537e-05,1.15903512778459e-05,4615.38375133839,2418.65235663161,26
"8266",125109,-19.4513645172119,-44.2249755859375,3.52940706989102e-05,7.67262406498048e-07,1.75419663719367e-05,925.743118624324,4202.06037373195,512
"8267",125110,-19.4443874359131,-44.1901016235352,0.000807073451142,1.75450750248274e-05,1.13576188596198e-05,2781.2781127299,886.685432509445,689
"8268",125111,-19.4374141693115,-44.1551628112793,0.0006260600730456,1.36100015879492e-05,1.13563355625956e-05,6486.6803899162,136.452515147174,697
"8269",125112,-19.4304466247559,-44.1201591491699,0.0001254506200893,2.72718739324773e-06,1.0536253284954e-05,10199.2612747267,4.83805966079819,588
"8270",125113,-19.4234848022461,-44.0850868225098,0.0002357819175813,5.1256938604638e-06,1.18965335786925e-05,13918.8221033138,26.645539288959,469
"8271",125115,-19.4095764160156,-44.0147361755371,0.0010418103702249,2.26480515266303e-05,1.93090600077994e-05,16374.299687756,14.5619350356592,748
"8272",125116,-19.4026279449463,-43.9794540405273,0.0007757310268061,1.68637179740472e-05,1.3055803719908e-05,18580.6209899732,3.26497212227182,372
"8273",125119,-19.3818073272705,-43.8731460571289,0.0014018270376254,3.04745008179452e-05,2.11973929253872e-05,27319.1249299636,11.0178666903838,697
"8274",125120,-19.3748741149902,-43.8375549316406,0.000787868288171,1.71275714819785e-05,1.17560102808056e-05,30613.7376356103,21.5644427472568,624
"8275",125121,-19.3679447174072,-43.8018760681152,0.0008660759958729,1.88277390407166e-05,1.6686864910298e-05,34014.7252812315,22.7069060423988,1182
"8276",125122,-19.3610172271729,-43.7661170959473,0.0003672353486763,7.98337714513764e-06,1.10945775304572e-05,36829.6024078162,8.06812891126908,860
"8277",125123,-19.3540916442871,-43.7302665710449,0.0001365482171422,2.96843950309267e-06,1.3616110663861e-05,39618.2780656331,7.32876940747895,795
"8278",125124,-19.34716796875,-43.6943321228027,0.0006222857700777,1.35279515234288e-05,1.05590634120745e-05,42568.9449264116,9.60513082090084,1011
"8279",125125,-19.3402481079102,-43.6583061218262,0.0001149711611105,2.49937306762149e-06,1.01701052699354e-05,45652.7181516645,34.2344328116523,773
"8280",125126,-19.3333282470703,-43.622184753418,0.0001011717254186,2.19938533518871e-06,9.85497899819165e-06,48847.1324157475,12.9993428841757,763
"8281",125127,-19.3264102935791,-43.5859718322754,0.00021638367798,4.70399299956625e-06,9.29734233068302e-06,52133.5493131033,12.7365022652052,562
"8282",125128,-19.3194923400879,-43.5496597290039,0.0003325842853882,7.23009316061507e-06,8.92702155397274e-06,55498.2917407947,0.76017727757452,104
"8283",125129,-19.3125743865967,-43.5132484436035,0.0007753174286335,1.68547267094254e-05,8.61039006849751e-06,58929.9173903255,0.44553735402484,727
"8284",125130,-19.3056583404541,-43.476734161377,0.0002162720365959,4.70156601295457e-06,7.69791677157627e-06,62419.4581210247,0.673857061517712,783
"8285",125131,-19.2987422943115,-43.4401206970215,0.0001595936491867,3.469427156233e-06,9.03211821423611e-06,65959.3516156888,1.18134844564145,785
"8286",125132,-19.2918262481689,-43.4033966064453,0.0002291756845806,4.98208009958034e-06,7.14565203452366e-06,69544.5849892979,1.20689108725309,7
"8287",125133,-19.2849082946777,-43.366569519043,0.0002353024265175,5.11527014168678e-06,7.62091985961888e-06,73169.7309054212,1.22815726264864,691
"8288",125134,-19.2779903411865,-43.3296279907227,1.30226309025261e-06,2.83100671794045e-08,7.41224266675999e-06,76831.6444560674,2.02230225055541,565
"8289",125135,-19.2710723876953,-43.2925758361816,0.0001326263768532,2.88318210550642e-06,7.2491407081543e-06,80526.6631863627,5.22449712630077,369
"8290",125136,-19.2641525268555,-43.2554092407227,0.0006386640652635,1.38840014187736e-05,1.0110610674019e-05,78710.9469364863,9.62216610408131,664
"8291",125137,-19.257230758667,-43.2181243896484,0.0003845458086289,8.35969149193261e-06,9.34479521674803e-06,75239.5219828736,15.7416957161563,17
"8292",125138,-19.2503070831299,-43.180721282959,0.0002364189240324,5.13954182679299e-06,7.96159019955667e-06,71805.3624604007,16.6479578723831,506
"8293",125139,-19.2433795928955,-43.1431922912598,0.0003438143585299,7.47422518543317e-06,1.07841769931838e-05,68415.5119081931,6.19290637942197,770
"8294",125140,-19.2364521026611,-43.105541229248,3.15435414677268e-05,6.85729162341886e-07,8.99729639058933e-06,65079.4535452929,6.01882087663903,727
"8295",125141,-19.2295207977295,-43.0677642822266,0.0004769963379658,1.03694856079528e-05,9.45658302953234e-06,61808.1191840793,6.82636056398638,695
"8296",125142,-19.2225856781006,-43.029857635498,0.0001596921642885,3.471568788882e-06,7.37782966098166e-06,58614.6314608856,78.8055164226531,635
"8297",125145,-19.2017593383789,-42.9153327941895,3.11909988113257e-05,6.78065191550559e-07,7.82033657742431e-06,49679.6968285786,4.17413546620333,448
"8298",125146,-19.1948070526123,-42.876880645752,0.0003053000682484,6.63695800540154e-06,1.04962145996979e-05,46996.1148796228,5.22073172577964,681
"8299",125147,-19.1878528594971,-42.8382873535156,0.0006627499042224,1.44076066135312e-05,1.20683744171401e-05,44511.6156457159,3.99867695196674,707
"8300",125148,-19.1808910369873,-42.7995491027832,0.0006643963060923,1.44433979585301e-05,1.05707749753492e-05,42265.7072289451,6.75692767612974,857
"8301",125149,-19.1739253997803,-42.7606620788574,0.0004092743856745,8.89726925379364e-06,1.40130705403863e-05,40302.2717162976,8.82565595645685,729
"8302",125150,-19.1669521331787,-42.721622467041,0.0001077585461644,2.34257709053054e-06,1.01730574897374e-05,38669.3781277118,10.9139852331044,769
"8303",125151,-19.1599750518799,-42.682430267334,0.0005658318787027,1.23006930152769e-05,9.98918039840646e-06,37415.1446042098,39.5546550483382,850
"8304",125152,-19.1529903411865,-42.6430816650391,0.0002500700902601,5.43630631000269e-06,9.9381595646264e-06,36584.1190248911,11.5848275243811,745
"8305",125153,-19.1459980010986,-42.603572845459,0.0004427000294526,9.62391368375393e-06,1.03112024589791e-05,36210.9106046107,10.4500019767334,790
"8306",125154,-19.1389999389648,-42.5639038085938,0.0004073144591529,8.85466215549968e-06,1.25509777717525e-05,36315.1106954259,4.28440763460092,707
"8307",125155,-19.1319923400879,-42.5240669250488,0.0003425502400205,7.44674434827175e-06,9.85900896921521e-06,36898.7076003622,7.13196206822354,133
"8308",125443,-20.0940361022949,-47.3263664245605,0.0002767310234048,6.01589181314921e-06,1.12386869659531e-05,28096.097894402,3.9579164993697,693
"8309",125444,-20.0851364135742,-47.2903442382812,0.0008343825611518,1.81387513293885e-05,1.30078333313577e-05,28869.0488521204,3.55076080195353,731
"8310",125445,-20.0762767791748,-47.2544136047363,7.21900028111122e-05,1.56934788719809e-06,1.28966985357692e-05,30119.8566800793,3.08276964904102,788
"8311",125446,-20.0674591064453,-47.2185745239258,0.0001096600685741,2.38391453422082e-06,1.13446812974871e-05,31788.5689658309,2.53624760355165,449
"8312",125447,-20.0586814880371,-47.1828193664551,4.93550462579151e-05,1.07293578821555e-06,1.06281477201264e-05,33810.2945302304,2.36685895110406,653
"8313",125448,-20.0499439239502,-47.1471519470215,1.11837771754608e-06,2.43125590770887e-08,1.07996011138312e-05,36122.4503966137,1.4161947941298,426
"8314",125449,-20.0412445068359,-47.1115646362305,0.0001771108873072,3.85023668059148e-06,1.15845959953731e-05,32985.7527412727,1.23549324191833,682
"8315",125450,-20.032585144043,-47.0760612487793,0.0004347258181951,9.4505612651119e-06,1.16002784125158e-05,29393.3598143563,1.27624740263863,98
"8316",125451,-20.023962020874,-47.0406341552734,0.0001158957220468,2.51947221840965e-06,1.10035280158627e-05,25871.0746105576,2.20266297237572,491
"8317",125452,-20.0153770446777,-47.0052833557129,0.001422591121809,3.09258939523716e-05,1.41064074341557e-05,22447.6561237146,2.18803795828373,757
"8318",125453,-20.0068302154541,-46.9700088500977,0.0006837230885139,1.4863545402477e-05,1.63310178322718e-05,19170.9539286336,1.45566736197358,764
"8319",125454,-19.9983196258545,-46.9348106384277,0.0008235231616708,1.79026774276281e-05,2.12832983379485e-05,16124.3180818812,1.50991025869553,763
"8320",125456,-19.9814033508301,-46.864616394043,0.0004893767127214,1.06386241895962e-05,1.21238408610225e-05,11429.9653001286,1.67687095487049,618
"8321",125457,-19.9729976654053,-46.8296241760254,0.0008510545922035,1.85011867870344e-05,2.28360422624974e-05,10415.1771699757,2.0762572511505,835
"8322",125458,-19.9646244049072,-46.7946968078613,0.00016605719793,3.60993908543605e-06,1.58837865456007e-05,10696.0606905303,52.8922215524987,748
"8323",125460,-19.9479827880859,-46.7250289916992,0.0002820111358232,6.13067686572322e-06,1.28211540868506e-05,14488.8402523069,1.5792042316898,766
"8324",125462,-19.931468963623,-46.6556015014648,2.88430017292285e-06,6.27021776722358e-08,1.27041630548774e-05,20394.5813270997,1.52107413547102,911
"8325",125463,-19.9232597351074,-46.6209716796875,0.0009297578144469,2.02121264010202e-05,1.93863270396832e-05,23664.8128860698,1.24586634823015,706
"8326",125464,-19.9150829315186,-46.5863990783691,0.0005643606054945,1.22687088150997e-05,1.57414651766885e-05,27042.4491059461,0.996174866416589,760
"8327",125465,-19.9069347381592,-46.5518760681152,0.0011585779284359,2.51864767051302e-05,1.64272132678889e-05,30490.1482827396,1.11392194546698,618
"8328",125466,-19.8988189697266,-46.517406463623,0.0008549066697014,1.85849276022054e-05,1.95619886653731e-05,33984.3450632623,1.06777113342102,850
"8329",125467,-19.8907318115234,-46.4829864501953,9.01260686987371e-05,1.95926236301602e-06,2.13426446862286e-05,37510.5862223026,1.11187212522806,837
"8330",125468,-19.8826732635498,-46.4486122131348,0.000312347741783,6.79016829963075e-06,1.29337940961705e-05,41059.4615626331,1.17757214291663,828
"8331",125469,-19.8746433258057,-46.4142837524414,0.0004025245689263,8.7505341070937e-06,9.78837761067552e-06,44624.2415724246,1.2297142240711,536
"8332",125470,-19.866641998291,-46.3800010681152,0.0003505879385556,7.62147692512372e-06,8.75721889315173e-06,48200.1684885226,1.28587964849812,3
"8333",125471,-19.8586673736572,-46.3457565307617,4.01852555569349e-05,8.7359251210728e-07,1.14050062620663e-05,51784.5914133416,1.34031887302861,732
"8334",125472,-19.8507213592529,-46.3115577697754,0.0010916530081885,2.37315871345345e-05,2.20132751564961e-05,55374.1538010419,1.45623323633507,575
"8335",125476,-19.8191986083984,-46.1751251220703,0.0002148981802747,4.6716995711904e-06,1.13738124127849e-05,69761.1473892589,2.16046736681859,399
"8336",125477,-19.8113822937012,-46.1411018371582,0.0008769272790232,1.90636365005048e-05,1.77483052539174e-05,73360.3295006782,2.63285526841449,11
"8337",125478,-19.8035888671875,-46.1071090698242,0.0006409272664313,1.39332014441607e-05,1.09621214505751e-05,72213.2099272395,2.10140478477113,676
"8338",125479,-19.7958221435547,-46.0731430053711,0.0011106515812571,2.4144599592546e-05,2.46527160925325e-05,70453.234782497,1.91856098987772,518
"8339",125480,-19.7880783081055,-46.0392074584961,0.0011902983060281,2.58760501310462e-05,1.58768634719308e-05,68839.6033474852,1.82835140194221,668
"8340",125481,-19.7803573608398,-46.005298614502,0.0007330671578529,1.59362425620202e-05,1.28340525407111e-05,67382.0034929684,2.0227683883233,443
"8341",125482,-19.7726593017578,-45.9714088439941,0.0006236575973161,1.35577738546999e-05,1.26094209917937e-05,66089.7855165024,2.37705187609405,190
"8342",125483,-19.764986038208,-45.9375457763672,0.0011277150370006,2.45155442826217e-05,1.70988732861588e-05,64972.6101726319,2.43994972589281,629
"8343",125484,-19.7573318481445,-45.9037017822266,0.000594980927417,1.29343679873273e-05,2.22414364543511e-05,64039.279694787,2.08196224232225,735
"8344",125485,-19.7497024536133,-45.8698768615723,0.0010037659485533,2.18209988815943e-05,2.23687457037158e-05,63296.930719217,1.48496901476401,601
"8345",125486,-19.7420921325684,-45.8360710144043,0.0008522783173248,1.85277895070612e-05,2.5349823772558e-05,62752.4930102996,1.42574679395694,757
"8346",125487,-19.734504699707,-45.8022804260254,0.0016578430513618,3.60400663339533e-05,2.42580463236663e-05,62410.2038718722,1.44806149468412,914
"8347",125488,-19.726936340332,-45.7685012817383,9.32871598706697e-05,2.02798173631891e-06,1.83596475835657e-05,62273.3415744933,1.80187508884449,751
"8348",125489,-19.719388961792,-45.7347373962402,0.0002869572863346,6.23820187684032e-06,1.84397140401416e-05,62342.8383025375,2.24497724602619,490
"8349",125490,-19.7118625640869,-45.700984954834,0.0001884603625512,4.09696440328844e-06,8.65930360305356e-06,62617.5965832289,1.59666821267824,699
"8350",125491,-19.7043552398682,-45.6672401428223,0.0009192307661578,1.99832775251707e-05,1.01868945421302e-05,63094.8272358941,1.60907306158343,757
"8351",125492,-19.6968650817871,-45.6335067749023,0.0005014564903831,1.09012280518073e-05,1.16249093480292e-05,63769.9898383979,1.57446838833492,462
"8352",125493,-19.689395904541,-45.5997772216797,0.000243473626142,5.2929049161321e-06,1.45181084008073e-05,64636.2216611248,1.56320286610931,8
"8353",125494,-19.6819458007812,-45.5660514831543,0.0003047161735594,6.62426464259624e-06,2.00326139747631e-05,65686.0234488267,1.4580665153985,724
"8354",125497,-19.6596984863281,-45.4648895263672,0.0002384700965194,5.18413253303152e-06,1.48473782246583e-05,60714.3956431688,1.29761918465386,560
"8355",125498,-19.6523170471191,-45.4311676025391,0.0003853170273941,8.37645711726509e-06,1.16893052108935e-05,57413.8731220304,1.71152241751042,634
"8356",125499,-19.6449546813965,-45.3974418640137,0.0006787666461605,1.47557966556633e-05,1.18556872621411e-05,54149.7799163772,1.6984037765694,386
"8357",125504,-19.6083717346191,-45.2287139892578,0.0001627867454772,3.53884229298274e-06,2.22300677705789e-05,38693.7805289736,2.98176204193482,11
"8358",125505,-19.6011009216309,-45.194938659668,0.0010203508754784,2.21815407712711e-05,1.55628786160378e-05,35879.5780216398,3.146498699847,622
"8359",125509,-19.5721588134766,-45.0596694946289,0.0005437150448415,1.18198922791635e-05,1.0746531188488e-05,26556.3518233508,2.44367868230641,503
"8360",125512,-19.5505924224854,-44.9580039978027,0.0006484067580458,1.40957990879542e-05,2.15917571040336e-05,23231.0230586564,4.72297919121122,748
"8361",125513,-19.5434284210205,-44.9240684509277,0.0011525054906087,2.50544671871467e-05,2.0442063032533e-05,23158.5972502804,5.4387982657474,456
"8362",125515,-19.5291347503662,-44.8561096191406,0.0002684059900275,5.83491282668547e-06,1.39873427542625e-05,24650.3114232023,5.30842368165217,680
"8363",125516,-19.5220050811768,-44.8220863342285,0.0010546956727921,2.29281667998293e-05,2.17332599277142e-05,26123.3822418572,21.6810152456083,686
"8364",125517,-19.5148868560791,-44.788028717041,0.001155001722509,2.51087330980226e-05,1.26548793559778e-05,27989.3296677589,13.9016072410826,702
"8365",125518,-19.5077781677246,-44.7539367675781,0.0006744714337401,1.46624224726111e-05,1.16190904009272e-05,30176.6981098412,20.1141734423059,1120
"8366",125519,-19.5006809234619,-44.7198143005371,0.0006728113512508,1.46263337228447e-05,1.36776016006479e-05,32621.584668999,19.4369140244274,770
"8367",125520,-19.4935932159424,-44.6856498718262,0.000937024859013,2.03701056307182e-05,1.23997951959609e-05,35272.2210743905,92.7644101810614,708
"8368",125521,-19.4865169525146,-44.6514472961426,0.0007221072664833,1.56979840539861e-05,1.31261995193199e-05,38086.4057079501,4.68021207870791,756
"8369",125522,-19.4794483184814,-44.6172065734863,0.0007443186514137,1.61808402481256e-05,1.75158220372396e-05,41031.763206261,3.61837260899131,738
"8370",125525,-19.4582977294922,-44.514217376709,0.0001479197194385,3.21564607475011e-06,1.55535144585883e-05,30938.5262699624,5.02544978853196,791
"8371",125526,-19.451265335083,-44.4797973632812,0.0013232712481112,2.87667662632884e-05,1.30737671497627e-05,27355.8231547079,5.42098360770649,70
"8372",125527,-19.4442405700684,-44.4453239440918,0.0010972880008921,2.38540869759163e-05,1.87563800864154e-05,23789.6267480358,7.10090312054592,754
"8373",125528,-19.4372234344482,-44.4108047485352,0.0019697022653417,4.28196144639514e-05,3.89680099033285e-05,20252.2870077126,11.1709321692192,814
"8374",125529,-19.4302139282227,-44.3762283325195,0.0005438240714283,1.18222624223563e-05,1.50838004628895e-05,16763.8314918015,31.5216315221364,699
"8375",125530,-19.423210144043,-44.3416023254395,0.0006274861207202,1.36410026243539e-05,1.31150482047815e-05,13368.0505393706,72.9829043689782,754
"8376",125531,-19.4162158966064,-44.3069152832031,0.0001313476468567,2.85538362732041e-06,1.7773469153326e-05,10162.3629872825,93.5864459942263,524
"8377",125532,-19.4092254638672,-44.2721748352051,0.0005492147374752,1.19394508146797e-05,1.39867333928123e-05,7408.06232817528,352.550714557288,606
"8378",125533,-19.4022445678711,-44.2373695373535,0.0011077758899773,2.40820845647249e-05,1.93607011169661e-05,5798.95130517397,1165.53292426871,67
"8379",125534,-19.3952674865723,-44.202507019043,0.0007318435164052,1.59096416609827e-05,1.05598946902319e-05,6298.04345983243,260.63529276555,649
"8380",125535,-19.3882961273193,-44.1675796508789,0.0005174972466193,1.12499401438981e-05,1.01971691037761e-05,8551.24585592062,57.8494952476976,453
"8381",125536,-19.3813304901123,-44.1325874328613,0.0006152984879008,1.33760540848016e-05,1.42812205012888e-05,11582.1629136406,8.47123429276651,711
"8382",125537,-19.3743705749512,-44.097526550293,0.0006683968622382,1.45303665703977e-05,1.85823064384749e-05,14929.3916734999,16.3816758998397,808
"8383",125538,-19.3674163818359,-44.0623970031738,0.0001783188190529,3.87649606636842e-06,1.74988363141892e-05,18425.4448628173,60.323245003704,741
"8384",125539,-19.360466003418,-44.0271987915039,0.0001299785390074,2.82562041320489e-06,1.21086695799022e-05,21321.5280943235,16.5345080589459,570
"8385",125540,-19.3535194396973,-43.9919242858887,0.0018421456770738,4.00466451537795e-05,2.21389145735884e-05,23036.33855915,4.13288943463038,952
"8386",125541,-19.3465785980225,-43.9565773010254,0.000551572531549,1.19907072075875e-05,2.32943311857525e-05,25196.3172859527,28.3098520173303,703
"8387",125542,-19.3396396636963,-43.9211540222168,0.0004625557121471,1.00555589597207e-05,1.30345124489395e-05,27701.014559957,47.6763914435576,733
"8388",125544,-19.3257751464844,-43.8500671386719,0.0008194141228159,1.78133504959987e-05,1.94880230992567e-05,33436.0049583366,12.1969488493691,854
"8389",125546,-19.3119201660156,-43.7786521911621,0.0003837797776213,8.34303864394315e-06,1.08166204881854e-05,39800.4467072648,4.11690456701842,822
"8390",125549,-19.2911586761475,-43.6708755493164,0.000163552075719,3.55547990693594e-06,1.01884288596921e-05,48921.2404823906,5.4348266584472,941
"8391",125550,-19.2842407226562,-43.634765625,0.0004332429562055,9.41832513490226e-06,1.01816958704148e-05,51900.6803127719,2.25017199962057,6
"8392",125551,-19.2773246765137,-43.598560333252,0.0003960982339776,8.61083117342787e-06,9.5589020929765e-06,54991.3695322466,5.38192816292404,738
"8393",125552,-19.2704086303711,-43.5622596740723,0.000482856956296,1.04968903542613e-05,9.03833370102802e-06,58177.6360560271,2.47601426160714,360
"8394",125553,-19.2634944915771,-43.5258636474609,0.0007403132003673,1.60937652253779e-05,7.72485327615868e-06,61446.2886937186,0.810271711979904,806
"8395",125554,-19.2565803527832,-43.4893608093262,0.0001940100710271,4.21761023972067e-06,6.9342145252449e-06,64787.6184950302,0.783994368786726,12
"8396",125555,-19.2496662139893,-43.4527549743652,0.0001699495642242,3.6945557440049e-06,6.49845196676324e-06,68192.4819019259,1.02883582924239,535
"8397",125556,-19.2427520751953,-43.4160461425781,0.0006521113609778,1.41763339343015e-05,8.0338850239059e-06,71653.5210368183,55.6829003150212,668
"8398",125557,-19.2358379364014,-43.3792266845703,0.0002036998612311,4.42825785285095e-06,7.99986264610197e-06,75165.2372552663,67.5272339926499,646
"8399",125558,-19.2289218902588,-43.3423004150391,0.0003825043841061,8.3153126979596e-06,7.72619205235969e-06,78722.3179880838,9.89680341225642,202
"8400",125559,-19.2220058441162,-43.3052597045898,0.0002151597855117,4.67738664156059e-06,7.10592757968698e-06,82320.9722575357,10.4918503955257,439
"8401",125560,-19.215087890625,-43.2681007385254,0.0003197685782652,6.95149083185242e-06,8.06978641776368e-06,81657.3540337654,29.7650614760156,761
"8402",125561,-19.2081699371338,-43.230827331543,0.0001162613230007,2.52742006523476e-06,7.94306652096566e-06,78306.1234876991,11.9788610113365,714
"8403",125562,-19.2012481689453,-43.1934356689453,0.0002973276141347,6.46364378553699e-06,7.84977055445779e-06,75001.2603391047,7.07116885820368,802
"8404",125565,-19.1804695129395,-43.0805168151855,2.18722901763613e-05,4.75484569051332e-07,9.59390763455303e-06,65453.0403663273,8.57461372042838,718
"8405",125566,-19.1735363006592,-43.0426177978516,0.0004304404374124,9.3574008133146e-06,8.03084276412847e-06,62430.7691486449,7.63952278617582,566
"8406",125567,-19.1666011810303,-43.0045928955078,0.0001593213651176,3.46350793734018e-06,7.64367541705724e-06,59514.0734558303,8.88671758739663,723
"8407",125568,-19.1596622467041,-42.9664306640625,0.000320658487908,6.97083669365384e-06,7.63792286306852e-06,56721.1493803338,7.50169843780146,633
"8408",125569,-19.152717590332,-42.9281272888184,0.0002851309445759,6.19849879512913e-06,7.33712568035116e-06,54074.1584636671,5.9484086289407,752
"8409",125570,-19.1457710266113,-42.8896903991699,0.0002621531939439,5.69898247704259e-06,7.95029791333945e-06,51599.2629795397,13.5710354733163,740
"8410",125571,-19.1388168334961,-42.8511085510254,0.0001554618720547,3.37960591423325e-06,1.00585521067842e-05,49325.4028497358,14.1778102372841,761
"8411",125572,-19.1318588256836,-42.8123817443848,0.0005687626271537,1.23644049381255e-05,9.25368476600852e-06,47285.1208688839,20.2251914522469,708
"8412",125573,-19.1248970031738,-42.7735061645508,0.0003233965153413,7.03035902915872e-06,8.99853057489963e-06,45513.6250087784,10.932870463491,490
"8413",125574,-19.1179275512695,-42.7344779968262,0.0004339269453339,9.43319446378155e-06,9.00414033822017e-06,44047.7992681138,8.71508108093643,19
"8414",125575,-19.1109523773193,-42.6952972412109,0.0005140514876984,1.11750323412707e-05,8.9917448349297e-06,42923.3056970589,8.2643974237726,752
"8415",125576,-19.1039695739746,-42.6559638977051,0.0004038951828988,8.78033006301848e-06,1.34953679662431e-05,42172.273738021,4.81378297559053,507
"8416",125577,-19.096981048584,-42.6164665222168,0.0003930498405679,8.54456175147789e-06,9.2165882961126e-06,41819.0435266449,9.60059195984144,371
"8417",125578,-19.0899868011475,-42.5768089294434,0.0007733039929007,1.68109563674079e-05,1.02996727946447e-05,41878.7620845427,45.3005732247289,690
"8418",125579,-19.0829830169678,-42.5369834899902,8.30741853405925e-05,1.80596055088245e-06,9.43369104788871e-06,42354.9665288854,50.5815446290107,524
"8419",125864,-20.07177734375,-47.4463539123535,0.0014121175408945,3.06982074107509e-05,1.68643782672007e-05,23540.3398338666,122.306013211049,576
"8420",125865,-20.0627479553223,-47.4100608825684,0.0011216843522561,2.43844424403505e-05,2.36575924645877e-05,22572.341615657,55.8661700982231,615
"8421",125866,-20.0537624359131,-47.3738632202148,0.0002357577150178,5.12516771777882e-06,1.09228467408684e-05,22256.0513387287,3.21978837759386,504
"8422",125869,-20.0270595550537,-47.2658309936523,0.0001280527303606,2.78375500784023e-06,1.08700178316212e-05,25160.0568113365,2.89084881764925,744
"8423",125870,-20.0182418823242,-47.2300033569336,0.0004693848095485,1.02040175988805e-05,1.09169222923811e-05,27169.8202026989,2.86477113369668,697
"8424",125871,-20.009464263916,-47.1942596435547,8.79087938301382e-05,1.91106073543779e-06,1.09490492832265e-05,29540.4750669828,2.46212571380622,711
"8425",125873,-19.9920291900635,-47.1230316162109,0.0004345114884927,9.44590192375472e-06,1.14675440272549e-05,31459.0715734427,0.819147538872136,849
"8426",125877,-19.9576148986816,-46.9815216064453,0.0002476045456205,5.38270751349046e-06,1.30367297970224e-05,16618.4507572154,1.53046513277514,97
"8427",125879,-19.9406280517578,-46.9112129211426,0.0002563405205364,5.57262001166237e-06,1.63165532285348e-05,9643.11289141285,1.88880446730705,800
"8428",125880,-19.9321880340576,-46.876163482666,0.0004103216851945,8.92003663466312e-06,1.12112247734331e-05,6641.53078309795,3.19402916157275,712
"8429",125884,-19.8987693786621,-46.7366218566895,0.0002942426972367,6.39658037471236e-06,1.27043804241112e-05,11367.6345503234,1.61147436744441,745
"8430",125885,-19.8904972076416,-46.7018890380859,0.0001036379499055,2.25299891098985e-06,1.03751499409555e-05,14827.3095626053,1.39127667801929,502
"8431",125888,-19.865873336792,-46.5980339050293,0.0005845334108016,1.27072480609058e-05,1.07668838609243e-05,25608.0017837602,1.13686507744121,613
"8432",125889,-19.8577251434326,-46.5635261535645,0.0005136975487403,1.11673380160937e-05,1.14388358269935e-05,29245.3691681705,1.23077888771858,413
"8433",125890,-19.849609375,-46.5290641784668,0.0004396300482767,9.55717496253783e-06,1.01416717370739e-05,32889.9386461509,1.223635068629,29
"8434",125891,-19.8415222167969,-46.4946556091309,0.0009654769492044,2.09886293305317e-05,1.23735935630975e-05,36537.1585096798,1.3161973672503,437
"8435",125892,-19.8334636688232,-46.4602928161621,0.0011273093878116,2.45067258219933e-05,1.12837606138783e-05,40185.4022473359,1.3792247767997,679
"8436",125893,-19.8254356384277,-46.4259757995605,0.0011383751261746,2.47472853516228e-05,1.06599527498474e-05,43833.0312646409,1.38556859308303,704
"8437",125894,-19.8174343109131,-46.3917045593262,0.0006711751993861,1.45907652040478e-05,9.16379121917998e-06,47478.9902387825,1.38973130309753,701
"8438",125895,-19.8094615936279,-46.3574714660645,0.0005402905389928,1.17454464998445e-05,9.39311485126382e-06,51123.2402700332,2.49868449509023,816
"8439",125897,-19.7935962677002,-46.2891311645508,0.0007021659439487,1.52644770423649e-05,1.13685064206948e-05,58403.3619390974,1.66481473550804,715
"8440",125898,-19.7857036590576,-46.2550163269043,0.0008497912895109,1.84737236850196e-05,1.89434285857715e-05,62039.2514138533,1.68959108957457,597
"8441",125899,-19.7778377532959,-46.2209396362305,0.000782093811722,1.7002039385261e-05,1.42193821375258e-05,65671.8625411108,1.82228650692191,959
"8442",125900,-19.7699966430664,-46.1868934631348,0.0004856569230469,1.05577591966721e-05,8.02346676209709e-06,69301.8094378412,2.03120742439494,564
"8443",125901,-19.7621803283691,-46.1528816223145,0.0010576062559266,2.29914403462317e-05,2.06692584470147e-05,72928.5419200225,1.86343670958737,663
"8444",125902,-19.7543888092041,-46.1189002990723,0.0007583595688629,1.6486077583977e-05,2.75614820566261e-05,76552.319635461,1.8400281552495,695
"8445",125903,-19.7466220855713,-46.0849456787109,0.0013936466966697,3.02966673189076e-05,1.39748490255442e-05,75408.0571701397,1.83959875816443,752
"8446",125904,-19.7388782501221,-46.0510215759277,0.0007215546866063,1.56859714479651e-05,1.36789503812906e-05,73908.7504457448,6.7010667563606,746
"8447",125905,-19.7311592102051,-46.0171203613281,0.0003844218881567,8.35699756862596e-06,1.24421403597808e-05,72558.5756883232,17.9262183328167,25
"8448",125906,-19.7234630584717,-45.9832458496094,0.0001156885359705,2.51496817327279e-06,1.59229257405968e-05,71365.9350674948,3.91044226468974,486
"8449",125910,-19.6928977966309,-45.8479499816895,4.51036526101234e-05,9.80514187176595e-07,2.11626047530444e-05,68307.7796601227,1.23393832150563,813
"8450",125919,-19.6253261566162,-45.544303894043,0.0002999980542881,6.52169683235115e-06,1.77934743987862e-05,69508.5581774045,0.854914298927296,992
"8451",125922,-19.6031360626221,-45.4431762695312,0.0003701673940668,8.04711726232199e-06,1.79915514308959e-05,59881.1468402827,1.04702331075505,754
"8452",125923,-19.5957717895508,-45.4094619750977,0.000165908112649,3.60669810106629e-06,1.36892240334419e-05,56762.3138930516,1.5056820183008,511
"8453",125924,-19.5884265899658,-45.3757438659668,0.0008937935999711,1.94302956515457e-05,1.1997680303466e-05,53701.5594044871,1.7106692666548,334
"8454",125925,-19.5810947418213,-45.3420181274414,0.0018768368827295,4.08008017984685e-05,3.41357081197202e-05,50709.2466434984,17.9266593334024,727
"8455",125926,-19.5737800598145,-45.3082847595215,0.000219604459744,4.77400999443489e-06,1.09307857201202e-05,47798.1565161462,42.4142770811739,488
"8456",125927,-19.5664806365967,-45.2745399475098,0.0001214262274515,2.63970059677376e-06,1.30543685372686e-05,44983.8841167356,7.38177646941726,585
"8457",125928,-19.559196472168,-45.2407875061035,0.0001627838692002,3.53877976522199e-06,1.20339973364025e-05,42286.304825236,12.2701139616274,25
"8458",125929,-19.5519275665283,-45.2070198059082,0.0003553026690497,7.72397106629796e-06,1.29307400129619e-05,39728.6411135724,6.23567764765992,707
"8459",125930,-19.5446720123291,-45.1732406616211,0.0007536252378486,1.6383157344535e-05,1.91912422451423e-05,37340.4340580123,2.98815999405497,432
"8460",125931,-19.5374317169189,-45.1394424438477,0.0012056618506903,2.62100402323995e-05,2.15826421481324e-05,35155.7575778058,4.278287839063,755
"8461",125932,-19.5302047729492,-45.1056289672852,0.0011643847028608,2.53127109317575e-05,1.63769473147113e-05,33215.7252932046,9.87450923125873,768
"8462",125933,-19.5229911804199,-45.0717926025391,0.0010137118842976,2.20372148760362e-05,1.52780557982624e-05,31565.4124771149,25.279718374508,693
"8463",125934,-19.5157909393311,-45.0379409790039,0.0001972849477169,4.2888032112387e-06,9.94759375316789e-06,30253.3872250758,12.2386586013061,655
"8464",125936,-19.5014266967773,-44.9701614379883,0.001151721637143,2.50374268944142e-05,1.435151170881e-05,28818.9121927334,1.7958056987627,624
"8465",125937,-19.4942646026611,-44.9362335205078,0.0008701160877535,1.89155671250774e-05,1.59030296345009e-05,28757.3682680767,1.89860249905649,587
"8466",125938,-19.4871139526367,-44.9022789001465,0.0010733285926107,2.33332302741474e-05,2.2520987840835e-05,29144.5211147067,11.5658916285017,673
"8467",125939,-19.4799728393555,-44.8682975769043,0.0001606009946044,3.49132596966228e-06,1.5280042134691e-05,29964.0701488683,7.74302569179123,744
"8468",125940,-19.4728450775146,-44.834285736084,0.0006641392610617,1.44378100230824e-05,1.20941076602321e-05,31182.4516136682,8.09006272164662,771
"8469",125941,-19.4657287597656,-44.8002395629883,0.0001408680295753,3.06234846902953e-06,1.42949056680663e-05,32756.4185639207,16.8398911501035,27
"8470",125944,-19.4444408416748,-44.6978912353516,0.0009261910636269,2.01345883397153e-05,1.31586339193746e-05,39147.0437980398,119.126827990408,450
"8471",125945,-19.4373645782471,-44.6637001037598,0.0009812766838877,2.13321018236456e-05,1.83048050530488e-05,41694.8488971581,6.14496920125545,777
"8472",125947,-19.4232406616211,-44.5951957702637,0.0013420003924693,2.91739215754205e-05,1.32851446323912e-05,39443.5091229064,2.41605952417432,695
"8473",125950,-19.40212059021,-44.4921035766602,0.0003468294498816,7.53977064960054e-06,1.61832867888734e-05,29132.7525267236,10.0838218086069,783
"8474",125951,-19.3950977325439,-44.4576416015625,0.0006244048854568,1.3574019249063e-05,1.03719303297112e-05,25802.6335822387,19.7203527312092,491
"8475",125952,-19.3880825042725,-44.4231300354004,0.000688955611622,1.49772959048278e-05,1.21998091344722e-05,22569.4924404388,17.8581845731803,327
"8476",125953,-19.3810729980469,-44.3885688781738,0.0004939896753057,1.07389059849083e-05,1.15935217763763e-05,19484.4900539551,14.5097559410429,601
"8477",125954,-19.3740730285645,-44.3539505004883,0.0007174246456997,1.55961879499955e-05,1.76492394530214e-05,16632.6140090552,19.6070589315538,498
"8478",125955,-19.3670787811279,-44.3192749023438,0.0012295133201405,2.67285504378378e-05,2.59074604400666e-05,14160.0952487815,17.0216018886797,535
"8479",125956,-19.3600921630859,-44.2845420837402,0.0014359427368617,3.12161464535166e-05,1.83496595127508e-05,12302.8286003974,21.6886427632031,479
"8480",125957,-19.3531112670898,-44.2497520446777,0.0003156270113322,6.86145676809247e-06,1.12471152533544e-05,11372.1897148118,22.4303052039942,822
"8481",125958,-19.3461360931396,-44.2148971557617,0.0004027475170005,8.75538080435945e-06,1.08575641206698e-05,11598.9394861921,21.3605312988169,730
"8482",125959,-19.339168548584,-44.1799812316895,0.0003040360961676,6.60948035147157e-06,1.21822358778445e-05,12927.5082315252,8.54669130187529,756
"8483",125960,-19.3322048187256,-44.1450004577637,0.0004692295533459,1.02006424640422e-05,1.27077346405713e-05,15074.235161426,6.31206627549075,877
"8484",125961,-19.3252468109131,-44.1099510192871,0.0010711416180129,2.32856873481069e-05,1.2295633496251e-05,17748.7749168836,23.7323688832251,696
"8485",125962,-19.3182926177979,-44.0748329162598,0.0010448251268826,2.27135897148401e-05,2.26497322728392e-05,20751.8308266452,10.7472573255284,685
"8486",125963,-19.3113441467285,-44.0396423339844,0.0006749106360075,1.46719703479903e-05,1.39021285576746e-05,23963.5692289202,9.83174554459982,94
"8487",125964,-19.3044013977051,-44.0043830871582,0.000581647218496,1.26445047499146e-05,1.22407263916102e-05,27313.1081536429,17.3172127377369,563
"8488",125965,-19.2974605560303,-43.9690437316895,0.0008642012071504,1.87869827641407e-05,1.21697912618401e-05,29701.9272588161,46.3203404595509,705
"8489",125966,-19.2905254364014,-43.9336318969727,0.0008804258359305,1.91396920854459e-05,1.50620562635595e-05,31836.3501877247,81.2714062883125,790
"8490",125967,-19.2835922241211,-43.8981399536133,0.0008369064889848,1.8193619325757e-05,1.26460354294977e-05,34254.3130086828,14.4607162743019,753
"8491",125968,-19.2766628265381,-43.8625679016113,0.0003923396616301,8.52912307891529e-06,1.16939881991129e-05,36902.4195518547,5.98196838058401,819
"8492",125969,-19.2697372436523,-43.8269157409668,0.0002420681203147,5.26235044162604e-06,9.8996324595646e-06,39736.9735140575,3.74662874092489,342
"8493",125971,-19.2558917999268,-43.7553482055664,2.94509009108879e-05,6.40236976323649e-07,9.57624706643401e-06,45835.0585610872,3.8948851994129,708
"8494",125972,-19.2489738464355,-43.7194366455078,0.0003704324717546,8.05287982075242e-06,1.31261031128815e-05,49048.9603169319,4.93582284364815,792
"8495",125974,-19.2351417541504,-43.647331237793,0.0002270834702358,4.93659717903938e-06,9.50659887166694e-06,55357.58341396,1.66906507447628,472
"8496",125975,-19.2282276153564,-43.611141204834,0.0005192613352846,1.12882898974931e-05,9.59694352786755e-06,58251.9809753407,1.63603331175903,407
"8497",125976,-19.2213134765625,-43.5748519897461,0.0005980375208309,1.30008156702388e-05,8.86785073817009e-06,61256.2044719837,1.92403491865117,544
"8498",125977,-19.2144012451172,-43.5384635925293,0.000818389122287,1.77910678758053e-05,8.71754218678689e-06,64356.5259173906,1.8949965224748,707
"8499",125979,-19.2005786895752,-43.4653778076172,5.15548385919828e-05,1.12075736069528e-06,6.01320607529487e-06,70802.3037126609,1.2489640742569,706
"8500",125980,-19.1936664581299,-43.4286804199219,0.0002429763126201,5.28209375261213e-06,7.24679284758167e-06,74129.8620978576,16.8039772722765,733
"8501",125981,-19.1867542266846,-43.3918724060059,0.000510695259436,1.11020708573051e-05,7.68030804465525e-06,77517.9410262269,1.29214139133435,718
"8502",125982,-19.1798419952393,-43.3549575805664,0.0005150905035407,1.11976196421892e-05,8.34897491586162e-06,80960.2583629503,2.65699689628085,921
"8503",125983,-19.1729278564453,-43.3179244995117,0.0004217563819111,9.16861699806759e-06,8.08802815299714e-06,84452.7586838952,3.76967653271362,673
"8504",125984,-19.1660118103027,-43.2807807922363,0.0002744219900705,5.96569543631631e-06,7.25172913007555e-06,84872.0399204214,4.85657270001651,672
"8505",125986,-19.1521759033203,-43.2061386108398,4.18624492795061e-05,9.10053245206655e-07,7.28408667782787e-06,78468.0384200665,5.84637983966902,579
"8506",125987,-19.1452560424805,-43.1686363220215,0.0003061746028834,6.65596962790005e-06,7.66767698223703e-06,75355.6532961798,8.51293969205727,747
"8507",125988,-19.1383323669434,-43.1310081481934,0.000261646864601,5.68797531741438e-06,7.06194487065659e-06,72315.7327743118,16.7558549918926,56
"8508",125989,-19.131404876709,-43.0932502746582,0.0002488561340214,5.4099159569887e-06,8.3148506746511e-06,69359.6899343441,6.75194779838674,799
"8509",125990,-19.124475479126,-43.0553665161133,0.0004167641272943,9.06008972378913e-06,9.32449620449916e-06,66501.3093414602,5.85965778512002,808
"8510",125991,-19.1175422668457,-43.0173492431641,0.0002992390100189,6.50519586997689e-06,8.60936597746331e-06,63755.6481853643,8.42422710256074,850
"8511",125992,-19.1106071472168,-42.9791984558105,0.0003085303469561,6.70718145556748e-06,7.38873404770857e-06,61140.4550469542,7.00384886945394,774
"8512",125993,-19.103666305542,-42.9409103393555,9.28093841139344e-05,2.01759530682466e-06,6.90167871653102e-06,58675.9894622469,8.98690014716628,520
"8513",125994,-19.0967197418213,-42.9024848937988,0.0001448878306291,3.14973544845998e-06,7.22660615792847e-06,56385.0567416746,4.29636486934742,313
"8514",125995,-19.0897693634033,-42.8639144897461,0.0002926536953964,6.36203685644432e-06,9.3591488621314e-06,54292.1237536689,8.54346922129533,735
"8515",125996,-19.0828151702881,-42.8251991271973,0.0005387250075727,1.17114132081042e-05,9.65835715760477e-06,52424.3737135087,16.6999579173117,721
"8516",125998,-19.0688877105713,-42.7473182678223,0.0005602197288681,1.21786897580023e-05,9.1364545369288e-06,49478.2478590459,35.9626486532768,473
"8517",125999,-19.0619163513184,-42.7081527709961,0.0008537631038052,1.85600674740272e-05,1.10856835817685e-05,48455.5566599708,41.6444790075405,533
"8518",126000,-19.0549373626709,-42.6688270568848,0.0005227467136137,1.13640589916031e-05,9.70974360825494e-06,47765.9983309312,7.83114370791758,611
"8519",126002,-19.040958404541,-42.5896987915039,0.0001339662198915,2.91230912807805e-06,1.13607857201714e-05,47454.5763172987,45.8739439048363,445
"8520",126003,-19.0339584350586,-42.5498847961426,0.0004361411138233,9.48132856137818e-06,8.47583396534901e-06,47848.1686766044,43.7000876700781,727
"8521",126004,-19.0269508361816,-42.5099067687988,0.000586315698456,1.27459934446961e-05,1.10069468064466e-05,48604.8386958418,10.7632120143973,840
"8522",126287,-20.0316181182861,-47.4940719604492,0.0009938173352566,2.16047246794915e-05,1.71544215845643e-05,20141.5635037968,7.51259589475015,580
"8523",126288,-20.0225429534912,-47.457691192627,0.0009541401923343,2.07421780942241e-05,1.88764643098693e-05,18234.3605683302,8.72641864610424,670
"8524",126290,-20.0045280456543,-47.3852233886719,2.55387144534325e-05,5.55189444639836e-07,1.6393953046645e-05,16669.5419348199,1.5149717741189,1224
"8525",126291,-19.9955863952637,-47.3491325378418,0.0008881294052116,1.93071609828621e-05,1.44692448884598e-05,17202.5549424495,1.37259852096396,615
"8526",126292,-19.9866847991943,-47.3131332397461,0.0007526627414335,1.6362233509426e-05,1.21813427540474e-05,18544.1856654677,1.53836881918911,717
"8527",126293,-19.9778270721436,-47.277229309082,0.0002431569428154,5.28602049598703e-06,1.11940780698205e-05,20530.7007366376,1.67316731985388,683
"8528",126294,-19.9690074920654,-47.2414093017578,7.41514354558603e-05,1.61198772730131e-06,1.10059218059178e-05,22990.8177139783,1.77852354788281,744
"8529",126295,-19.9602317810059,-47.205680847168,0.0001663210518927,3.61567504114646e-06,1.05843628261937e-05,25784.6680185504,1.15240064779058,595
"8530",126296,-19.9514942169189,-47.170036315918,5.943618270976e-05,1.29209092847304e-06,1.05719136627158e-05,28811.6988678669,0.983849601291004,389
"8531",126298,-19.9341354370117,-47.098991394043,4.00996680127719e-05,8.71731913321128e-07,2.32750207942445e-05,27080.221392719,1.007507613533,499
"8532",126299,-19.9255142211914,-47.0635871887207,0.0009260344268113,2.01311831915518e-05,2.9070521122776e-05,23286.8330893687,1.61138879200367,320
"8533",126300,-19.9169292449951,-47.028263092041,0.0012618935470527,2.74324684141902e-05,2.87208385998383e-05,19503.314947227,1.7709685118043,630
"8534",126301,-19.9083824157715,-46.9930114746094,0.0020441219894564,4.44374345534015e-05,2.93873581540538e-05,15729.5146357306,1.86757457171513,489
"8535",126302,-19.8998718261719,-46.9578323364258,0.0016425384965259,3.57073586201295e-05,2.67850700765848e-05,11966.6847739323,1.96039017556844,559
"8536",126303,-19.8913974761963,-46.9227256774902,0.0005903940709686,1.2834653716709e-05,1.37340639412287e-05,8218.48775229681,2.15500641142735,488
"8537",126305,-19.8745517730713,-46.8527183532715,1.77021343574779e-05,3.84829007771259e-07,1.16640940177604e-05,1073.66126045264,1.9241270856474,727
"8538",126306,-19.8661804199219,-46.817813873291,0.0001662935128479,3.61507636625902e-06,1.39900421345374e-05,3173.15178183906,1.61217251885703,659
"8539",126307,-19.8578433990479,-46.7829704284668,0.0002988398246088,6.49651792627992e-06,1.56764799612574e-05,6843.89513639329,1.63151432036489,679
"8540",126308,-19.8495407104492,-46.7481918334961,0.0012649944037548,2.74998783424962e-05,1.82754247362027e-05,10549.7081990338,1.47528429739715,152
"8541",126309,-19.8412685394287,-46.7134704589844,0.0014833998429821,3.22478226735257e-05,3.01430518447887e-05,14258.3183388862,0.950303808081846,842
"8542",126310,-19.833028793335,-46.6788063049316,0.000981105989922,2.13283910852624e-05,2.84254128928296e-05,17963.8407778708,0.541678201639309,586
"8543",126311,-19.824821472168,-46.6442031860352,0.0010379341947555,2.2563786842511e-05,1.65974870469654e-05,21664.0677705335,0.502941333360699,681
"8544",126312,-19.8166446685791,-46.6096496582031,0.0003935346867365,8.55510188557673e-06,9.99403346213512e-06,25359.4388553443,0.821357296668845,763
"8545",126313,-19.8084983825684,-46.5751495361328,0.000788771209045,1.71472001966322e-05,1.0594456398394e-05,29049.2039854013,1.13649320866004,645
"8546",126314,-19.8003826141357,-46.5407028198242,0.0014600668146158,3.17405829264317e-05,1.30704902403522e-05,32733.1602140203,1.3249003489711,787
"8547",126315,-19.7922954559326,-46.5063056945801,0.0002543045557104,5.52835990674794e-06,1.14111790026072e-05,36411.6256136485,1.35273092729956,460
"8548",126316,-19.7842388153076,-46.4719543457031,0.000141758870086,3.08171456708806e-06,1.1167855518579e-05,40084.849048549,1.41191035473457,559
"8549",126317,-19.7762088775635,-46.4376487731934,0.0003203036076229,6.96312190484605e-06,1.12250090751331e-05,43752.8943059739,1.39295087706344,706
"8550",126318,-19.7682094573975,-46.4033851623535,0.0002386138057772,5.18725664733211e-06,9.81707216851646e-06,47415.9967522886,40.9735424403977,755
"8551",126319,-19.7602367401123,-46.3691673278809,0.0003297448665762,7.16836666470044e-06,8.3372160588624e-06,51073.8627194935,21.5330787394583,457
"8552",126320,-19.752290725708,-46.3349876403809,0.0002660041000126,5.78269782636198e-06,9.38138782657916e-06,54727.2382697381,9.09117803089479,550
"8553",126325,-19.7129592895508,-46.1646423339844,0.0006582237529073,1.43092120197252e-05,1.14956301331404e-05,72928.3774465694,48.13407162668,29
"8554",126326,-19.7051677703857,-46.130672454834,0.0003821615737251,8.30786029837327e-06,1.35707250592532e-05,76556.7051408272,55.2079130125753,691
"8555",126328,-19.6896591186523,-46.0628128051758,0.0001074601768777,2.33609080169117e-06,1.47040809679311e-05,79050.4238109078,1.86149106336958,541
"8556",126329,-19.6819400787354,-46.028923034668,0.0005159783213457,1.12169200292556e-05,1.07209480120218e-05,77795.2039548639,1.86164241695042,445
"8557",126330,-19.674243927002,-45.995059967041,0.000125557199226,2.7295043310005e-06,1.29987147374777e-05,76689.5465239627,1.90128489995588,867
"8558",126331,-19.6665706634521,-45.9612159729004,7.10228775915311e-05,1.54397559981589e-06,1.66822501341812e-05,75739.1636058577,1.80130187235202,657
"8559",126333,-19.6512908935547,-45.8935928344727,0.0004522806466411,9.83218797045993e-06,1.48704057210125e-05,74326.1004031995,0.843172274107895,472
"8560",126334,-19.643684387207,-45.859806060791,0.000550625138203,1.19701117000659e-05,1.32615414258908e-05,73871.6771582654,0.891253326954121,683
"8561",126335,-19.6360969543457,-45.8260345458984,0.0004395447431306,9.55532050284091e-06,1.24325151773519e-05,73589.7219122407,1.15891017298284,662
"8562",126338,-19.6134605407715,-45.7248077392578,0.0003153008310619,6.85436589265009e-06,1.76200974237872e-05,73788.093484867,1.65116811577536,630
"8563",126339,-19.6059551239014,-45.6910858154297,0.0002664969370016,5.79341167394887e-06,1.52717966557248e-05,74199.8896109947,1.53409535094038,707
"8564",126341,-19.5909996032715,-45.6236610412598,0.0010161344835069,2.2089880076237e-05,2.08845813176595e-05,75526.0155597972,1.04190819362342,70
"8565",126342,-19.5835514068604,-45.589958190918,0.0005128594330017,1.11491181087331e-05,2.02904575417051e-05,75156.1295240597,1.03404921659239,791
"8566",126344,-19.5687065124512,-45.5225601196289,0.0006382029405358,1.38739769681706e-05,1.35464861159562e-05,68860.0070425196,0.640287791235353,541
"8567",126345,-19.5613098144531,-45.4888610839844,0.0003365703450981,7.31674663256854e-06,1.40370120789157e-05,65779.2889411495,0.572870891439442,467
"8568",126346,-19.5539321899414,-45.4551620483398,0.0005855011368112,1.27282855828525e-05,1.56184687511995e-05,62752.142022318,0.605471926726822,760
"8569",126347,-19.5465698242188,-45.421459197998,0.0011852313728013,2.57658994087251e-05,1.3807621144224e-05,59786.4098235745,1.00794801187571,927
"8570",126348,-19.5392246246338,-45.3877487182617,0.0008315546474477,1.80772749445168e-05,1.26378445202135e-05,56891.2496541908,1.61516260659483,805
"8571",126349,-19.5318946838379,-45.3540344238281,0.000236271365793,5.13633403897984e-06,1.36376011141692e-05,54078.5131842784,1.70798647896927,511
"8572",126350,-19.5245819091797,-45.3203125,0.0008173916503437,1.77693837031256e-05,1.42169210448628e-05,51361.2948545237,6.4495320431031,757
"8573",126351,-19.5172824859619,-45.2865791320801,0.0008391601513721,1.82426119863521e-05,1.1331189853081e-05,48755.5302219961,3.6013171721524,471
"8574",126352,-19.5100002288818,-45.2528381347656,0.0001572491696606,3.41846021001402e-06,1.08090771391289e-05,46280.3211280548,1.65513817809032,28
"8575",126353,-19.5027313232422,-45.2190818786621,0.0004189595529169,9.10781636775937e-06,1.00867300716345e-05,43957.4557027145,1.92122988091067,669
"8576",126354,-19.4954776763916,-45.1853103637695,0.000161763554388,3.51659900843515e-06,9.68932636169484e-06,41812.5006970976,1.94321022720397,532
"8577",126357,-19.4737987518311,-45.0838966369629,0.0003911678559234,8.50364904181333e-06,1.04863138403744e-05,36748.8186097169,7.22753961178204,814
"8578",126358,-19.4666004180908,-45.0500526428223,0.0014014168700669,3.0465584131889e-05,2.26954816753278e-05,35627.3939250168,7.83955379817154,646
"8579",126359,-19.4594135284424,-45.016185760498,0.000940394893405,2.04433672479354e-05,1.34175934363157e-05,34841.5669176706,1.82560891857394,407
"8580",126363,-19.4307899475098,-44.8804626464844,0.0006304455691861,1.37053384605679e-05,1.21355233204667e-05,35371.1548474608,1.2550263643169,646
"8581",126366,-19.4094409942627,-44.7783584594727,0.0001970701368918,4.28413341069245e-06,1.32558488985524e-05,39398.1356468797,29.736131463554,1006
"8582",126367,-19.4023475646973,-44.7442512512207,0.0002044307702817,4.44414718003827e-06,1.66111058206297e-05,41291.2982925181,73.9089358720781,711
"8583",126371,-19.3740673065186,-44.6074447631836,0.0002870263797376,6.2397039073403e-06,2.1439305783133e-05,41476.7946742727,1.59974284679255,566
"8584",126372,-19.3670196533203,-44.5731391906738,0.0021457258990267,4.66462151962332e-05,2.3930677343742e-05,38183.0949922228,1.79805299728125,756
"8585",126373,-19.3599815368652,-44.5387878417969,0.0015376304872916,3.34267497237306e-05,2.13999264815357e-05,34954.1279329978,2.3567785304322,712
"8586",126374,-19.3529529571533,-44.5043869018555,0.0006658535221504,1.44750765684876e-05,2.03687923203688e-05,31810.7582045585,4.43629144285116,607
"8587",126377,-19.3319091796875,-44.4008827209473,0.002128151449142,4.62641619378701e-05,2.10321577469585e-05,23262.6778866618,194.921501783649,683
"8588",126378,-19.3249111175537,-44.3662757873535,0.0004047305792482,8.79849085322348e-06,1.15820275823353e-05,20916.6759804767,13.5191861465532,797
"8589",126379,-19.3179187774658,-44.3316116333008,0.0004181582535238,9.09039681573631e-06,1.20470103865955e-05,18991.8031080248,8.61384871013835,990
"8590",126380,-19.3109340667725,-44.2968902587891,0.0002703426553125,5.87701424592524e-06,9.71294775808929e-06,17629.9311259097,4.84143042614689,13
"8591",126385,-19.2760963439941,-44.1223526000977,0.0006488256694865,1.41049058584031e-05,1.0283685696777e-05,21685.0697540937,4.81132650267559,358
"8592",126386,-19.2691440582275,-44.0872459411621,0.0006814766220486,1.48147091749706e-05,1.0740114703367e-05,24184.5068517123,4.91475251063067,742
"8593",126387,-19.2621974945068,-44.0520668029785,0.0005512449079105,1.1983584954578e-05,1.2219235941302e-05,26972.0022897961,7.0365004386642,485
"8594",126388,-19.2552547454834,-44.0168151855469,0.0001996479295485,4.34017238148954e-06,1.42904082167661e-05,29970.130971241,43.199204576092,734
"8595",126390,-19.241382598877,-43.9460868835449,0.0002865522228603,6.22939614913776e-06,1.22832807392115e-05,36372.6810910677,16.4999378283636,543
"8596",126393,-19.2206020355225,-43.8394012451172,0.0002997686215167,6.51670916340663e-06,9.92314471659483e-06,43414.9885562514,4.23674911592968,494
"8597",126394,-19.213680267334,-43.8036727905273,0.0006025115435477,1.30980770336464e-05,1.37434126372682e-05,46150.4818902923,1.59175129247955,682
"8598",126395,-19.2067604064941,-43.7678604125977,0.0007662432872166,1.66574627655791e-05,2.03388444788288e-05,49031.158806075,9.31558299670021,628
"8599",126396,-19.1998443603516,-43.7319564819336,0.0004670030430133,1.01522400655085e-05,1.46202892210567e-05,52035.1368187366,39.5279548115423,683
"8600",126397,-19.192928314209,-43.6959609985352,0.0002010812359003,4.37133121522493e-06,1.08042013380327e-05,55144.4792903237,5.8351641632807,546
"8601",126398,-19.1860160827637,-43.6598777770996,9.50614776229486e-05,2.06655386136845e-06,9.51628226175671e-06,58343.5871415887,1.51815994019128,885
"8602",126399,-19.1791038513184,-43.6236953735352,0.0006586775980395,1.43190782182501e-05,9.57735846895957e-06,61621.2910022767,1.55558734200152,749
"8603",126400,-19.1721935272217,-43.5874176025391,0.0006942830623302,1.50931100506568e-05,9.66431070992257e-06,64679.6634586551,2.20536883762778,611
"8604",126401,-19.165283203125,-43.5510368347168,0.0014097382008913,3.06464826280717e-05,1.01011837614351e-05,67611.7899808885,2.70519146961949,526
"8605",126402,-19.1583728790283,-43.5145606994629,0.000549574408069,1.19472697406309e-05,6.79423055771622e-06,70638.7714671677,3.29261274531952,580
"8606",126403,-19.1514625549316,-43.4779777526855,0.0002847578653017,6.19038837612607e-06,6.95438120601466e-06,73751.2609898314,2.23577599040997,856
"8607",126404,-19.1445541381836,-43.4412879943848,0.0007605652863276,1.65340279636439e-05,8.80402330949437e-06,76940.3706572309,1.53954609940073,662
"8608",126405,-19.1376438140869,-43.4044952392578,4.71971848128305e-05,1.02602575680066e-06,6.87413512423518e-06,80198.539684189,1.53650269263372,118
"8609",126406,-19.1307334899902,-43.3675880432129,0.0002035329534919,4.42462942373822e-06,6.96476081429864e-06,83519.8912710314,2.08257114178951,571
"8610",126407,-19.1238212585449,-43.3305702209473,0.0003029953650184,6.58685576127027e-06,7.49551372791757e-06,86898.5907356993,3.00063508716211,444
"8611",126408,-19.1169090270996,-43.2934341430664,0.0002929004695033,6.36740151094273e-06,7.93498657003511e-06,88325.2158743041,3.67686411990066,451
"8612",126409,-19.109992980957,-43.2561836242676,0.0003871800181514,8.41695691633504e-06,7.74190721131163e-06,85217.7479698022,4.89533107283791,517
"8613",126410,-19.1030769348145,-43.2188148498535,0.0003419748591113,7.43423606763827e-06,8.28280917630764e-06,82170.999918606,5.8635338957974,1176
"8614",126411,-19.0961589813232,-43.181324005127,0.0006131592072051,1.33295479827211e-05,8.5683223005617e-06,79193.5522900176,12.4186176749001,620
"8615",126412,-19.0892372131348,-43.1437072753906,0.0003872490069625,8.41845667309826e-06,7.52862706576707e-06,76295.2462977695,40.6212708439091,402
"8616",126413,-19.0823135375977,-43.1059608459473,0.0004114445000595,8.9444456534693e-06,7.55981500333291e-06,73487.0949426405,8.55240558105835,653
"8617",126414,-19.0753860473633,-43.0680885314941,6.48006208692209e-07,1.40870914933089e-08,6.85374106978998e-06,70782.5124028628,15.8447473716025,584
"8618",126416,-19.0615215301514,-42.991943359375,3.73379975826538e-05,8.11695599622908e-07,7.35552930564154e-06,65742.2670404599,9.71154308662453,685
"8619",126417,-19.0545845031738,-42.9536666870117,0.0004715178565675,1.02503881862503e-05,8.36542676552199e-06,63440.8471036333,41.5962508960209,41
"8620",126418,-19.0476417541504,-42.9152526855469,0.0001546896178297,3.3628177789069e-06,8.1600319390418e-06,61311.2706265651,43.5135137755062,723
"8621",126419,-19.0406932830811,-42.8766937255859,0.0003522045735735,7.65662116464227e-06,7.76085653342307e-06,59374.4421819443,3.76636453992501,483
"8622",126420,-19.0337409973145,-42.8379898071289,3.90152749787376e-05,8.48158151711687e-07,7.34912691768841e-06,57652.771888609,11.6129809491031,777
"8623",126421,-19.026782989502,-42.7991371154785,9.74985628090508e-05,2.1195339741098e-06,8.38541291159345e-06,56169.2763343446,16.3282019853327,777
"8624",126712,-19.973295211792,-47.4690170288086,8.05124946055003e-05,1.7502716218587e-06,1.42708640851197e-05,13169.3555664801,2.0631026184385,562
"8625",126713,-19.9642658233643,-47.432746887207,1.32176655256444e-05,2.87340554905313e-07,1.274915302929e-05,11535.0701147682,1.95182498878571,631
"8626",126716,-19.9374351501465,-47.3245086669922,0.0013190473255235,2.8674941859208e-05,1.29633399410523e-05,13895.744268809,1.58828356591387,7
"8627",126717,-19.9285774230957,-47.2886161804199,0.0008954433906183,1.94661606656155e-05,1.41739146783948e-05,16512.5587793602,1.53346205979681,740
"8628",126718,-19.9197597503662,-47.2528076171875,0.0007709667406743,1.67601465363987e-05,1.14280937850708e-05,19535.6584621648,1.16838231083425,437
"8629",126719,-19.910982131958,-47.2170906066895,0.0001862624476416,4.04918364438345e-06,1.08364492916735e-05,22798.433579094,1.03256069905383,763
"8630",126720,-19.9022445678711,-47.1814575195312,0.0001478635745115,3.21442553286033e-06,1.08243339127512e-05,26207.7869055974,0.815594128071097,59
"8631",126725,-19.8591346740723,-47.0044898986816,0.0003293154750281,7.1590320658288e-06,1.09790753413108e-05,16773.3040922016,2.0442826162798,821
"8632",126726,-19.8506240844727,-46.9693260192871,0.0009733021797728,2.11587430385407e-05,1.162354965345e-05,13372.7457877774,2.04892943498273,452
"8633",126727,-19.8421497344971,-46.9342308044434,0.0003219137579435,6.99812517268583e-06,9.85173119261162e-06,10238.0859451611,1.99074992977038,632
"8634",126729,-19.8253059387207,-46.8642425537109,0.0009177438878396,1.99509540834697e-05,1.60608306032373e-05,6448.9913418084,1.36875180013163,473
"8635",126730,-19.8169345855713,-46.8293495178223,0.0016194825948332,3.52061433659401e-05,2.28047174459789e-05,7212.99372169423,1.48347076746713,965
"8636",126731,-19.8085975646973,-46.7945175170898,0.0002689137836568,5.84595181862824e-06,1.56969854288036e-05,9501.32341182889,1.51642736711439,643
"8637",126732,-19.80029296875,-46.7597503662109,0.0006322110803012,1.37437191369827e-05,1.55001362145413e-05,12496.8566696664,1.44553385041944,413
"8638",126734,-19.7837829589844,-46.6903915405273,0.0008175994116754,1.77739002538146e-05,1.08078374978504e-05,19243.3389370196,1.09354679060456,629
"8639",126735,-19.7755756378174,-46.6557960510254,0.0002350827207919,5.11049393026042e-06,9.26558550418122e-06,22765.3792506694,0.957483036291885,685
"8640",126736,-19.7673988342285,-46.6212539672852,0.0007109320831659,1.54550452862168e-05,1.04797536550905e-05,26330.619362723,0.971192891170939,543
"8641",126737,-19.7592544555664,-46.5867691040039,0.0007851354275771,1.70681614690693e-05,1.07601035779226e-05,29920.8739894273,1.18983743972071,743
"8642",126738,-19.7511386871338,-46.5523300170898,0.0006225889192137,1.35345417220378e-05,1.08419781099656e-05,33527.170675149,1.82008968352043,11
"8643",126739,-19.7430515289307,-46.5179443359375,0.0002751785450527,5.98214228375582e-06,1.05188482848462e-05,37142.5137204449,4.4039068820341,773
"8644",126740,-19.7349948883057,-46.4836044311523,0.0004959543293807,1.07816158561036e-05,9.8100636023446e-06,40763.4742610749,4.98613538519941,537
"8645",126743,-19.710994720459,-46.3808479309082,1.08297855945239e-05,2.35430121620084e-07,9.19025114853866e-06,51638.302771695,15.6164110592195,616
"8646",126744,-19.7030506134033,-46.3466835021973,0.0005767811853729,1.25387214211514e-05,1.20174690891872e-05,55262.5151867592,6.07237982893994,669
"8647",126745,-19.6951332092285,-46.3125534057617,0.0015251699951477,3.31558694597334e-05,2.17170127143618e-05,58885.8472352898,1.80726653885245,727
"8648",126746,-19.6872406005859,-46.2784614562988,0.0011862664978252,2.57884021266364e-05,2.75414677162189e-05,62507.4225441671,1.84759087998868,50
"8649",126747,-19.6793746948242,-46.2444038391113,0.0015288248541764,3.32353229168802e-05,2.22539201786276e-05,66127.0860571742,1.85998797459253,926
"8650",126748,-19.6715354919434,-46.2103805541992,0.0001274591400033,2.7708508696378e-06,1.1128130608995e-05,69744.4825835276,41.4759783642965,435
"8651",126749,-19.6637210845947,-46.1763916015625,0.0003406658915992,7.40578025215655e-06,1.14439953904366e-05,73359.3972265585,121.730847196988,633
"8652",126750,-19.6559314727783,-46.1424331665039,0.0003943531810364,8.57289523992222e-06,1.0114910764969e-05,76971.9713308561,24.5047298467743,389
"8653",126751,-19.6481647491455,-46.1085014343262,0.0009610113775124,2.08915516850539e-05,1.0606227988319e-05,80582.4584320851,7.45170633078653,743
"8654",126752,-19.6404228210449,-46.0745964050293,0.0009193071600748,1.99849382624961e-05,1.0737049706222e-05,84190.6342193753,2.13197799518819,725
"8655",126753,-19.6327056884766,-46.0407180786133,0.0005000116161681,1.08698177427868e-05,1.04081209428841e-05,83080.9824435934,2.46862083214923,957
"8656",126754,-19.6250095367432,-46.0068626403809,0.0004740737476822,1.03059510365711e-05,1.07661553556682e-05,82051.6191461254,2.62658463855276,446
"8657",126755,-19.617338180542,-45.973030090332,0.0005544193136302,1.20525937745697e-05,1.12118523247773e-05,81168.9114245407,17.5240271917837,484
"8658",126756,-19.6096878051758,-45.9392204284668,0.0005103026214783,1.10935352495289e-05,1.14369122456992e-05,80437.6762134881,1.27175060684744,572
"8659",126757,-19.6020584106445,-45.9054298400879,4.71010596356791e-05,1.0239360790365e-06,1.03002348623704e-05,79861.5419330209,0.897203356375293,1329
"8660",126759,-19.5868663787842,-45.8378944396973,0.0003132549300062,6.80988978274399e-06,1.29450636450201e-05,79185.1160093286,0.858697151498662,632
"8661",126761,-19.571756362915,-45.7704162597656,0.000654140694678,1.42204498843057e-05,1.37522338263807e-05,79153.8713280052,1.63897821897624,702
"8662",126762,-19.5642318725586,-45.7366981506348,0.0009475167644268,2.05981905310182e-05,2.04340067284647e-05,79380.3917197171,1.62582768681387,87
"8663",126763,-19.5567264556885,-45.7029838562012,0.0009045891565619,1.96649816643912e-05,2.25036874326179e-05,79766.5151055249,1.34639069039261,779
"8664",126764,-19.5492401123047,-45.6692810058594,0.0007938116177683,1.72567742993124e-05,1.73293447005562e-05,80309.8689074636,1.11461251422595,507
"8665",126765,-19.5417747497559,-45.6355857849121,4.15938860669485e-05,9.0421491449888e-07,1.81805171450833e-05,80950.5784548726,1.05265942083853,781
"8666",126766,-19.5343265533447,-45.6018943786621,0.0017971907436731,3.90693639928941e-05,2.05943160835886e-05,77855.9009635361,1.02533685021612,782
"8667",126768,-19.5194835662842,-45.5345153808594,0.0010011208614741,2.17634969885694e-05,1.43456391015206e-05,71803.8139944799,1.02003779890236,574
"8668",126769,-19.5120887756348,-45.5008277893066,0.0004134267255722,8.9875375124393e-06,1.36526059577591e-05,68858.2879400333,0.723675439770435,614
"8669",126771,-19.4973487854004,-45.4334449768066,0.0002699904316614,5.86935721003101e-06,1.56678979692515e-05,63164.4560987589,0.904276612607802,497
"8670",126773,-19.4826774597168,-45.3660430908203,0.0008439508783339,1.83467582246521e-05,1.31903861984028e-05,57796.8697844261,1.30627013619234,861
"8671",126774,-19.4753646850586,-45.332332611084,0.000271560586043,5.9034910009359e-06,1.11329527499038e-05,55265.3502801637,12.3869407713905,111
"8672",126775,-19.4680671691895,-45.2986106872559,0.0007326544800889,1.59272713062819e-05,1.11032704808167e-05,52854.6382331638,18.4081536240091,395
"8673",126776,-19.4607849121094,-45.2648773193359,0.0005207616013649,1.13209043774987e-05,1.15270604510442e-05,50582.1742098442,1.5439800780879,623
"8674",126778,-19.4462642669678,-45.1973724365234,0.0002000336016863,4.34855655839783e-06,1.06220622910769e-05,46532.4431776518,1.94220731217683,464
"8675",126779,-19.4390258789062,-45.1635971069336,0.0010831662548298,2.3547092496301e-05,2.03146810235921e-05,44800.1522842493,47.1061786578888,1175
"8676",126780,-19.4318008422852,-45.1298027038574,0.000188760457604,4.10348820878426e-06,2.48133019340457e-05,43295.2953858073,50.0728358696468,626
"8677",126784,-19.4030342102051,-44.9944229125977,0.0009274449948861,2.01618477149168e-05,1.68292554008076e-05,40016.2205459417,1.24899839087532,435
"8678",126785,-19.3958721160889,-44.9605140686035,0.0008907638657547,1.93644318642328e-05,2.34909366554348e-05,39968.4154604572,1.08644872212983,647
"8679",126786,-19.3887252807617,-44.9265823364258,0.0007174438069341,1.55966044985689e-05,1.21152324936702e-05,40243.1428431285,1.09909140339731,559
"8680",126787,-19.3815879821777,-44.8926200866699,0.0002441104443278,5.30674878973514e-06,1.199653979711e-05,40835.0339339451,1.12542130463409,718
"8681",126788,-19.3744621276855,-44.8586273193359,0.0003775761397264,8.20817695057485e-06,1.22914143503294e-05,41731.1253149542,1.34197287837086,32
"8682",126789,-19.3673477172852,-44.8246040344238,0.0008671402392792,1.88508747669403e-05,1.23812169476878e-05,42913.074440548,1.36184594036667,754
"8683",126791,-19.3531494140625,-44.7564544677734,0.0002702198644328,5.87434487897553e-06,1.47248620123719e-05,46044.6616541519,2.51700781457627,542
"8684",126792,-19.3460674285889,-44.7223205566406,0.0002794540105242,6.0750871853088e-06,1.31926863105036e-05,47945.7313314486,3.83179167571665,774
"8685",126797,-19.3107929229736,-44.5510482788086,0.0007660766932531,1.66538411576767e-05,1.24368007163866e-05,38058.1858090094,2.6316415644179,22
"8686",126798,-19.3037643432617,-44.516658782959,8.96013102646975e-05,1.94785457097169e-06,2.04527532332577e-05,35186.568758016,3.27389106159243,601
"8687",126799,-19.296745300293,-44.4822196960449,0.0007657410787942,1.6646545191179e-05,3.29714603140019e-05,32467.187175119,4.94708050376652,742
"8688",126800,-19.2897319793701,-44.4477310180664,0.0008349588206328,1.81512787094107e-05,1.42203462019097e-05,29943.5609076975,40.6168848627242,387
"8689",126803,-19.2687397003174,-44.3439407348633,0.0003097108756264,6.73284512231476e-06,1.34253159558284e-05,24164.1157213442,3.41036468507806,915
"8690",126805,-19.2547779083252,-44.2744598388672,7.28379704924009e-05,1.58343414113915e-06,1.6797970602056e-05,22578.0137394293,2.70428066037551,708
"8691",126806,-19.2478065490723,-44.2396278381348,0.0006042493168934,1.31358547150739e-05,1.34707343022455e-05,22657.7657892123,3.26725535419006,107
"8692",126807,-19.2408409118652,-44.2047309875488,0.000377275458959,8.20164041215321e-06,1.092392449209e-05,23329.8625908107,2.46169264236092,622
"8693",126808,-19.2338809967041,-44.1697731018066,0.0007807590518496,1.69730228662957e-05,1.16848132165615e-05,24548.5333116078,2.02469679490509,694
"8694",126809,-19.2269268035889,-44.1347427368164,0.0003008735093317,6.5407284637331e-06,1.07552968984237e-05,26240.6784824787,3.35589389313559,425
"8695",126811,-19.2130317687988,-44.0644798278809,0.00018456705493,4.0123272810888e-06,1.33914609250496e-05,30722.2997835695,4.65716877403295,834
"8696",126812,-19.206090927124,-44.029239654541,0.0013604925734398,2.95759255095618e-05,1.51073845700012e-05,33369.6769450495,25.0156748905794,607
"8697",126814,-19.1922225952148,-43.9585342407227,0.0007524395841755,1.63573822646867e-05,1.2275807421247e-05,39214.8805846136,6.76829595986121,1236
"8698",126815,-19.1852931976318,-43.9230651855469,0.0006615512811549,1.43815495903254e-05,1.9421380784479e-05,42341.200250524,7.84014113233455,527
"8699",126816,-19.1783676147461,-43.8875122070312,0.0008863998737069,1.92695624718908e-05,1.61064126587007e-05,45156.700179424,7.45168678619551,597
"8700",126817,-19.1714458465576,-43.851879119873,0.0004388581182865,9.54039387579542e-06,1.08566591734416e-05,47475.429887971,6.34347100447896,381
"8701",126818,-19.1645259857178,-43.816162109375,0.0003670492169476,7.97933080320945e-06,1.100658573705e-05,49976.5085251102,1.50008100649822,301
"8702",126819,-19.1576099395752,-43.7803611755371,0.0004595491973304,9.99019994196715e-06,1.29832160382648e-05,52635.6019863663,1.11735770480683,666
"8703",126820,-19.1506938934326,-43.7444686889648,0.0004721084660559,1.02632275229553e-05,1.72039872268215e-05,55432.5215502743,9.74579841964175,539
"8704",126822,-19.136869430542,-43.6724090576172,0.0002751486736087,5.98149290453875e-06,9.67361665971112e-06,61369.8603147187,1.81650802733043,751
"8705",126824,-19.1230506896973,-43.5999717712402,0.0002268211537739,4.93089464725927e-06,9.30134046939202e-06,67675.463943756,3.09511535224803,8
"8706",126825,-19.1161441802979,-43.563606262207,0.0004045145342388,8.79379422258353e-06,7.94264269643463e-06,70940.1275235157,5.95961592900742,761
"8707",126826,-19.1092357635498,-43.5271377563477,0.0001692844853096,3.68009750673082e-06,6.12794201515499e-06,74034.7856854526,6.52650346049938,513
"8708",126828,-19.0954208374023,-43.4538879394531,4.95751023663615e-05,1.07771961666003e-06,8.32804289530031e-06,80048.545906242,2.82286227869748,38
"8709",126830,-19.0816040039062,-43.3802108764648,0.0006595668382942,1.43384095281363e-05,7.51772495277692e-06,86371.108372671,2.07016734092796,659
"8710",126831,-19.0746955871582,-43.3432006835938,0.0004405098334245,9.57630072662141e-06,7.3295504989801e-06,89632.2349626623,2.43197827714159,424
"8711",126832,-19.0677833557129,-43.306079864502,1.57216359184531e-05,3.41774693879415e-07,7.19483750799554e-06,91991.9719423039,2.75177364926006,608
"8712",126833,-19.0608711242676,-43.2688407897949,0.00028664547699,6.23142341282801e-06,7.10182757757138e-06,89003.6054046607,2.206476489424,817
"8713",126836,-19.0401229858398,-43.1563949584961,0.0003141111401419,6.82850304656313e-06,7.63716252549784e-06,80469.9799187295,11.9361047339517,380
"8714",126837,-19.0332012176514,-43.1186637878418,0.000351328511897,7.63757634558715e-06,8.56781844049692e-06,77801.4891515084,11.1766946233549,876
"8715",126838,-19.0262756347656,-43.0808029174805,0.0004844692193728,1.05319395515835e-05,8.52708944876213e-06,75239.9327549959,8.46363590512373,633
"8716",126839,-19.0193481445312,-43.0428085327148,0.000341811486578,7.43068449082784e-06,8.16061037767213e-06,72798.3567395749,4.93517948558761,711
"8717",126840,-19.0124168395996,-43.0046806335449,0.0004605591784638,1.00121560535626e-05,9.10522612684872e-06,70491.7109435246,3.29195641945953,916
"8718",126841,-19.0054817199707,-42.9664154052734,0.0002878657296605,6.25795064479462e-06,1.05084664028254e-05,68335.8164563689,2.76211790066724,436
"8719",127135,-19.9240264892578,-47.4803123474121,0.0005273943170323,1.14650938485283e-05,1.14719223347493e-05,8773.56411010721,2.81314410729137,768
"8720",127136,-19.9149971008301,-47.4440536499023,4.21419214262642e-05,9.16128726657917e-07,1.16178289317759e-05,6227.00785147284,232.826375095783,633
"8721",127139,-19.8881683349609,-47.3358535766602,0.0005947770987404,1.29299369291402e-05,1.89470520126633e-05,10249.1476205692,2.51978657438348,428
"8722",127140,-19.8793106079102,-47.2999725341797,0.001223175888299,2.65907801804133e-05,1.71951905940659e-05,13660.1934275483,1.90450410282951,1206
"8723",127141,-19.8704929351807,-47.2641792297363,0.0010264904194627,2.23150091187563e-05,2.77242816082435e-05,17248.2374556985,1.43444979405817,636
"8724",127142,-19.8617153167725,-47.2284736633301,0.0002710217495405,5.89177716392442e-06,2.70146065304289e-05,20916.9430716913,1.46462123919968,561
"8725",127143,-19.8529777526855,-47.1928520202637,0.000546782515812,1.18865764306975e-05,1.6624273484922e-05,24626.0525477253,1.37686661086253,65
"8726",127144,-19.8442802429199,-47.1573104858398,0.0001663397633819,3.61608181265183e-06,1.21406919788569e-05,28356.2514292253,1.58994772702833,655
"8727",127146,-19.8269996643066,-47.0864753723145,0.0008438492986897,1.83445499715162e-05,1.34885713123367e-05,25801.7835304059,1.59902722265097,525
"8728",127147,-19.818416595459,-47.0511703491211,0.0008396282210014,1.82527874130756e-05,1.5635640011169e-05,22525.6658099516,1.56144011281505,756
"8729",127150,-19.7928848266602,-46.9457054138184,0.0006461448956542,1.40466281663976e-05,1.10651189970667e-05,14311.5785714732,1.98594614260228,6
"8730",127151,-19.78444480896,-46.9106903076172,0.0013428582969936,2.91925716737751e-05,1.26989698401303e-05,12679.5486966738,1.67240538682358,818
"8731",127152,-19.7760410308838,-46.8757400512695,0.0006814475036662,1.48140761666582e-05,1.09684260678478e-05,12034.1033659215,1.45434074900538,364
"8732",127153,-19.767671585083,-46.8408584594727,0.0003275741455581,7.1211770773516e-06,9.88380998023786e-06,12522.1181866852,1.25663773732202,451
"8733",127155,-19.7510299682617,-46.7712821960449,0.0007708186385571,1.67569269251544e-05,1.35967311507557e-05,16245.6536310951,1.62489194681638,73
"8734",127156,-19.7427597045898,-46.7365837097168,0.0008956134988693,1.94698586710729e-05,1.45385956784594e-05,18940.3734790939,1.56096768714649,688
"8735",127157,-19.7345218658447,-46.7019462585449,0.0007572114009235,1.64611174113816e-05,9.78935531747993e-06,21928.3786581719,1.42093238848058,708
"8736",127159,-19.7181377410889,-46.6328315734863,0.0005248631932772,1.14100694190711e-05,9.57966221903916e-06,28398.7111776808,1.35036583480542,613
"8737",127160,-19.7099933624268,-46.5983581542969,0.0012093015648133,2.62891644524643e-05,1.18537382149952e-05,31775.7792048712,1.81922228459364,366
"8738",127161,-19.7018775939941,-46.5639305114746,0.0012074045189365,2.62479243247071e-05,1.17188155854819e-05,35209.777215244,3.85218084404134,613
"8739",127162,-19.6937923431396,-46.5295562744141,0.0005857935757376,1.27346429508179e-05,1.0770504559332e-05,38683.2281797318,5.33679961775979,767
"8740",127163,-19.6857357025146,-46.4952278137207,0.00028241268501,6.13940619587083e-06,1.10355776996585e-05,42185.5546212711,5.9716383215966,1013
"8741",127164,-19.6777076721191,-46.4609413146973,0.0008400193109991,1.82612893695477e-05,1.21636339827091e-05,45709.1672986746,4.73333998661683,478
"8742",127165,-19.6697082519531,-46.4267044067383,8.27382414172462e-05,1.79865742211405e-06,9.66687730397098e-06,49247.6852382939,3.79208637707021,702
"8743",127166,-19.6617374420166,-46.392505645752,0.0008672547046444,1.88533631444443e-05,1.10679893623455e-05,52797.9669567655,3.55320792761255,445
"8744",127167,-19.6537933349609,-46.3583488464355,0.0006917785885889,1.50386649693246e-05,1.45092117236345e-05,56356.632641293,3.58251142383892,608
"8745",127168,-19.6458759307861,-46.3242301940918,0.0002804256901072,6.09621065450483e-06,1.42548569783685e-05,59921.6415555674,2.58943564940974,625
"8746",127171,-19.6222801208496,-46.2220916748047,0.0013769541656074,2.99337862088578e-05,1.44233417813666e-05,70639.3217484075,1.72653463324601,557
"8747",127172,-19.6144676208496,-46.1881141662598,0.0012071704841218,2.62428366113454e-05,1.74253509612754e-05,74215.8201778886,2.2230945665213,29
"8748",127173,-19.6066780090332,-46.1541633605957,0.0006375989432854,1.38608465931611e-05,1.09023058030289e-05,77793.7444709532,2.63961323915675,694
"8749",127174,-19.598913192749,-46.1202430725098,0.0003029357685591,6.5855601860676e-06,9.69529082794907e-06,81372.0188644333,2.4310331263276,562
"8750",127175,-19.5911712646484,-46.0863494873047,0.0008244451601058,1.79227208718657e-05,1.19316928248736e-05,84950.5682378582,2.00467464358314,757
"8751",127176,-19.5834541320801,-46.0524826049805,0.0007487342700187,1.62768319569295e-05,1.1751953024941e-05,88406.364371688,2.22495161451157,17
"8752",127177,-19.5757598876953,-46.0186386108398,0.0004361268893262,9.48101933317957e-06,9.75430975813651e-06,87444.6036400841,2.6026806312582,720
"8753",127178,-19.5680885314941,-45.9848175048828,0.0003593938436097,7.81290964368964e-06,9.65767048910493e-06,86621.7577038351,3.97646238950299,341
"8754",127179,-19.5604381561279,-45.9510192871094,0.0002329161625311,5.0633948376344e-06,9.8972195701208e-06,85941.644909473,7.16661470347005,385
"8755",127183,-19.5300559997559,-45.815990447998,3.17296862704097e-05,6.89775788487168e-07,1.2928592695971e-05,84696.5677355552,26.0921172042266,116
"8756",127184,-19.5225124359131,-45.7822685241699,0.0001369744186376,2.9777047529933e-06,1.22071605801466e-05,84761.0468000402,75.0714148729081,724
"8757",127185,-19.5149879455566,-45.7485580444336,0.0002848807398549,6.19305956206517e-06,1.45759886436281e-05,84975.984468416,30.6495165277995,748
"8758",127187,-19.5,-45.6811676025391,0.0005341423347999,1.16117898869561e-05,1.82720759767108e-05,85850.6459691338,1.34477546706331,732
"8759",127190,-19.4776573181152,-45.5801200866699,0.0001743157317832,3.78947243007133e-06,1.29980717247236e-05,77923.0132271517,181.51879092786,893
"8760",127192,-19.4628505706787,-45.5127639770508,0.0004465567508304,9.70775545283686e-06,1.10276796476683e-05,72240.2183229646,0.988602244352478,662
"8761",127193,-19.4554748535156,-45.4790840148926,0.0002988092001032,6.49585217615822e-06,1.14097201731056e-05,69501.0796548019,0.988602254903526,356
"8762",127194,-19.4481143951416,-45.4454040527344,0.0006294702288869,1.36841354105854e-05,1.29120062410948e-05,66841.576701591,0.988602265432746,622
"8763",127196,-19.433443069458,-45.3780250549316,0.000143666437907,3.12318343276274e-06,1.06493162093102e-05,61800.167589341,1.13553756363969,791
"8764",127197,-19.4261322021484,-45.3443222045898,0.0007276082978933,1.58175716933329e-05,1.16846204036847e-05,59441.575777135,1.27374937486446,417
"8765",127198,-19.4188365936279,-45.3106117248535,0.0007074924324115,1.53802702698158e-05,1.11761337393546e-05,57209.4019750037,1.33769935744753,628
"8766",127199,-19.4115543365479,-45.2768898010254,0.0005708767639589,1.24103644338902e-05,1.16519868242904e-05,55118.9371178388,1.38386983441547,503
"8767",127200,-19.4042892456055,-45.2431526184082,0.0003388031727808,7.36528636480216e-06,1.15896400529891e-05,53186.4797315182,1.69164913086601,641
"8768",127204,-19.3753662109375,-45.1080551147461,0.0006843387163826,1.48769286170136e-05,1.09292286651907e-05,47409.5255917922,1.00692169035025,190
"8769",127205,-19.3681678771973,-45.0742301940918,0.000474362002933,1.03122174550663e-05,2.38606953644194e-05,46545.452810345,3.72772664951115,530
"8770",127206,-19.3609848022461,-45.0403861999512,0.0009470363947912,2.05877477128524e-05,1.26462919070036e-05,45945.5303843507,2.51926166687747,643
"8771",127208,-19.3466529846191,-44.9726219177246,0.0001523485270809,3.31192450175877e-06,1.34146266645985e-05,45577.6213823303,1.12540441436088,590
"8772",127209,-19.339506149292,-44.9387016296387,0.0005596277806034,1.21658213174669e-05,1.3563949323725e-05,45817.1869992981,1.17379975011326,15
"8773",127210,-19.3323707580566,-44.9047508239746,0.0001353058746644,2.94143205792352e-06,1.03621296148049e-05,46335.8059461839,1.53044688372849,727
"8774",127211,-19.3252468109131,-44.8707656860352,0.0008207945684262,1.78433601831784e-05,1.45973435792257e-05,47124.9260947343,1.70547347820703,483
"8775",127212,-19.3181343078613,-44.8367538452148,0.0017448537983,3.79316043108702e-05,2.75557267741533e-05,48171.8883771152,1.55531209793438,788
"8776",127213,-19.3110313415527,-44.8027076721191,0.0005221338469709,1.13507358037168e-05,1.11357585410587e-05,49461.2029124477,1.38978594050786,46
"8777",127214,-19.3039398193359,-44.7686233520508,0.0009326091567345,2.02741121029248e-05,1.18736861622892e-05,50975.0644759337,1.54235784126293,394
"8778",127215,-19.2968578338623,-44.7345008850098,0.000103338869394,2.24649716074055e-06,1.12503030322841e-05,52695.0651183297,3.74861197675954,524
"8779",127216,-19.2897853851318,-44.7003440856934,0.0011723276620614,2.54853839578573e-05,2.51437541010091e-05,53315.6385868473,3.27169368640965,359
"8780",127217,-19.2827224731445,-44.6661415100098,0.0007757341227261,1.68637852766551e-05,2.60127781075425e-05,50272.4553626439,2.28114050473988,762
"8781",127218,-19.275671005249,-44.6319007873535,0.0009854456329776,2.14227311516879e-05,1.63781442097388e-05,47308.5846377722,1.95281159128889,26
"8782",127221,-19.2545642852783,-44.5289039611816,0.0006585120081581,1.43154784382205e-05,1.98803245439194e-05,39078.7235677936,3.82437417116713,773
"8783",127222,-19.2475452423096,-44.4944763183594,7.1212392867892e-05,1.54809549712809e-06,1.0469526387169e-05,36642.7655987996,3.28349232920659,916
"8784",127223,-19.2405338287354,-44.4599952697754,0.0021641374187311,4.70464656245895e-05,3.38373465638142e-05,34418.6860744443,4.05439618473426,591
"8785",127224,-19.2265357971191,-44.3908805847168,0.0007554513285867,1.6422854969278e-05,2.09038553293794e-05,30793.7583405663,3.69864729142919,506
"8786",127225,-19.2195453643799,-44.3562393188477,0.0005569903496507,1.21084858619724e-05,1.35045274873846e-05,29497.9429471309,2.92082574768246,663
"8787",127226,-19.2125644683838,-44.3215370178223,0.0005893546367587,1.28120573208435e-05,2.48229334829375e-05,28615.429271781,3.38590858573933,777
"8788",127227,-19.205587387085,-44.2867774963379,0.0014010573249834,3.0457767934422e-05,2.09743957384489e-05,28188.1227696489,12.6648787680112,912
"8789",127228,-19.1986179351807,-44.2519569396973,0.0001670575566095,3.63168601325015e-06,1.26630384329474e-05,28238.463733962,25.676034221834,480
"8790",127229,-19.1916542053223,-44.2170715332031,0.0013326041917025,2.896965634136e-05,2.04556399694411e-05,28766.4718761451,52.252010000634,613
"8791",127230,-19.1846961975098,-44.1821212768555,0.0008213571054511,1.78555892489385e-05,1.46685988511308e-05,29749.1277512683,1.65821108370705,619
"8792",127231,-19.1777439117432,-44.1471061706543,0.0010110908951901,2.19802368519595e-05,1.80938332050573e-05,31145.7272761041,1.71950337028169,572
"8793",127232,-19.1707954406738,-44.1120185852051,0.0003808692363236,8.2797660070355e-06,2.13398179766955e-05,32906.2459689324,2.27519033184977,69
"8794",127233,-19.1638526916504,-44.0768623352051,0.0003153290917907,6.85498025632114e-06,1.56848509504925e-05,34977.7357755777,4.75440227626969,601
"8795",127234,-19.1569137573242,-44.041633605957,0.0001987561790883,4.32078650192125e-06,1.43494289659429e-05,37310.8609049585,5.47898771913407,557
"8796",127235,-19.1499786376953,-44.0063285827637,0.0004918112354062,1.0691548595787e-05,1.09490792965516e-05,39861.9640954857,8.37313288329956,6
"8797",127236,-19.1430492401123,-43.970947265625,0.0001145187070505,2.48953710979549e-06,1.09362435978255e-05,42593.7436662797,13.1575616645555,715
"8798",127237,-19.1361217498779,-43.935489654541,0.0011009376721631,2.39334276557202e-05,1.17115123430267e-05,45475.8593166763,7.00466881151074,323
"8799",127238,-19.1291980743408,-43.8999481201172,0.0007838902820367,1.70410930877551e-05,1.69205868587596e-05,48483.6776624192,7.02058635583632,828
"8800",127239,-19.122278213501,-43.8643264770508,0.0006494871086033,1.41192849696381e-05,1.84396430995548e-05,51596.786874193,4.33536830755599,113
"8801",127240,-19.1153602600098,-43.8286209106445,0.0012299354530114,2.67377272393787e-05,1.58325728989439e-05,54117.9558605555,1.63137296614845,401
"8802",127241,-19.1084442138672,-43.7928276062012,0.0009309598681284,2.02382580027916e-05,1.2644738490053e-05,56571.7445836957,0.981801067369468,693
"8803",127242,-19.1015319824219,-43.7569465637207,0.0001812478103602,3.94016979043954e-06,1.01496552815661e-05,59171.5319267485,1.57918142281022,356
"8804",127245,-19.0808029174805,-43.6487503051758,0.0004991629157302,1.08513677332667e-05,8.07455762696918e-06,67692.0870402088,2.32614656768302,779
"8805",127246,-19.0738964080811,-43.6124954223633,0.0005560876379604,1.20888616947923e-05,8.5658039097325e-06,70729.7584349171,5.69899420080491,697
"8806",127247,-19.0669898986816,-43.5761375427246,0.0002815002671923,6.11957102591987e-06,6.3006241362018e-06,73849.4053913821,7.46432118816657,722
"8807",127248,-19.0600852966309,-43.539680480957,0.0003509576290525,7.62951367505593e-06,7.00537293596426e-06,77042.2093509713,10.4896097288937,887
"8808",127249,-19.0531806945801,-43.5031204223633,0.0006195665064296,1.34688370962976e-05,7.45429224480176e-06,80301.3254334331,8.42655650614379,890
"8809",127250,-19.0462741851807,-43.4664573669434,0.0002902040696426,6.30878412266611e-06,7.17618240742013e-06,83422.3402318362,140.652380923093,735
"8810",127251,-19.0393695831299,-43.4296836853027,0.000470544106065,1.02292196970666e-05,7.55292057874613e-06,86416.5059533674,259.125066307399,709
"8811",127252,-19.0324630737305,-43.3927993774414,0.0004501757975958,9.78643038251903e-06,7.50575054553337e-06,89487.468166424,3.55968018925022,702
"8812",127253,-19.0255565643311,-43.3558006286621,0.0008532165484211,1.85481858352432e-05,1.13622991193552e-05,92629.1297185715,2.85906093711092,781
"8813",127254,-19.0186462402344,-43.3186912536621,0.0001906343049995,4.14422402172931e-06,9.86498889687937e-06,95835.9925046277,2.68691733796049,510
"8814",127255,-19.0117378234863,-43.2814636230469,0.0003461814194452,7.52568303141743e-06,7.78012054070132e-06,92972.256191808,21.7528556032472,560
"8815",127256,-19.004825592041,-43.2441139221191,0.0003191898504155,6.9389097916428e-06,7.18261981091928e-06,90169.575653147,36.0939638762194,538
"8816",127557,-19.8748168945312,-47.4916458129883,0.0016376417552237,3.56009077222552e-05,2.77544913842576e-05,6579.96276473137,19.1982534105091,596
"8817",127558,-19.8657875061035,-47.4553985595703,0.0005781620911875,1.25687411127728e-05,3.00253941531992e-05,2689.42581829148,317.513195088562,21
"8818",127559,-19.8568019866943,-47.4192504882812,0.0008934174038586,1.94221174751874e-05,2.26918891712558e-05,1198.2011408879,308.148708126921,664
"8819",127560,-19.8478603363037,-47.3831939697266,0.0011316705349599,2.46015333686955e-05,2.19395933527267e-05,5064.6741527261,3.58857369548915,611
"8820",127561,-19.8389587402344,-47.3472328186035,0.0008152362206601,1.77225265360903e-05,1.15189404823468e-05,8923.66132794172,2.3413673955579,742
"8821",127562,-19.8301010131836,-47.3113632202148,0.0006348627775878,1.38013647301705e-05,9.49740569922142e-06,12772.5144011486,1.88577400841947,8
"8822",127563,-19.8212833404541,-47.2755813598633,0.0005985667557979,1.30123207782162e-05,1.16576229629572e-05,16611.5213514967,1.51621505181733,444
"8823",127564,-19.8125057220459,-47.2398872375488,0.0008642087377666,1.8787146473187e-05,1.34995325424825e-05,20440.6310261655,1.43485657926603,528
"8824",127565,-19.8037700653076,-47.2042770385742,0.0012950499294675,2.81532593362499e-05,2.12073191505624e-05,24260.1522401242,1.38644148198542,85
"8825",127566,-19.795072555542,-47.1687507629395,0.0013708286787732,2.98006234515924e-05,2.77782237390056e-05,28070.1877768131,1.36954077061273,398
"8826",127567,-19.786413192749,-47.1333045959473,0.0011559925842448,2.51302735705394e-05,2.42456862906693e-05,31734.9535619764,1.34071515318475,813
"8827",127568,-19.7777919769287,-47.0979347229004,0.000688253005137,1.49620218508062e-05,1.14627573566395e-05,28662.5759451232,1.26249440799795,696
"8828",127569,-19.7692089080811,-47.0626449584961,0.0006809703554608,1.48037033795845e-05,1.18426050903508e-05,25787.8508355024,1.07318887463412,363
"8829",127570,-19.7606620788574,-47.0274276733398,0.0006218143953447,1.35177042466239e-05,1.06262632471044e-05,23179.4310981507,1.13093150194984,922
"8830",127572,-19.7436790466309,-46.9572105407715,0.0001693460899332,3.68143673767918e-06,1.05017934401985e-05,19169.8421664181,1.8943410425237,722
"8831",127573,-19.7352390289307,-46.9222068786621,0.000178889493327,3.88890202884795e-06,1.15396833280101e-05,18028.8421706468,1.53658526535234,903
"8832",127574,-19.7268352508545,-46.8872718811035,0.0001502917066318,3.2672110137355e-06,9.76595765678212e-06,17625.3449038588,1.04953915308943,678
"8833",127575,-19.7184658050537,-46.8524017333984,0.0003783979809668,8.22604306449648e-06,1.27070143207675e-05,18004.2565826096,1.07808774451879,472
"8834",127577,-19.7018260955811,-46.7828483581543,0.0006620934855163,1.43933366416604e-05,1.12238767542294e-05,20836.812785469,1.92864497370625,756
"8835",127578,-19.6935558319092,-46.748161315918,0.00036990591434,8.04143292043591e-06,1.02719604910817e-05,23029.9612841882,1.88039332365412,651
"8836",127579,-19.6853179931641,-46.7135314941406,0.0005124983399582,1.11412682599621e-05,1.2384814908728e-05,25570.5786696309,4.6169507123309,158
"8837",127580,-19.6771106719971,-46.6789588928223,0.0006939433060324,1.50857240441837e-05,1.18178249977063e-05,28363.0168969877,8.32965787166592,485
"8838",127581,-19.6689357757568,-46.6444396972656,0.0010097537087858,2.19511675823014e-05,1.10497931018472e-05,31337.804332433,1.53927477893394,678
"8839",127582,-19.6607913970947,-46.609977722168,0.0007629478895978,1.65858236869099e-05,1.12343768705614e-05,34445.5899391794,1.55996153358868,512
"8840",127583,-19.6526756286621,-46.5755615234375,0.0008338982588611,1.81282230187207e-05,1.12605966933188e-05,37652.5428171819,2.0759043585713,642
"8841",127585,-19.6365356445312,-46.5068778991699,0.0012198573967907,2.65186390606686e-05,1.18887528515188e-05,44270.479569657,2.5488171492759,644
"8842",127586,-19.6285095214844,-46.4726066589355,4.05393363678286e-06,8.81289921039752e-08,1.32917130031274e-05,47650.890686611,3.00055431380414,2
"8843",127587,-19.6205101013184,-46.4383773803711,0.0008488674502586,1.84536402230151e-05,1.36691396619426e-05,51065.3729605046,2.97668508397327,729
"8844",127588,-19.6125392913818,-46.4041900634766,0.0001650254303058,3.5875093544746e-06,9.22182789508952e-06,54506.4121942351,15.372754722159,449
"8845",127589,-19.6045951843262,-46.370044708252,0.0004625598121492,1.00556480902014e-05,1.26163222375908e-05,57968.4466537656,8.23788192237574,806
"8846",127590,-19.5966796875,-46.3359375,0.0005950673621555,1.29362470033811e-05,1.18973357530194e-05,61447.2780206516,1.70165701583004,45
"8847",127591,-19.5887889862061,-46.3018684387207,0.001322953539784,2.87598595605232e-05,1.95567827177001e-05,64939.6423666843,1.49352573965372,581
"8848",127592,-19.580924987793,-46.2678337097168,0.0005610490588878,1.21967186714755e-05,1.28335504996357e-05,68442.9919651605,1.65774943877461,7
"8849",127593,-19.5730857849121,-46.2338333129883,0.0015586489389534,3.38836725859437e-05,1.37435426950105e-05,71955.1904603655,1.82461584810526,381
"8850",127595,-19.5574836730957,-46.1659240722656,0.0007906492610345,1.71880274137948e-05,1.53024975588778e-05,79000.0998976068,5.05669144792653,980
"8851",127596,-19.5497207641602,-46.1320152282715,0.0009184838963847,1.99670412257547e-05,1.62531141540967e-05,82530.0710515246,3.27375288078512,748
"8852",127597,-19.5419807434082,-46.0981330871582,0.0006404038467735,1.39218227559468e-05,1.04502632893855e-05,86064.0796690743,3.35311362014449,630
"8853",127598,-19.5342636108398,-46.0642776489258,1.82674469897393e-05,3.97118412820419e-07,9.86182203632779e-06,89601.2487652476,2.08076300589306,873
"8854",127599,-19.5265693664551,-46.030445098877,0.0005483375462063,1.19203814392677e-05,1.00844617918483e-05,92858.6447670301,2.41001385360691,891
"8855",127603,-19.4960174560547,-45.895320892334,0.0003458220417087,7.5178704719292e-06,1.07741243482451e-05,90595.4812806366,1.14930623486773,945
"8856",127604,-19.4884338378906,-45.8615837097168,0.0006381167986546,1.38721043185797e-05,1.19141977847903e-05,90376.5815918648,0.729685174943065,723
"8857",127605,-19.4808712005615,-45.8278579711914,0.0011580171485547,2.51742858381476e-05,1.68136957654497e-05,90298.7904597498,0.672075510480716,666
"8858",127606,-19.4733276367188,-45.7941474914551,0.000600192532147,1.30476637423271e-05,1.53140026668552e-05,90362.5549089548,3.63153775258847,978
"8859",127607,-19.4658050537109,-45.7604484558105,0.0002582882725619,5.61496244699811e-06,1.35326754389098e-05,90567.0621346267,1.98396339892881,800
"8860",127608,-19.4583015441895,-45.7267608642578,0.0008782708246144,1.90928440133575e-05,1.21754510473693e-05,90911.3715278633,1.04882946723473,517
"8861",127609,-19.4508190155029,-45.6930770874023,0.0007454369479091,1.6205151041504e-05,1.34286083266488e-05,89899.995606669,1.30625503958821,658
"8862",127610,-19.4433536529541,-45.6594009399414,0.0005947303670836,1.29289210235584e-05,1.61769094120245e-05,86982.6480328303,1.33632272432441,55
"8863",127611,-19.4359073638916,-45.6257286071777,0.0010301472866558,2.23945062316488e-05,1.61054013005923e-05,84116.8955776716,63.7700236384983,622
"8864",127612,-19.4284782409668,-45.5920639038086,0.0009040217664733,1.96526470972458e-05,1.64464690897148e-05,81308.5267935282,101.40919727755,643
"8865",127613,-19.4210681915283,-45.5583953857422,0.0011827466878457,2.57118845183868e-05,1.42521221278002e-05,78562.3799441416,3.90341600931202,712
"8866",127614,-19.4136753082275,-45.524730682373,0.0010830692772287,2.35449842875823e-05,1.27429557323921e-05,75885.9896104629,1.02400088492856,5
"8867",127615,-19.4062995910645,-45.4910621643066,0.0009734336308611,2.11616006708937e-05,1.56124751811149e-05,73286.2016369453,0.993245742491104,729
"8868",127616,-19.3989410400391,-45.457389831543,0.0013293498777784,2.88989103864878e-05,1.38820460051647e-05,70771.4507896456,0.988602335775795,284
"8869",127617,-19.3915977478027,-45.423713684082,0.000508174260176,1.10472665255656e-05,1.23150630315649e-05,68351.2390569493,0.988602288660331,69
"8870",127618,-19.3842716217041,-45.3900299072266,0.0002222393804913,4.83129088024725e-06,1.12789020931814e-05,66035.519222068,1.00870831565112,682
"8871",127619,-19.3769626617432,-45.3563385009766,0.0009633681256673,2.09427853405941e-05,1.08982640085742e-05,63835.7210054321,1.07765740208391,383
"8872",127620,-19.3696670532227,-45.322639465332,0.0015910498332232,3.45880398526788e-05,1.37007782541332e-05,61764.5801088767,1.27232176218985,355
"8873",127621,-19.3623867034912,-45.2889251708984,0.0007102712297637,1.54406789079076e-05,1.11563904283685e-05,59834.8333936726,15.558835006683,842
"8874",127622,-19.3551216125488,-45.2552032470703,0.0005675369775417,1.23377603813424e-05,1.09646780401818e-05,58061.3161758091,89.5703681258459,806
"8875",127623,-19.3478717803955,-45.2214622497559,0.0002750455041677,5.97925009060418e-06,9.90756871033227e-06,56458.0989595597,142.583928021717,788
"8876",127624,-19.3406352996826,-45.1877098083496,0.0015297660138458,3.32557829096913e-05,2.40449535340304e-05,55040.9909759279,2.51371946427631,894
"8877",127625,-19.3334121704102,-45.153938293457,0.0006346222999127,1.37961369546247e-05,1.33856983666192e-05,53824.4527460829,1.57891424366945,721
"8878",127626,-19.3262042999268,-45.1201438903809,0.0006980733887758,1.51755084516481e-05,1.29610652948031e-05,52822.3005995843,1.86792717504178,850
"8879",127627,-19.3190078735352,-45.0863342285156,0.0002079535506709,4.52072936241166e-06,1.06109264379484e-05,52048.0242759526,2.49927247303533,504
"8880",127628,-19.311824798584,-45.0524978637695,0.0005307525116222,1.1538098078745e-05,1.66524641826982e-05,51511.5700904788,1.50270729314773,532
"8881",127629,-19.3046550750732,-45.0186386108398,0.00016448895758,3.57584690391377e-06,1.09448747025453e-05,51221.0162801093,1.0922980996438,478
"8882",127633,-19.2760944366455,-44.8829307556152,0.0004880145916104,1.06090128610958e-05,1.19679789349902e-05,52557.525250836,1.90901670261683,597
"8883",127634,-19.2689838409424,-44.8489265441895,0.0001536196218694,3.33955699716171e-06,1.06807501651929e-05,53495.4818560101,1.72267987663136,30
"8884",127635,-19.2618827819824,-44.8148918151855,0.0002068970261461,4.49776143796043e-06,1.14481708806125e-05,54656.2797081729,1.43564113449543,640
"8885",127636,-19.2547912597656,-44.780818939209,0.0010031539604824,2.18076947930967e-05,1.26103304864955e-05,56026.7795269457,1.39065266045509,810
"8886",127638,-19.2406406402588,-44.7125587463379,0.0008239882190537,1.7912787370733e-05,1.25190172184375e-05,56536.6874772652,1.59905251809322,678
"8887",127639,-19.2335796356201,-44.6783714294434,0.0003911990243068,8.50432661536615e-06,1.57667163875885e-05,53673.857595781,1.65041213011117,25
"8888",127640,-19.2265281677246,-44.6441383361816,0.0005597933704848,1.21694210974965e-05,1.37297911351197e-05,50904.6373190668,2.44276301821751,735
"8889",127641,-19.2194862365723,-44.60986328125,0.0011392906817491,2.47671887336764e-05,2.4846996893757e-05,48246.4806831937,3.4634535748089,414
"8890",127642,-19.2124519348145,-44.5755424499512,0.0004987059746781,1.08414342321339e-05,1.394791797793e-05,45719.5251133299,4.02527556048938,67
"8891",127643,-19.2054271697998,-44.5411720275879,5.73490306123858e-05,1.246718056791e-06,1.30461103253765e-05,43347.4055458075,4.05335025213493,375
"8892",127644,-19.1984100341797,-44.5067558288574,8.24501169063296e-05,1.79239384578977e-06,1.80343176907627e-05,41158.6140000275,4.3563461477895,828
"8893",127648,-19.1704177856445,-44.3685607910156,0.0003011382104887,6.54648283671122e-06,1.95697848539567e-05,34914.1826163137,2.80735020864742,452
"8894",127652,-19.1425323486328,-44.229434967041,0.0001806228528948,3.92658375858446e-06,1.03868051155587e-05,34253.2974303118,2.57949748882773,969
"8895",127653,-19.1355762481689,-44.1944961547852,0.0003012697661688,6.54934274280095e-06,1.01884816103848e-05,35070.0879676046,11.0744725964932,528
"8896",127654,-19.128625869751,-44.1594924926758,1.69347292739985e-05,3.68146288565185e-07,1.078019340639e-05,36249.6438806224,4.89948176572105,626
"8897",127656,-19.1147384643555,-44.0892715454102,0.0003920703584299,8.52326866151998e-06,1.119549779105e-05,39565.8333131985,3.04759159045338,951
"8898",127657,-19.1078014373779,-44.0540504455566,1.88953666935276e-06,4.10768841163645e-08,1.26513796203653e-05,41630.2730518389,5.05043449939234,594
"8899",127660,-19.0870151519775,-43.947940826416,0.0006322873487079,1.3745377145824e-05,1.13780351966852e-05,49047.3182256646,7.23424922670847,742
"8900",127661,-19.0800933837891,-43.912410736084,0.0002742540991675,5.9620456340781e-06,1.04631972135394e-05,51836.6068353882,5.94036732083153,149
"8901",127662,-19.0731754302979,-43.8768005371094,0.0015744324409752,3.42267921951134e-05,1.38674886329682e-05,54747.895803598,3.58366720202862,624
"8902",127663,-19.0662593841553,-43.8411064147949,0.000955756764597,2.07773209695006e-05,1.05590215753182e-05,57764.742025255,2.31447593024449,499
"8903",127664,-19.05934715271,-43.8053207397461,0.0001007701971502,2.19065645978844e-06,9.75449620455038e-06,60764.231404046,1.91184764586563,412
"8904",127665,-19.0524349212646,-43.7694511413574,2.63753920535237e-05,5.7337808812008e-07,9.76750288828043e-06,63181.1767597692,2.1394303013913,493
"8905",127667,-19.0386199951172,-43.697437286377,0.0002364414322073,5.14003113494255e-06,8.24996459414251e-06,68408.1777975007,2.27720368470228,651
"8906",127668,-19.0317134857178,-43.6612892150879,0.0001997133831537,4.34159528595046e-06,8.25116694613826e-06,71192.9185593643,2.29749354345803,3
"8907",127669,-19.024808883667,-43.6250419616699,0.0005146131043147,1.11872413981473e-05,6.94576328896801e-06,74077.0180404512,2.4025557469911,655
"8908",127670,-19.0179061889648,-43.5886993408203,0.0004617349168256,1.00377155831666e-05,8.2303613453405e-06,77050.5650491567,2.63205610888019,693
"8909",127671,-19.0110015869141,-43.5522537231445,0.0003419599861445,7.43391274227179e-06,7.36310539650731e-06,80105.833083039,4.56588517810741,43
"8910",127672,-19.0040988922119,-43.5157051086426,0.0007846834232623,1.70583352883114e-05,9.70432665781118e-06,83234.9769906985,8.64987973644051,775
"8911",127982,-19.8165588378906,-47.4667549133301,0.0005413860762928,1.17692625281052e-05,1.14556905828067e-05,6189.18852055852,56.2103341769523,406
"8912",127983,-19.8075733184814,-47.4306182861328,0.0004823335784749,1.04855125755421e-05,1.04122891571024e-05,5882.14369150116,1.82658805453674,8
"8913",127984,-19.7986316680908,-47.3945770263672,0.0011193101163371,2.43328286160249e-05,1.25643446153845e-05,7800.90344441082,1.71112862209157,355
"8914",127985,-19.7897319793701,-47.3586273193359,0.0005560234185395,1.20874656204251e-05,1.14957620098721e-05,10808.6858425621,1.68529346207288,922
"8915",127986,-19.7808723449707,-47.3227653503418,0.0012943892434123,2.81388965959195e-05,1.45050580613315e-05,14222.9662645553,1.56678327564807,739
"8916",127987,-19.7720565795898,-47.2869987487793,0.0007173748599598,1.55951056513004e-05,9.91410252026981e-06,17804.1577914072,1.47253855496822,754
"8917",127988,-19.7632789611816,-47.2513122558594,0.0003153622055833,6.8557001213776e-06,1.08666426967829e-05,21464.7859281224,1.43195599566754,974
"8918",127989,-19.7545433044434,-47.2157135009766,0.0009097237816604,1.97766039491398e-05,1.06298366517876e-05,25165.157930498,1.41282869940914,721
"8919",127990,-19.7458457946777,-47.1801986694336,0.0007790978816046,1.69369104696671e-05,1.26785853353795e-05,28886.5873939437,1.39918549155125,774
"8920",127991,-19.7371864318848,-47.1447639465332,0.0002161975880881,4.69994756713277e-06,1.36979115268332e-05,32618.9008831786,1.38614704723661,875
"8921",127992,-19.7285652160645,-47.1094093322754,0.0004797672281711,1.04297223515459e-05,1.27063240142888e-05,32251.3638468288,1.36064719245397,523
"8922",127993,-19.7199821472168,-47.0741271972656,0.0004720621527667,1.02622207123204e-05,1.10301307358895e-05,29755.3210589687,1.19709542010592,622
"8923",127994,-19.7114372253418,-47.0389213562012,0.0001055045490829,2.29357715397782e-06,1.08115882540005e-05,27556.8659753878,1.45976047000653,435
"8924",127995,-19.7029266357422,-47.003791809082,7.65689462696173e-05,1.66454231020907e-06,1.04540595202707e-05,25728.8706559902,1.87205907803574,523
"8925",127996,-19.6944541931152,-46.9687309265137,0.0012839758237532,2.791251790768e-05,1.39998055601609e-05,24350.1182404667,1.85148555697358,763
"8926",127997,-19.6860160827637,-46.9337387084961,0.0001824755308916,3.96685936721042e-06,1.30626522150123e-05,23496.3867087952,2.32045863645694,9
"8927",127998,-19.6776123046875,-46.898811340332,0.0004751607502839,1.03295815279125e-05,1.1541053027031e-05,23221.7461572651,3.60142243103414,755
"8928",127999,-19.6692428588867,-46.8639526367188,0.0003320501555208,7.21848164175753e-06,1.03283500720863e-05,23542.9426194284,2.23177303937311,282
"8929",128001,-19.6526031494141,-46.7944221496582,0.00039465210466,8.57939357956639e-06,1.07472615127335e-05,25830.3013109409,2.05170465140295,99
"8930",128002,-19.6443347930908,-46.7597465515137,0.0010511374566704,2.28508142754436e-05,1.12748557512532e-05,27654.8994821488,2.09710101268539,485
"8931",128003,-19.6360969543457,-46.7251281738281,0.0005723189187847,1.2441715625755e-05,1.07209070847603e-05,29826.4981855925,1.86488712522266,754
"8932",128004,-19.6278896331787,-46.6905670166016,0.0006579109394806,1.43024117278401e-05,1.08717531475122e-05,32272.8603574902,1.84897889943751,360
"8933",128005,-19.6197147369385,-46.6560592651367,0.0008205950070987,1.7839021893451e-05,1.12730422188179e-05,34934.2662894942,1.75679694893008,323
"8934",128006,-19.6115703582764,-46.6216049194336,0.0006386333989212,1.38833347591572e-05,1.19642390927766e-05,37763.6114634175,1.76335627950169,676
"8935",128007,-19.6034564971924,-46.5872039794922,0.0012401283929648,2.69593128905399e-05,1.13730384327937e-05,40724.2243928121,1.99865681191341,833
"8936",128010,-19.5792903900146,-46.4842796325684,0.0003369944442965,7.32596618036041e-06,1.3538353414333e-05,50146.7891505736,2.20159764216853,655
"8937",128011,-19.5712928771973,-46.4500617980957,0.000503760691572,1.09513193820021e-05,1.17929785119486e-05,53411.4147266468,2.18132291836827,990
"8938",128012,-19.5633220672607,-46.415885925293,1.09003426302934e-05,2.36963970223769e-07,1.05998515209649e-05,56718.9810345595,1.95914610854146,775
"8939",128013,-19.5553798675537,-46.3817520141602,0.0005809205977129,1.26287086459342e-05,9.61429486778798e-06,60061.3648012521,1.3008523537845,912
"8940",128014,-19.5474643707275,-46.34765625,0.0002543596756368,5.52955816601752e-06,1.59150786203099e-05,63432.6458710835,1.33876356140538,417
"8941",128015,-19.5395736694336,-46.3135948181152,0.0002415471271888,5.25102450410486e-06,1.09026850623195e-05,66828.1516945827,1.40403188986243,776
"8942",128016,-19.5317115783691,-46.2795715332031,0.000932512764848,2.0272016627132e-05,1.24907401186647e-05,70243.1648027054,1.74071266606563,917
"8943",128019,-19.5082721710205,-46.1776962280273,0.0003312636454211,7.20138359611155e-06,1.58666662173346e-05,80578.6202414742,2.29464265213788,456
"8944",128020,-19.500509262085,-46.143798828125,0.0009733041879371,2.11587866942864e-05,1.18057459985721e-05,84046.3143058364,2.4210940628427,25
"8945",128021,-19.492769241333,-46.1099281311035,0.0009249755385098,2.010816388065e-05,1.13480018626433e-05,87522.7424687135,2.92684469114345,470
"8946",128022,-19.4850540161133,-46.0760803222656,0.0005496431040228,1.19487631309312e-05,1.11262570499093e-05,91006.755112374,2.3942669611129,615
"8947",128023,-19.4773616790771,-46.0422592163086,0.000226777015996,4.9299351303489e-06,9.24607411434408e-06,94496.9256227084,1.88871875743296,805
"8948",128024,-19.469690322876,-46.0084571838379,0.0005154158679943,1.12046927824849e-05,1.11311819637194e-05,97572.7993997908,2.25311175492163,18
"8949",128025,-19.462043762207,-45.9746780395508,0.000156222966325,3.39615144184791e-06,9.94751098915003e-06,96977.0819879839,2.52391543491592,703
"8950",128026,-19.454418182373,-45.94091796875,0.0005116847823956,1.11235822259914e-05,1.17720410344191e-05,96510.9757969124,1.42763526179863,764
"8951",128027,-19.446813583374,-45.9071769714355,0.0004051798223372,8.80825700733112e-06,1.04954278867808e-05,96176.0874828182,0.969781172575151,817
"8952",128028,-19.43922996521,-45.8734512329102,0.0002922517069237,6.35329797660233e-06,1.03385609691031e-05,95973.4054826998,0.81824258463481,178
"8953",128029,-19.4316673278809,-45.8397369384766,0.0002524947603887,5.48901653019129e-06,1.4294775610324e-05,95903.4405625992,7.96364458269696,395
"8954",128030,-19.4241256713867,-45.806037902832,0.0001194596279674,2.59694843407487e-06,1.40793672471773e-05,95966.3701916579,14.8887817682484,884
"8955",128031,-19.4166030883789,-45.7723503112793,0.000421103226472,9.15441796678351e-06,1.12792886284296e-05,96161.8453457116,3.1964086949483,340
"8956",128032,-19.4091014862061,-45.7386703491211,0.0003628198974183,7.88738907431252e-06,9.30034366319887e-06,96039.9712092827,1.57179877773008,967
"8957",128033,-19.4016189575195,-45.7049980163574,0.0002515620308258,5.46873980056262e-06,1.03302036222885e-05,93179.9752005275,0.909658051730871,475
"8958",128034,-19.3941555023193,-45.6713333129883,0.0002023650176852,4.39923951489618e-06,8.385081855522e-06,90371.9422161613,1.09753653873455,789
"8959",128035,-19.3867092132568,-45.6376724243164,0.0005201056010264,1.13066435005749e-05,9.42833412409527e-06,87620.4593477813,1.43321916432243,524
"8960",128036,-19.3792819976807,-45.6040153503418,0.0006889558208058,1.49773004523013e-05,1.11841873149388e-05,84930.8157582277,1.53466362112467,879
"8961",128037,-19.3718738555908,-45.5703582763672,0.0003085118551098,6.7067794589093e-06,1.02444437288796e-05,82308.619185754,1.64154645144701,676
"8962",128038,-19.36448097229,-45.5367012023926,0.0005261086735117,1.14371450763429e-05,1.02701760624768e-05,79760.6835367358,1.28733463323978,503
"8963",128039,-19.3571071624756,-45.503044128418,0.0004781923671544,1.03954862424871e-05,9.69728625932476e-06,77294.0600362664,1.07882948960936,862
"8964",128041,-19.3424072265625,-45.435718536377,0.0010727314984251,2.33202499657637e-05,1.11308809209731e-05,72637.0611477262,0.985470874853441,457
"8965",128042,-19.3350830078125,-45.4020462036133,0.0003072384488405,6.67909671392408e-06,1.20508293548482e-05,70464.5019113368,0.994182415601256,804
"8966",128043,-19.3277740478516,-45.3683662414551,0.0009434630337636,2.05100659513846e-05,1.05505851024645e-05,68409.3611938428,1.35386941969736,592
"8967",128044,-19.3204803466797,-45.3346748352051,0.0004500194954744,9.7830325103132e-06,1.28576430142857e-05,66482.3154822553,1.4887758860567,456
"8968",128045,-19.3132019042969,-45.3009719848633,0.000482417670355,1.04873406598927e-05,1.23113431982347e-05,64694.9410509085,1.54180495392942,10
"8969",128047,-19.2986888885498,-45.2335319519043,0.0010272157851432,2.23307779378956e-05,1.19148662633961e-05,61587.6306429913,101.947620940012,500
"8970",128048,-19.2914524078369,-45.1997871398926,0.0004075976103194,8.86081761564128e-06,9.68944641499547e-06,60291.8266143216,1.48023245786321,684
"8971",128049,-19.2842311859131,-45.1660270690918,0.0005843426770297,1.27031016745605e-05,1.17597319331253e-05,59183.6839622869,1.420059254586,65
"8972",128051,-19.2698307037354,-45.0984420776367,0.0002143128212992,4.65897437607055e-06,1.27837238323991e-05,57572.4200300204,1.16370115310126,681
"8973",128053,-19.2554798126221,-45.0307693481445,0.0006702847877022,1.457140842831e-05,1.15732063932228e-05,56824.4627074893,72.0879412006644,749
"8974",128055,-19.2411785125732,-44.9629936218262,0.0006890566055517,1.49794914250378e-05,1.09672009784845e-05,56976.5069263868,491.612941865239,23
"8975",128056,-19.2340450286865,-44.9290657043457,0.000378669166821,8.23193840915337e-06,1.07235473478795e-05,57390.6794324914,2.267257513528,916
"8976",128057,-19.2269248962402,-44.8951034545898,0.0002022986645897,4.39779705629917e-06,1.31580454763025e-05,58025.1049222067,2.14280947447033,349
"8977",128058,-19.2198143005371,-44.8611106872559,0.0003862068533635,8.3958011600771e-06,1.06209972727811e-05,58873.6480059469,2.11691254976223,570
"8978",128059,-19.2127151489258,-44.8270835876465,0.0004561141904559,9.91552587947808e-06,1.3618492630485e-05,59927.5614694547,1.82843028688518,1006
"8979",128061,-19.1985473632812,-44.7589225769043,4.60018616195157e-05,1.00004046998947e-06,1.92267343663843e-05,62610.7248861355,3.40734072130048,757
"8980",128063,-19.184419631958,-44.6906051635742,4.41663000856352e-05,9.60136958383373e-07,1.03805541584734e-05,57423.6084672484,1.52362052603717,608
"8981",128066,-19.1632957458496,-44.5878105163574,0.0012612705977517,2.74189260380808e-05,1.67812377185328e-05,50056.863825314,2.10923606018533,705
"8982",128067,-19.1562728881836,-44.5534515380859,0.0003681861307995,8.00404632173013e-06,2.05589130928274e-05,47895.045583182,61.8753928660645,31
"8983",128068,-19.1492576599121,-44.51904296875,0.0009578357166901,2.08225155802211e-05,1.35758882606751e-05,45917.6292637342,77.4111735172867,825
"8984",128070,-19.1352500915527,-44.4500770568848,0.0006709625013172,1.4586141332984e-05,1.40312386065489e-05,42621.3890066253,3.36820876899487,767
"8985",128071,-19.1282558441162,-44.4155120849609,7.88589804869844e-05,1.71432566276053e-06,1.19745845950092e-05,41357.4538934582,2.96102608854153,518
"8986",128073,-19.1142921447754,-44.3462104797363,0.0009305695311923,2.0229772417224e-05,1.24371217680164e-05,39726.9988766526,37.5997354554545,572
"8987",128074,-19.1073188781738,-44.3114738464355,0.0017395490649505,3.78162840206642e-05,1.99516671273159e-05,39401.186942534,81.4622546374498,699
"8988",128075,-19.1003532409668,-44.2766723632812,0.0002274709831908,4.94502137371455e-06,1.10386445157928e-05,39416.9278992978,6.51222970422944,332
"8989",128078,-19.0794887542725,-44.1718864440918,3.17491585022367e-07,6.90199097874711e-09,1.21882312669186e-05,41485.9020634384,3.76553536005604,128
"8990",128081,-19.0586719512939,-44.066478729248,0.0002670847015906,5.80618916501408e-06,1.04843975350377e-05,46228.6288254735,3.07415070418253,730
"8991",128082,-19.0517406463623,-44.0311965942383,0.0002854716003639,6.20590435573831e-06,1.30856915347977e-05,48288.5394983733,20.1635651889783,434
"8992",128083,-19.0448131561279,-43.9958381652832,0.0002154412004529,4.68350435767206e-06,1.14768108687713e-05,50544.8634714917,29.6198399601109,394
"8993",128084,-19.0378913879395,-43.9603996276855,0.000759888702305,1.65193196153268e-05,1.04214868770214e-05,52974.1487612704,6.22947160742457,518
"8994",128085,-19.0309715270996,-43.9248809814453,0.0007762673740217,1.68753776961239e-05,1.20650702228886e-05,55555.6891350518,6.03838058815711,480
"8995",128087,-19.0171413421631,-43.8535957336426,0.0005578617256105,1.2127428817621e-05,1.05970602817251e-05,61103.3865271063,3.69577390506594,383
"8996",128088,-19.0102310180664,-43.8178253173828,0.000499772519106,1.08646199805662e-05,1.02753638202557e-05,64039.4317573167,2.51984785865269,709
"8997",128089,-19.0033226013184,-43.7819633483887,5.18951949857183e-06,1.12815641273301e-07,9.77929448708892e-06,67067.3357353421,2.1796560718287,1032
"8998",128405,-19.7673149108887,-47.4781074523926,0.0005909504998271,1.28467499962426e-05,9.864133062365e-06,11491.2218068344,1.87625090835371,625
"8999",128406,-19.7583293914795,-47.4419822692871,0.0005249907117104,1.14128415589221e-05,1.06555098682293e-05,11421.2334605118,1.70109786671685,605
"9000",128407,-19.7493877410889,-47.405948638916,0.0003553115802787,7.72416478866944e-06,9.5828636403894e-06,12599.8436929272,1.79840703328397,789
"9001",128408,-19.7404880523682,-47.3700141906738,0.0003379078034413,7.34582181394217e-06,1.17523723019985e-05,14721.9680218919,1.84748480477349,37
"9002",128409,-19.7316303253174,-47.3341636657715,0.0003876848622894,8.42793178890133e-06,9.76860883383779e-06,17440.1581474285,1.70486762828299,784
"9003",128410,-19.7228126525879,-47.2984085083008,0.0003641680450527,7.91669663158245e-06,1.04462251329096e-05,20512.8402112023,1.47409730771332,633
"9004",128411,-19.7140369415283,-47.2627372741699,0.0004605269641615,1.00114557426423e-05,1.14940339699388e-05,23798.6723738649,1.5115331298841,608
"9005",128412,-19.7052993774414,-47.2271499633789,0.0015747001962154,3.42326129612047e-05,1.46146858241991e-05,27216.7913240058,1.44142362460114,389
"9006",128413,-19.6966018676758,-47.1916427612305,0.0022291845380095,4.84605334349908e-05,1.95753291336587e-05,30719.7280812191,1.43893046027369,485
"9007",128414,-19.6879444122314,-47.1562194824219,0.0003490117178444,7.58721125748707e-06,1.19959840958472e-05,34278.1085712013,1.49183511828055,24
"9008",128415,-19.6793231964111,-47.1208763122559,0.0002309248166056,5.02010470881942e-06,1.02957874332787e-05,36352.1581438347,1.63513742288909,663
"9009",128416,-19.6707401275635,-47.0856094360352,0.0005979507095617,1.29989284687326e-05,1.05263325167471e-05,34183.6092236092,1.73518655238297,720
"9010",128419,-19.6452121734619,-46.9802436828613,0.0010413038107799,2.26370393647812e-05,1.21390676213196e-05,29684.3465935869,12.950179643002,110
"9011",128420,-19.6367740631104,-46.9452629089355,0.0005170104341232,1.12393572635483e-05,1.10240789581439e-05,29016.0270556513,183.25569621156,774
"9012",128421,-19.6283702850342,-46.9103469848633,0.000530847815753,1.15401699076756e-05,1.12528514364385e-05,28821.4104819034,1046.65925634388,386
"9013",128422,-19.6200008392334,-46.8754997253418,0.0007315396142075,1.59030350914691e-05,1.05701665233937e-05,29107.1645320406,19.6169169621554,345
"9014",128423,-19.611665725708,-46.8407135009766,0.0003183128264936,6.91984405420953e-06,1.11382050818065e-05,29856.5672823476,1.8673583677393,986
"9015",128424,-19.603364944458,-46.8059921264648,0.0001917725367093,4.1689681893331e-06,1.0686382665881e-05,31033.4496309971,2.14487381618448,286
"9016",128425,-19.5950946807861,-46.7713279724121,0.0007662905627512,1.66584904945921e-05,1.08747744889115e-05,32589.577283925,1.83803777072098,108
"9017",128426,-19.586856842041,-46.7367210388184,0.0001948192775671,4.23520168624236e-06,1.03440133898403e-05,34471.3019882923,1.31307620308054,804
"9018",128427,-19.5786514282227,-46.7021713256836,0.0006266328600759,1.36224534799112e-05,1.02193189377431e-05,36626.4614385427,1.0885316478897,974
"9019",128428,-19.5704765319824,-46.6676750183105,0.0008633149373054,1.87677160283783e-05,1.10460368887288e-05,39008.2470224009,1.04708932790292,473
"9020",128429,-19.5623340606689,-46.6332321166992,0.0004773996442963,1.03782531368779e-05,9.8863465609611e-06,41575.8969750158,0.799793550634495,471
"9021",128430,-19.554220199585,-46.5988388061523,0.000213385886127,4.63882361145806e-06,1.18445150292246e-05,44296.1154753085,0.743020923332947,794
"9022",128431,-19.5461368560791,-46.5644950866699,0.0006974696843826,1.51623844431015e-05,1.45106914715143e-05,47140.9818404436,16.3398238306237,727
"9023",128432,-19.5380821228027,-46.530200958252,0.0010110633666045,2.19796384044457e-05,1.43408451549476e-05,50088.1427820391,0.371175002797451,609
"9024",128433,-19.5300559997559,-46.4959487915039,0.0005285534462018,1.14902923087357e-05,1.24834050438949e-05,53119.9191422472,1.3089227971062,19
"9025",128434,-19.5220584869385,-46.461742401123,0.0002597704651634,5.64718402529252e-06,1.05951949080918e-05,56221.3679580281,1.67089302235781,425
"9026",128435,-19.514087677002,-46.4275779724121,0.0004887085378868,1.06240986497141e-05,1.02699123090133e-05,59381.0127670281,1.51066750346477,618
"9027",128436,-19.5061454772949,-46.3934516906738,0.0004209984672343,9.15214059205027e-06,1.66777208505664e-05,62589.3301856376,1.55013861515562,43
"9028",128439,-19.482479095459,-46.2913055419922,0.0003593369037844,7.81167182140052e-06,1.03838347058627e-05,72434.6913101385,1.92637963183005,711
"9029",128440,-19.4746417999268,-46.2573280334473,0.0004998856038582,1.08670783447451e-05,9.78650496108457e-06,75772.4771464353,1.91103626151933,694
"9030",128443,-19.4512805938721,-46.155574798584,0.0011893169830727,2.58547170233214e-05,1.20351905934513e-05,85903.7673531934,1.81316236355105,364
"9031",128444,-19.4435424804688,-46.1217155456543,0.0012457947632356,2.7082494852948e-05,1.83583651960362e-05,89311.4390112971,1.64315367935399,332
"9032",128445,-19.435827255249,-46.0878791809082,0.0013742570336035,2.98751529044239e-05,2.4903092707973e-05,92731.5466758039,1.53592090164769,301
"9033",128446,-19.4281349182129,-46.054069519043,0.0006444212631322,1.40091578941792e-05,1.00423476396827e-05,96162.0980107643,1.684831210452,309
"9034",128447,-19.4204654693604,-46.0202789306641,0.0004224140975566,9.18291516427416e-06,1.02242165667121e-05,99602.335115668,1.71304637781119,25
"9035",128448,-19.4128189086914,-45.9865112304688,0.0006668551359325,1.44968507811427e-05,1.60203944687964e-05,102511.757713387,1.89136938070356,454
"9036",128449,-19.4051933288574,-45.9527626037598,0.0007305237340915,1.58809507411206e-05,2.05619398911949e-05,102074.625890273,1.87894802351752,648
"9037",128450,-19.397590637207,-45.9190292358398,0.0004563152579066,9.9198969110148e-06,1.48875842569396e-05,101761.25327133,1.69332229871337,972
"9038",128451,-19.390007019043,-45.8853149414062,0.0009556976074236,2.07760349439923e-05,1.70083585544489e-05,101573.072677096,1.38547551297893,675
"9039",128452,-19.3824462890625,-45.8516120910645,0.0004159513227932,9.04242006072309e-06,1.78653899638448e-05,101509.925986039,0.885807810091192,751
"9040",128453,-19.3749046325684,-45.8179206848145,0.0001398111494381,3.03937281387334e-06,1.1855260709126e-05,101572.276135471,0.819697052196775,695
"9041",128454,-19.3673839569092,-45.7842445373535,0.0002249085655421,4.88931664222036e-06,9.22687104321085e-06,101759.573658945,0.820478820352932,504
"9042",128455,-19.3598823547363,-45.7505760192871,0.0004604134610417,1.00089882835164e-05,9.03002637642203e-06,99430.7392303454,0.791493244036247,629
"9043",128456,-19.3524017333984,-45.7169151306152,0.0002671624970389,5.80788037041202e-06,9.93695721263066e-06,96674.4930701697,0.817558050704343,18
"9044",128457,-19.3449382781982,-45.6832580566406,0.000899340986507,1.9550891011022e-05,9.12054110813187e-06,93973.9695423752,1.09619785387746,423
"9045",128458,-19.3374938964844,-45.6496086120605,0.0008815714936645,1.91645976883592e-05,9.93355570244603e-06,91334.2505795451,1.69764234916172,555
"9046",128459,-19.3300666809082,-45.6159629821777,0.0004446428029041,9.66614788922016e-06,9.38473112910287e-06,88760.3828848715,2.10354459877316,580
"9047",128460,-19.3226585388184,-45.5823173522949,0.0008960588929767,1.94795411516679e-05,9.84432062978158e-06,86257.7115611637,2.21042088793861,86
"9048",128461,-19.3152694702148,-45.5486717224121,0.0004912786953354,1.06799716377282e-05,9.77968647930538e-06,83832.5507181753,1.90231018168564,739
"9049",128462,-19.3078956604004,-45.515022277832,0.0002664694293343,5.79281368118245e-06,9.68162476056023e-06,81491.6954969216,1.05271349628675,720
"9050",128463,-19.3005390167236,-45.481372833252,0.0007214628967631,1.56839760165894e-05,1.03283973658108e-05,79242.7915411434,1.02749246880016,905
"9051",128464,-19.2931976318359,-45.4477157592773,0.0002977326357722,6.47244860374485e-06,1.07023424789077e-05,77093.3681352979,1.10908538530219,399
"9052",128466,-19.2785663604736,-45.3803863525391,0.0005465211615955,1.18808948172955e-05,1.12956540760933e-05,73127.9786552984,1.88571645900425,352
"9053",128467,-19.2712726593018,-45.3467063903809,2.50190731776456e-05,5.43892895166209e-07,1.11796643977868e-05,71330.3639580484,2.23397645521496,947
"9054",128468,-19.2639961242676,-45.3130149841309,8.15706206935829e-06,1.77327436290398e-07,1.00284587460919e-05,69668.9240415767,2.11386675145399,369
"9055",128472,-19.2350311279297,-45.178108215332,0.0002432469127597,5.28797636434319e-06,1.72846084751654e-05,64586.6177533511,2.8549477447586,351
"9056",128474,-19.2206325531006,-45.1105461120605,0.0010136707169294,2.20363199332496e-05,1.61245807248633e-05,63113.5328315347,1.14087209414073,289
"9057",128475,-19.213451385498,-45.076732635498,0.0010919812593783,2.37387230299646e-05,1.90556474990444e-05,62670.9879584862,1.21221306726163,63
"9058",128477,-19.1991291046143,-45.009033203125,0.0005425608942459,1.17948020488257e-05,1.50485302583547e-05,62395.8074782373,167.884835577088,498
"9059",128478,-19.1919860839844,-44.9751434326172,0.0011518935862113,2.50411649176385e-05,1.2782995327143e-05,62566.7374333281,94.4907639464605,962
"9060",128479,-19.1848545074463,-44.9412231445312,0.0008016956708161,1.74281667568721e-05,1.67902198882075e-05,62942.3717829106,2.64042175876127,730
"9061",128480,-19.177734375,-44.9072723388672,0.0007221224113891,1.56983132910682e-05,1.11608187580714e-05,63519.557476873,2.53640198707581,704
"9062",128481,-19.1706256866455,-44.873291015625,9.88265032901836e-05,2.14840224543877e-06,1.06693596535479e-05,64293.3398219886,2.52398167069621,646
"9063",128482,-19.1635284423828,-44.8392753601074,0.0004586294999171,9.97020651993807e-06,1.19254436867777e-05,65257.2229588858,2.42971424906844,477
"9064",128483,-19.1564407348633,-44.8052215576172,0.0003246918649892,7.05851880411501e-06,1.15415587060852e-05,66403.7126412455,6.07101997416714,465
"9065",128484,-19.1493625640869,-44.7711334228516,0.0006518592526845,1.41708533192286e-05,1.15087086669519e-05,66597.9486644198,9.45325987792621,36
"9066",128486,-19.1352367401123,-44.7028388977051,0.0006580474528163,1.4305379409052e-05,1.47772698255721e-05,61458.5500295404,1.79156094997298,361
"9067",128487,-19.1281890869141,-44.668628692627,0.0002277171297464,4.95037238579243e-06,1.13781889012898e-05,59049.5234677721,2.44797404748407,512
"9068",128488,-19.1211490631104,-44.6343727111816,2.40304787979539e-06,5.22401712998999e-08,1.25956867123023e-05,56766.9056939651,6.21175354281571,653
"9069",128489,-19.1141185760498,-44.6000709533691,7.48770050904568e-05,1.62776098022732e-06,1.16049204734736e-05,54627.2906012815,8.4888099507721,737
"9070",128490,-19.1070976257324,-44.5657234191895,0.0003144286392853,6.83540520185488e-06,9.71840563579462e-06,52649.0316326692,6.91822767443226,24
"9071",128491,-19.1000823974609,-44.5313301086426,0.0013556641933973,2.94709607260302e-05,2.27682594413636e-05,50852.2381415129,2.78111003662011,746
"9072",128492,-19.0930767059326,-44.4968795776367,0.0011782769324781,2.56147159234388e-05,2.75908951152815e-05,49256.7304931377,3.30485391616821,997
"9073",128494,-19.0790882110596,-44.4278259277344,0.0012691260344581,2.75896964012645e-05,2.50213706749491e-05,46756.2035246629,1.70087412772489,404
"9074",128495,-19.0721035003662,-44.3932151794434,0.0002851347726391,6.19858201389434e-06,2.31475205509923e-05,45891.0872016295,1.15516363412649,345
"9075",128496,-19.0651264190674,-44.3585472106934,8.03840609933104e-05,1.7474795868111e-06,1.20720023915055e-05,45305.422549914,1.46294774474539,989
"9076",128500,-19.0372791290283,-44.2192611694336,0.0001615409305486,3.51175935975334e-06,1.21131834021071e-05,45923.6229941305,3.54287271029165,364
"9077",128501,-19.0303325653076,-44.1842765808105,0.0010046560673799,2.18403492908692e-05,1.49244397107395e-05,46811.0017713835,5.66750900717333,25
"9078",128502,-19.0233898162842,-44.1492233276367,0.0011467834774521,2.49300755967852e-05,1.79474045580719e-05,47970.3474795741,4.29676298252148,474
"9079",128503,-19.0164527893066,-44.1140975952148,0.0009022929043567,1.96150631381897e-05,1.97388417291222e-05,49383.9404979923,3.42693254301997,953
"9080",128504,-19.0095195770264,-44.0788993835449,0.0002604666287879,5.66231801713002e-06,1.05624885691213e-05,51032.4419991995,46.2754051314088,751
"9081",128505,-19.0025901794434,-44.043628692627,6.18736967226141e-05,1.34508036353509e-06,1.14960203063674e-05,52895.4315420885,43.3212596414401,815
"9082",128829,-19.7180728912354,-47.4894409179688,0.00055193713888,1.19986334539135e-05,1.47617356560659e-05,16983.2971229283,1.59979308500096,601
"9083",128830,-19.7090873718262,-47.4533271789551,0.0004681712089222,1.01776349765714e-05,1.16234659799375e-05,16998.5766894337,1.68994436453066,511
"9084",128831,-19.7001457214355,-47.417308807373,0.0009311315661761,2.02419905690476e-05,1.13533596959314e-05,17869.9777500004,1.8986590281651,452
"9085",128832,-19.6912460327148,-47.3813819885254,0.0002734198114922,5.94390894548269e-06,1.09772654468543e-05,19476.8317359926,2.35340108479474,355
"9086",128833,-19.6823883056641,-47.3455467224121,0.0004953779443894,1.07690857475973e-05,1.39300873343018e-05,21650.5002105857,2.31968787781054,695
"9087",128837,-19.6473617553711,-47.2030715942383,0.0003397723421585,7.38635526431608e-06,1.25195192595129e-05,33402.7095658163,1.82639203347169,488
"9088",128838,-19.6387023925781,-47.1676597595215,0.0007715927022218,1.67737543961266e-05,1.09802876977483e-05,36725.8767716646,1.96411240794981,56
"9089",128840,-19.6215000152588,-47.0970726013184,0.0006255281605263,1.35984382723109e-05,9.20575075724628e-06,38913.6927153127,2.05620224334056,532
"9090",128841,-19.6129550933838,-47.0618896484375,0.0004343927976151,9.44332168728579e-06,9.40186419029487e-06,37306.6194768166,2.02363845598667,685
"9091",128842,-19.6044464111328,-47.0267791748047,2.05727006346024e-05,4.47232622491356e-07,1.06742490970646e-05,36024.6584252444,9.91666227028906,749
"9092",128843,-19.5959720611572,-46.9917411804199,0.0001643060472815,3.57187059307762e-06,1.11669542093296e-05,35100.9712410226,152.428660931703,475
"9093",128844,-19.5875339508057,-46.9567718505859,0.0011611396766966,2.52421668847091e-05,1.15021093733958e-05,34561.2760242666,1637.06516817594,734
"9094",128845,-19.5791320800781,-46.9218673706055,0.0004118883462069,8.95409448276041e-06,1.08457488749991e-05,34420.9646112254,1638.20806733996,375
"9095",128846,-19.5707626342773,-46.8870315551758,0.0007957492452987,1.72988966369303e-05,1.22525225378922e-05,34682.9228868874,33.4632523187728,395
"9096",128847,-19.562427520752,-46.8522567749023,0.0003635961784311,7.90426474850392e-06,1.1482072295621e-05,35335.5058979164,11.2838072417245,300
"9097",128848,-19.554126739502,-46.8175430297852,0.000621658469754,1.35143145598704e-05,1.18317957458203e-05,36355.5093521136,3.07053877894943,77
"9098",128850,-19.5376205444336,-46.7482948303223,0.0008708462228241,1.89314396266127e-05,1.26811091831769e-05,39366.3695380541,0.691581075542969,553
"9099",128851,-19.5294151306152,-46.7137565612793,0.0002455128542351,5.33723596163327e-06,9.23790776141686e-06,41282.9089819203,1.51044753774923,41
"9100",128853,-19.5130977630615,-46.6448402404785,0.0005194252516957,1.12918532977346e-05,9.96867311187088e-06,45759.0693877031,2.56625665487105,787
"9101",128854,-19.5049839019775,-46.6104583740234,0.0018089329823851,3.93246300518513e-05,1.71072679222561e-05,48256.6092005618,2.08277293013527,613
"9102",128856,-19.4888477325439,-46.5418395996094,0.0009637063340051,2.09501376957633e-05,1.50734867929714e-05,53644.1505836099,428.1645561155,506
"9103",128857,-19.4808216094971,-46.5076026916504,0.0011882451253768,2.5831415769062e-05,2.05445358005818e-05,56494.8547232346,204.795351398226,531
"9104",128859,-19.4648551940918,-46.4392509460449,0.0003427740875849,7.45161059967359e-06,1.01534915302182e-05,62435.0193820564,1.9000637319806,586
"9105",128860,-19.4569129943848,-46.4051399230957,0.0009311969151895,2.02434111997718e-05,1.41462651299662e-05,65501.0794278581,1.96487563298433,388
"9106",128861,-19.4489994049072,-46.3710632324219,0.0010919424348685,2.37378790188814e-05,2.35195566347102e-05,68619.2294687826,1.93274094771741,412
"9107",128862,-19.4411106109619,-46.337028503418,0.0007622781668032,1.65712644957239e-05,3.08047274302226e-05,71781.7465019963,1.94679337010717,511
"9108",128865,-19.4176006317139,-46.2351188659668,0.000876589823747,1.90563005162403e-05,1.17875861178618e-05,81481.0209752232,1.43984255818823,98
"9109",128866,-19.4098148345947,-46.2012138366699,0.000705687511072,1.53410328493919e-05,1.23643039842136e-05,84769.6209903593,1.33758233343546,581
"9110",128868,-19.3943138122559,-46.133487701416,0.0003727771290868,8.10385063232388e-06,9.3710996225127e-06,91410.8319233524,29.1015238969039,421
"9111",128869,-19.3866004943848,-46.0996627807617,1.28553474496584e-05,2.79464074992575e-07,1.49317984323716e-05,94758.3685456393,28.5245904746826,770
"9112",128870,-19.3789081573486,-46.065860748291,0.0005619549083348,1.22164110507583e-05,1.33170033222996e-05,98121.3965512546,9.68802575089663,938
"9113",128871,-19.3712406158447,-46.0320854187012,0.0008538657712051,1.85622993740253e-05,2.31043213716475e-05,101497.506220882,3.77714066500634,1001
"9114",128872,-19.3635940551758,-45.9983253479004,0.0004676930566347,1.01672403616249e-05,9.70085784501862e-06,104886.315110267,3.47918989807676,350
"9115",128873,-19.3559703826904,-45.9645881652832,0.0004595723330567,9.99070289253723e-06,2.04075386136537e-05,107641.902732438,2.90972900011616,288
"9116",128874,-19.34836769104,-45.9308662414551,0.0003424324067964,7.44418275644421e-06,2.07733082788764e-05,107348.200554332,2.51738730071473,268
"9117",128878,-19.3181648254395,-45.7961235046387,0.0004112923816137,8.94113873073366e-06,9.16512544790749e-06,105723.110551364,0.554762162397055,60
"9118",128879,-19.3106651306152,-45.7624626159668,0.000137899261972,2.9978100428707e-06,1.10811088234186e-05,103013.482755473,0.78053000828844,557
"9119",128880,-19.3031826019287,-45.7288131713867,0.0004762713069794,1.03537240647711e-05,1.14017639134545e-05,100359.224956062,0.545918506237206,107
"9120",128881,-19.2957210540771,-45.6951713562012,0.0005043097989982,1.09632564999629e-05,8.76943431649124e-06,97764.1136009122,1.11437884744376,460
"9121",128884,-19.2734451293945,-45.5942573547363,0.0003730488169821,8.1097568909172e-06,9.05635079107014e-06,90380.7068087405,36.4460171735583,664
"9122",128885,-19.266056060791,-45.5606231689453,0.0001146851127487,2.49315462497179e-06,9.13998883333988e-06,88072.001313936,131.474459547364,1008
"9123",128887,-19.2513275146484,-45.4933471679688,0.0015973514528013,3.47250315826386e-05,1.29746431412059e-05,83720.1932830929,1.63677311089202,452
"9124",128888,-19.2439880371094,-45.4597015380859,0.0005606657923635,1.21883867905126e-05,1.01860950962873e-05,81690.9106546773,1.90318404370881,624
"9125",128889,-19.236665725708,-45.4260520935059,0.0005537481265491,1.20380027510691e-05,9.18266778171528e-06,79769.5016916704,2.07992088928472,360
"9126",128890,-19.2293586730957,-45.392391204834,0.0003802694645855,8.26672749099089e-06,1.07505220512394e-05,77963.5611003565,2.25044916343905,426
"9127",128891,-19.2220668792725,-45.3587226867676,0.0006715892577631,1.45997664731112e-05,1.01935056591174e-05,76281.6528597339,2.09803073520754,518
"9128",128892,-19.2147903442383,-45.3250427246094,0.0009818380494834,2.1344305423554e-05,1.2306368262216e-05,74731.9672372342,1.91546984614993,500
"9129",128893,-19.2075290679932,-45.2913475036621,0.0006365142417052,1.38372661240282e-05,1.04117771115853e-05,73322.7758175629,1.78226178654404,156
"9130",128894,-19.2002811431885,-45.257640838623,0.001030118753988,2.23938859562622e-05,1.67653797689127e-05,72062.8848528999,1.78226176580756,629
"9131",128895,-19.1930484771729,-45.2239189147949,0.0007659612238057,1.66513309522998e-05,1.55589114001486e-05,70959.9930099915,1.80092439003981,716
"9132",128897,-19.1786251068115,-45.1564178466797,1.46143581787328e-05,3.17703438668104e-07,1.24556463561021e-05,69254.7813981801,1.67816863367439,761
"9133",128898,-19.1714324951172,-45.1226348876953,0.0002594955140011,5.64120682611247e-06,1.20844188131741e-05,68665.4479279362,1.28215506029656,1015
"9134",128899,-19.1642551422119,-45.0888328552246,0.0005877457624592,1.27770817925921e-05,9.47594526223838e-06,68258.3483791945,1.18511666710768,387
"9135",128900,-19.1570873260498,-45.0550079345703,6.84678389006876e-05,1.48843128044973e-06,1.45765598063008e-05,68037.5140738078,1.06850270072034,346
"9136",128901,-19.1499347686768,-45.0211524963379,0.0004201897627353,9.134560059465e-06,1.01207042462192e-05,68004.3060160426,3.54790847785536,1421
"9137",128902,-19.1427917480469,-44.9872741699219,0.000589397854128,1.28129968288704e-05,1.56828918989049e-05,68160.1772326745,1.13910486341057,297
"9138",128903,-19.1356620788574,-44.9533653259277,0.000852499550092,1.85325989150442e-05,1.4977292266849e-05,68503.6648916089,8.13485873739484,409
"9139",128904,-19.1285438537598,-44.9194259643555,0.0010730093781603,2.33262908295728e-05,2.5547811674187e-05,69032.6130380964,12.9344449097377,12
"9140",128905,-19.1214351654053,-44.8854522705078,0.0002410807519481,5.24088591191685e-06,1.11812751129037e-05,69743.451414884,2.50929245658338,388
"9141",128906,-19.1143398284912,-44.851448059082,0.0004515433993219,9.81616085482528e-06,1.16309192890185e-05,70630.7418144492,2.69109939637167,77
"9142",128907,-19.1072521209717,-44.8174057006836,0.0016645796058583,3.61865131708328e-05,1.75061995832948e-05,71689.0639204662,4.62821775070896,456
"9143",128911,-19.079008102417,-44.680850982666,0.0001721434941828,3.74224987353955e-06,1.25143460536492e-05,63473.7968892719,1.46639175596095,631
"9144",128912,-19.0719699859619,-44.6466064453125,0.0001207842319672,2.62574417320138e-06,1.83196098078042e-05,61352.9723739494,0.950911393037617,925
"9145",128914,-19.0579204559326,-44.5779800415039,6.77771872688027e-05,1.47341711453919e-06,1.0966601621476e-05,57556.7460013449,0.718419957392147,409
"9146",128915,-19.0509071350098,-44.5435943603516,0.0008322714784299,1.8092858226737e-05,1.35544878503424e-05,55913.2541558519,7.88828750932235,754
"9147",128917,-19.0369071960449,-44.4746704101562,0.0005620112624455,1.22176361401216e-05,1.65632773132529e-05,53218.2983701606,2.40373716137917,304
"9148",128918,-19.0299167633057,-44.4401245117188,0.0008095529483398,1.75989771378227e-05,1.333110685664e-05,52199.5168813438,1.13731947220937,458
"9149",128919,-19.0229339599609,-44.4055252075195,0.0002407571446383,5.23385097039863e-06,1.00577481134678e-05,51419.7155802681,0.915439319207506,542
"9150",128920,-19.0159587860107,-44.3708686828613,0.0006487423725047,1.41030950544518e-05,1.09387938209693e-05,50890.8901761914,0.983902082237462,568
"9151",128921,-19.0089893341064,-44.3361511230469,0.0007230113587866,1.57176382344915e-05,2.38442662521265e-05,50622.2408480114,1.18393737780757,21
"9152",128922,-19.0020275115967,-44.3013725280762,0.0003557765121513,7.73427200329024e-06,1.62688993441407e-05,50619.0239659765,1.48776188024332,647
"9153",129255,-19.6598377227783,-47.464656829834,0.0003110543584625,6.76205127092544e-06,1.05650115074241e-05,22586.4980679354,1.48741914809047,531
"9154",129256,-19.6508941650391,-47.4286499023438,0.0005182878776395,1.12671277747722e-05,1.16377623271546e-05,23294.599344919,2.58250392569977,748
"9155",129257,-19.6419944763184,-47.3927345275879,0.0007452337886206,1.62007345352322e-05,1.17771123768762e-05,24590.5942004008,4.04202672788225,735
"9156",129258,-19.6331367492676,-47.3569107055664,0.0001756931233103,3.8194157241378e-06,1.09201755549293e-05,26383.6360437303,4.39928533449762,1059
"9157",129259,-19.6243209838867,-47.321174621582,0.0008192768982553,1.78103673533769e-05,2.00499725906411e-05,28576.2972648147,1.98659896666435,388
"9158",129260,-19.6155452728271,-47.2855262756348,0.0006414075523935,1.3943642443337e-05,2.5217465008609e-05,31080.613555354,1.73734321245566,420
"9159",129261,-19.6068077087402,-47.2499618530273,0.0005141391775396,1.11769386421656e-05,2.16935550270136e-05,33824.4631590099,2.15085683664815,79
"9160",129262,-19.5981121063232,-47.2144813537598,0.0013160185117158,2.86090980807785e-05,1.39069616125198e-05,36750.9445556347,3.37515324474468,243
"9161",129263,-19.5894527435303,-47.1790809631348,0.0007632337183167,1.65920373547124e-05,1.26011855172692e-05,39817.7975857473,3.53363946576002,349
"9162",129264,-19.5808334350586,-47.1437606811523,0.0001008230474326,2.19180537897046e-06,1.23279687613831e-05,42992.2879518293,2.60798657247497,340
"9163",129265,-19.5722503662109,-47.108512878418,0.0004019890166091,8.7388916654163e-06,9.79987453320064e-06,43848.5173095994,2.27112237655105,625
"9164",129266,-19.5637054443359,-47.0733413696289,0.0001440332521269,3.13115765493421e-06,9.14174870558782e-06,42449.8410902333,3.38989323060619,396
"9165",129268,-19.546724319458,-47.0032157897949,0.0005451853139675,1.18518546514679e-05,1.3317877346708e-05,40567.4218701537,18.2659250654557,144
"9166",129269,-19.5382862091064,-46.9682579040527,0.0004895773618045,1.06429861261859e-05,1.02941530712997e-05,40122.0393183966,15.368094975046,653
"9167",129270,-19.5298843383789,-46.9333686828613,0.0009099661838263,1.97818735614419e-05,1.5055455151014e-05,40021.4916143643,230.670084223815,397
"9168",129271,-19.5215148925781,-46.8985404968262,0.0002157127837563,4.68940834252862e-06,1.11716863102629e-05,40266.4703850993,2.41972123206543,970
"9169",129273,-19.5048789978027,-46.8290786743164,0.0003702248777699,8.04836690804223e-06,1.12463285404374e-05,41751.9054707343,0.819054956893297,423
"9170",129274,-19.4966106414795,-46.7944374084473,0.0002609005387057,5.67175084142946e-06,1.1181896297785e-05,42954.380801354,0.710514567971582,391
"9171",129275,-19.488374710083,-46.7598533630371,0.0008354914862138,1.81628583959537e-05,1.53022374433931e-05,44430.1170604279,0.842144940905503,458
"9172",129277,-19.471996307373,-46.6908493041992,0.000392165955418,8.52534685691353e-06,1.83086995093618e-05,48090.7444697531,2.51308098345922,524
"9173",129282,-19.4315795898438,-46.5192337036133,0.0004216061461193,9.16535100259352e-06,9.87252769846236e-06,60205.1105754345,1.23011633196428,598
"9174",129283,-19.423583984375,-46.485050201416,0.0015699866999057,3.41301456501242e-05,1.5073158465384e-05,62975.2615783938,1.61316154166422,696
"9175",129284,-19.4156150817871,-46.4509048461914,2.0022797002639e-05,4.35278195709543e-07,9.47597891354235e-06,65827.1360640373,1.70086070699857,888
"9176",129291,-19.3605785369873,-46.2129440307617,0.0009962713957065,2.16580738197081e-05,1.41730688483221e-05,87333.3837697962,1.65454077439873,787
"9177",129292,-19.3528175354004,-46.1790771484375,0.0008065070651355,1.75327622855548e-05,9.78560910880333e-06,90554.5746767993,20.5728644123448,511
"9178",129294,-19.337366104126,-46.1114234924316,0.0003950438222091,8.58790917845909e-06,1.41914842970436e-05,97069.3902718667,53.7942222750187,1067
"9179",129297,-19.3143615722656,-46.0101203918457,0.0001553500633235,3.37717528964276e-06,1.10188648250187e-05,106986.641084621,139.842026851392,359
"9180",129300,-19.2915554046631,-45.9089851379395,0.0005646456811518,1.22749061119976e-05,1.10151941044023e-05,112773.654141268,2.58729523271123,755
"9181",129301,-19.2839965820312,-45.8753051757812,0.0008326861643581,1.8101873138221e-05,1.62921496666968e-05,112722.521993795,1.23831269663086,243
"9182",129302,-19.2764568328857,-45.8416366577148,0.000531530507942,1.15550110422191e-05,9.72519046626985e-06,112049.563311047,1.08231113707419,28
"9183",129303,-19.2689380645752,-45.8079795837402,0.0009155047846434,1.99022779270308e-05,1.07707337519969e-05,109382.631064508,0.670977865202058,167
"9184",129304,-19.261438369751,-45.7743301391602,0.0001025064329951,2.22840071728569e-06,1.03149322967511e-05,106769.421996978,1.79233472780691,367
"9185",129305,-19.2539577484131,-45.7406921386719,9.75731995822571e-05,2.12115651265776e-06,1.06531142591848e-05,104214.183286087,0.513962324065556,707
"9186",129307,-19.2390556335449,-45.6734275817871,0.0002458231992932,5.34398259333102e-06,9.62947888183407e-06,99292.6343902686,1.0911081285876,377
"9187",129308,-19.2316303253174,-45.6398010253906,0.0006350332623696,1.38050709210802e-05,1.00012293842155e-05,96935.9705305653,1.1678773443416,427
"9188",129309,-19.2242240905762,-45.6061782836914,0.0007402226656267,1.60917970788432e-05,1.04551618278492e-05,94655.4215500495,1.41311221260208,218
"9189",129310,-19.2168350219727,-45.5725555419922,0.0005417803040472,1.177783269668e-05,1.0495717106096e-05,92456.3500120658,1.36190136055247,332
"9190",129311,-19.2094631195068,-45.5389289855957,0.0006947045676497,1.51022732097772e-05,1.04127466329373e-05,90344.3577832767,1.52494795121799,611
"9191",129312,-19.2021102905273,-45.505298614502,0.0002572149714978,5.59162981517147e-06,9.4506613095291e-06,88325.5395980326,1.90999651257222,479
"9192",129313,-19.1947708129883,-45.4716644287109,0.0008222955038945,1.78759892150993e-05,1.07314690467319e-05,86406.8676060291,3.51351184917062,443
"9193",129314,-19.1874504089355,-45.4380226135254,0.000211439096347,4.59650209450047e-06,9.58231794356834e-06,84594.4259840954,183.714558463916,605
"9194",129315,-19.1801433563232,-45.4043731689453,0.0010546530829742,2.29272409342229e-05,1.08666290543624e-05,82895.7054866314,41.901008455364,686
"9195",129316,-19.1728534698486,-45.3707160949707,0.0004954323321726,1.07702680907096e-05,1.00085453595966e-05,81317.5569588389,1.98009740428227,811
"9196",129317,-19.1655788421631,-45.337043762207,0.0001619674771973,3.52103211298527e-06,9.72935140453046e-06,79866.8837876566,1.65892211561205,402
"9197",129318,-19.158317565918,-45.3033638000488,0.0008749497392273,1.90206465049414e-05,1.3209208191256e-05,78551.5195625089,1.65336289792347,582
"9198",129319,-19.1510715484619,-45.2696647644043,0.0004995583567506,1.08599642771878e-05,1.16289702418726e-05,77377.6354675586,1.62711435016724,400
"9199",129320,-19.1438407897949,-45.235954284668,0.0003109176986981,6.7590804064821e-06,1.04946439023479e-05,76352.3502619435,1.570641840779,150
"9200",129321,-19.1366233825684,-45.202220916748,0.0008316367311635,1.80790593731217e-05,2.11192073038546e-05,75481.5079901078,1.56481112130511,264
"9201",129322,-19.1294193267822,-45.1684722900391,0.0007341888012888,1.59606261149747e-05,1.25877877508174e-05,74771.0993403513,1.50275354781674,109
"9202",129323,-19.1222286224365,-45.1347007751465,0.0008299536384583,1.80424704012694e-05,1.41881537274458e-05,74225.6334758024,1.35627970750831,345
"9203",129324,-19.1150512695312,-45.1009101867676,5.24284894254379e-05,1.13974977011821e-06,1.04275177363888e-05,73849.173808414,1.18678491260648,383
"9204",129325,-19.1078853607178,-45.0670928955078,0.0005611129017779,1.21981065603904e-05,1.2862530638813e-05,73644.5513709403,1.05240871842936,53
"9205",129326,-19.1007328033447,-45.0332489013672,0.0004496238034334,9.77443050942384e-06,9.58773034653859e-06,73613.3464632557,0.958029788844293,258
"9206",129330,-19.0722389221191,-44.897590637207,0.00011756310505,2.55571967500146e-06,9.26129087019945e-06,75217.7356364113,2.73791691700347,455
"9207",129331,-19.0651435852051,-44.8635940551758,0.0011163367780682,2.42681908275699e-05,1.30275866467855e-05,76039.4291695749,1.77930590100399,376
"9208",129333,-19.0509853363037,-44.7954978942871,6.05798427386617e-05,1.31695310301438e-06,1.19615106086712e-05,74726.4360467376,1.9223429099457,558
"9209",129334,-19.0439205169678,-44.7613906860352,0.0008371065523533,1.81979685294209e-05,1.52364918903913e-05,72398.5769704361,1.7662625327667,371
"9210",129338,-19.0157566070557,-44.6245384216309,5.94093705785781e-05,1.29150805605605e-06,2.60061042354209e-05,64261.7511840562,0.654186233046231,803
"9211",129681,-19.6016693115234,-47.4400024414062,0.0005598994684987,1.21717275760602e-05,1.35240989038721e-05,28782.954075494,1.9780952599547,47
"9212",129682,-19.5927696228027,-47.4041023254395,0.0014631963713327,3.18086167681031e-05,1.97000954358373e-05,29875.6463665285,2.05627228746739,454
"9213",129683,-19.583911895752,-47.3682899475098,0.0002288164532728,4.97427072332357e-06,1.12510151666356e-05,31399.7278305585,1.90187435772929,786
"9214",129684,-19.5750961303711,-47.3325653076172,0.0006602796529477,1.43539054988651e-05,1.12404995888937e-05,33292.5517259402,1.57690200825162,498
"9215",129685,-19.5663204193115,-47.2969284057617,0.000805788225989,1.75171353475889e-05,1.02166777651291e-05,35492.1340580394,1.42454577265372,703
"9216",129686,-19.5575828552246,-47.2613754272461,4.07527345487324e-05,8.85929011928965e-07,1.22313040264999e-05,37942.5332534294,1.41347910272816,441
"9217",129687,-19.5488872528076,-47.2259063720703,0.0009890898654703,2.15019535971805e-05,1.04267173810513e-05,40595.3202539266,1.41347916999985,734
"9218",129688,-19.5402278900146,-47.1905174255371,0.0003849735476251,8.36899016576353e-06,1.01449995781877e-05,43411.6328115801,1.7031327687942,810
"9219",129689,-19.531608581543,-47.1552047729492,0.0007028609361441,1.52795855683507e-05,1.30128873934154e-05,46359.3637817087,1.63734706689326,355
"9220",129690,-19.5230274200439,-47.1199722290039,0.0011053742091462,2.4029874111875e-05,1.16290248115547e-05,48925.627659761,1.42790522802862,705
"9221",129691,-19.5144824981689,-47.0848121643066,0.0007924294986878,1.72267282323446e-05,1.03201464298763e-05,47694.7304306927,1.36261859038136,310
"9222",129694,-19.4890632629395,-46.9797630310059,0.0001834561007854,3.98817610403057e-06,9.64450009632856e-06,45690.6804427215,2.02637952046027,68
"9223",129696,-19.4722938537598,-46.9100685119629,0.0004093825336894,8.89962029759772e-06,1.07201003629598e-05,45851.8195713851,2.0620250798491,225
"9224",129698,-19.4556579589844,-46.8406257629395,0.0001279099101338,2.78065022030205e-06,1.60078379849438e-05,47193.3445505938,1.08430151148108,131
"9225",129702,-19.4227752685547,-46.7024421691895,0.000236998697801,5.15214560437016e-06,1.15742877824232e-05,52935.7573427011,1.9368171361567,510
"9226",129703,-19.4146327972412,-46.6680335998535,0.0008283491151814,1.8007589460467e-05,1.00123606898705e-05,54889.9690890122,2.11571796827615,332
"9227",129704,-19.4065208435059,-46.633674621582,0.0009865392457868,2.14465053431923e-05,1.44321566040162e-05,57010.1865783598,2.0159465292941,116
"9228",129706,-19.3903846740723,-46.5650978088379,0.0001644699741518,3.57543422069284e-06,1.9735667592613e-05,61675.4456365638,1.22079296131414,334
"9229",129707,-19.382360458374,-46.5308799743652,0.0010088080307468,2.19306093640625e-05,1.74971046362771e-05,64187.7234908608,1.21904365795672,327
"9230",129708,-19.3743648529053,-46.4967079162598,0.0004164471720287,9.0531993919285e-06,1.12520474431221e-05,66800.8867092456,1.26431202748251,768
"9231",129710,-19.358455657959,-46.4284820556641,0.0003233772285966,7.0299397521012e-06,1.27197099573095e-05,72283.9545012185,1.25477152810336,380
"9232",129716,-19.3113651275635,-46.2246894836426,0.0004093352163181,8.89859165909002e-06,9.88006195257185e-06,90170.2180881189,2.07042683738473,437
"9233",129717,-19.3036041259766,-46.1908302307129,0.0010870084588532,2.36306186707225e-05,1.41804275699542e-05,93297.6139030435,2.07056646178535,434
"9234",129718,-19.2958679199219,-46.1570053100586,0.0019489227852318,4.23678866354749e-05,2.6451496523805e-05,96454.7502015665,2.65267566061751,924
"9235",129720,-19.2804641723633,-46.0894203186035,0.0004534904819593,9.8584887382458e-06,1.40309984999476e-05,102848.95526387,4.5781115259471,477
"9236",129721,-19.2727966308594,-46.0556640625,0.0007350413507083,1.59791597980075e-05,1.65109322551871e-05,106080.333067645,13.6960990027437,747
"9237",129722,-19.2651519775391,-46.0219268798828,0.0017862377135315,3.88312546419911e-05,2.5867822841974e-05,109331.8757048,4.91826384578839,647
"9238",129723,-19.2575302124023,-45.988208770752,0.0011604640130826,2.52274785452755e-05,3.0945913749747e-05,112601.594246049,45.0559087175882,461
"9239",129724,-19.2499294281006,-45.9545097351074,0.0011452046419435,2.48957530857297e-05,2.22855560423341e-05,115887.84342451,55.1631755524342,767
"9240",129725,-19.2423496246338,-45.920825958252,0.0009725072814035,2.1141462639207e-05,1.16424844236462e-05,118372.859751807,1.92348070879368,648
"9241",129728,-19.2197341918945,-45.8198509216309,0.0008878517764969,1.93011255760211e-05,1.19696096589905e-05,113201.739194251,0.878690523806662,492
"9242",129729,-19.2122344970703,-45.7862129211426,0.000583495148021,1.26846771308919e-05,9.41063535719877e-06,110682.075232547,0.751708261570251,829
"9243",129730,-19.2047557830811,-45.7525825500488,0.0006364041691995,1.38348732434679e-05,1.01759824246983e-05,108222.055666267,0.630809114638428,615
"9244",129731,-19.1972961425781,-45.7189598083496,0.000321396551044,6.98688154443516e-06,1.27449930005241e-05,105825.829639236,0.830842953433675,253
"9245",129733,-19.182430267334,-45.651725769043,0.0004886166225333,1.06221004898543e-05,1.01026016636752e-05,101241.556337034,1.78944139054987,23
"9246",129734,-19.1750240325928,-45.6181106567383,0.0013086757426208,2.84494726656703e-05,1.14769109131885e-05,99062.657923443,1.7477073490339,252
"9247",129738,-19.1455764770508,-45.4836387634277,0.0005456274029711,1.18614652819815e-05,9.4242450359161e-06,91222.8526023971,119.325315215892,80
"9248",129740,-19.1309509277344,-45.4163703918457,0.0004982402060704,1.08313088276191e-05,9.9113285614294e-06,87908.0376019103,91.4164395692938,482
"9249",129741,-19.1236610412598,-45.3827209472656,0.000391479999962,8.51043478178326e-06,9.36672768148128e-06,86422.9045669788,1.72624677160662,284
"9250",129743,-19.1091270446777,-45.3153915405273,0.0001985112667171,4.31546231993707e-06,9.28121698962059e-06,83828.1273147885,1.54982791052309,286
"9251",129744,-19.1018829345703,-45.2817039489746,0.000948177283135,2.06125496333698e-05,1.04932669273694e-05,82730.0376119632,1.54329996708474,377
"9252",129745,-19.0946521759033,-45.2480010986328,0.0005939792717981,1.29125928651774e-05,1.13149126264034e-05,81772.5591706494,1.54382979869843,619
"9253",129746,-19.0874366760254,-45.2142791748047,0.0004080625840288,8.87092573975679e-06,8.96661822480382e-06,80960.4836470536,1.49528752781042,317
"9254",129747,-19.0802326202393,-45.1805419921875,0.0002001052889681,4.35011497756932e-06,1.01111090771155e-05,80298.9726538795,1.42934389635784,439
"9255",129748,-19.0730438232422,-45.1467819213867,0.0006081786250433,1.32212744574645e-05,1.56416554091265e-05,79791.2751095985,1.2936189883331,444
"9256",129751,-19.0515518188477,-45.0453605651855,0.0003303290541225,7.18106639396865e-06,1.1874638403242e-05,79220.5835058457,0.858947034283314,798
"9257",129752,-19.044412612915,-45.0115013122559,0.0011564199885469,2.51395649684127e-05,2.5425824787817e-05,79352.4801924534,0.776967241675209,453
"9258",129753,-19.0372848510742,-44.977611541748,0.0009450822835788,2.0545267034322e-05,2.34308317885734e-05,79645.49956875,0.867341220520971,613
"9259",129754,-19.0301685333252,-44.9436950683594,0.0003421943974899,7.43900864108582e-06,1.37693450596998e-05,80098.2813039962,1.7910041738183,505
"9260",129757,-19.0088863372803,-44.8417358398438,0.0001798803550627,3.91044250136474e-06,8.959066690295e-06,81369.5779119877,1.09397472295681,1002
"9261",130105,-19.5613822937012,-47.4873847961426,1.29173456002718e-05,2.80811860875474e-07,1.15773682409781e-05,33768.8410886514,1.59127959673415,376
"9262",130106,-19.5524406433105,-47.4514007568359,0.0002360437947572,5.13138684254955e-06,1.22542496683309e-05,34306.7819170576,2.01691856420532,652
"9263",130110,-19.51708984375,-47.3083724975586,0.0009122282135649,1.98310481209774e-05,9.9496483016992e-06,40199.1075657321,1.46023242242503,433
"9264",130112,-19.4996585845947,-47.2373733520508,0.000331801122229,7.21306787454523e-06,1.19664682642906e-05,44809.0430651682,1.43035829113071,677
"9265",130113,-19.4910011291504,-47.2019958496094,9.89701707112545e-05,2.15152545024466e-06,1.08297763290466e-05,47393.6917982207,1.4289476779668,281
"9266",130114,-19.4823818206787,-47.1666946411133,0.0005670953069056,1.23281588457758e-05,1.07556707007461e-05,50124.5882488699,1.40094566519293,346
"9267",130115,-19.4737987518311,-47.1314735412598,0.0004755308800667,1.03376278275391e-05,1.03993743323372e-05,52977.1907848287,1.40498524885682,213
"9268",130116,-19.4652538299561,-47.0963249206543,0.0003640556715254,7.91425372881349e-06,1.0230084626528e-05,53014.6395010207,1.35035292314388,361
"9269",130117,-19.4567451477051,-47.0612487792969,0.0002832424752341,6.1574451137858e-06,1.32437680804287e-05,52170.1493107263,1.38457000143458,370
"9270",130118,-19.4482746124268,-47.0262451171875,0.0004793841289938,1.04213941085618e-05,1.16595965664601e-05,51585.297929453,2.18301783143492,81
"9271",130119,-19.4398365020752,-46.9913063049316,0.0005702906728402,1.23976233226131e-05,1.11801928142086e-05,51267.512318396,2.37273896941033,355
"9272",130121,-19.4230670928955,-46.9216346740723,0.0003919223399861,8.5200508692651e-06,9.20050842978526e-06,51441.4424825225,2.70685239006331,228
"9273",130123,-19.4064331054688,-46.8522148132324,0.0001043188744915,2.26780161938223e-06,1.40783686219947e-05,52668.4629982655,1.64857705871227,207
"9274",130125,-19.389928817749,-46.783031463623,4.31995520102646e-05,9.39120695875317e-07,1.58723560161889e-05,54866.9916257751,0.82551013209204,326
"9275",130126,-19.3817253112793,-46.7485275268555,0.0006772714841645,1.47232931340113e-05,9.90480202744948e-06,56293.6207704536,0.923881029240789,355
"9276",130127,-19.3735523223877,-46.7140769958496,0.0002467390477249,5.36389234184753e-06,1.02801777757122e-05,57916.4176573239,0.987763941287994,358
"9277",130128,-19.3654098510742,-46.6796760559082,6.89881521793723e-05,1.49974243868201e-06,1.2418977348716e-05,59718.3564375308,1.18545944582701,617
"9278",130135,-19.3092365264893,-46.4402046203613,6.71657009121418e-07,1.46012393287265e-08,1.41975024234853e-05,76064.8911530149,1.5289907361054,410
"9279",130136,-19.3013248443604,-46.4061622619629,0.0004056292746099,8.81802770891227e-06,9.10782273422228e-06,78783.7068335089,2.58756172404905,773
"9280",130137,-19.2934379577637,-46.3721542358398,5.09130104546784e-05,1.10680457510171e-06,9.27216569834854e-06,81569.9591797234,3.04182873782783,472
"9281",130138,-19.2855777740479,-46.3381843566895,0.0006411524736904,1.39380972541403e-05,1.3377007235249e-05,84416.0265302335,3.26448321878198,818
"9282",130139,-19.2777423858643,-46.3042488098145,0.0003919056889571,8.5196888903738e-06,2.00227914319839e-05,87315.9083838656,2.94768557441932,568
"9283",130140,-19.2699337005615,-46.2703437805176,0.0007767215538478,1.68852511706064e-05,2.04664138436783e-05,90264.0235932554,2.07160941623078,1030
"9284",130143,-19.2466526031494,-46.1688079833984,0.0002916293642556,6.33976878816611e-06,9.90531225397717e-06,99351.8351160267,2.41685134567909,427
"9285",130144,-19.238941192627,-46.1350135803223,0.0006440678680519,1.40014753924333e-05,1.02633457572665e-05,102449.589259419,2.98325175510289,667
"9286",130145,-19.2312526702881,-46.101245880127,0.0003678720622701,7.99721874500392e-06,9.84605230769375e-06,105576.065191518,5.5239392967582,801
"9287",130146,-19.2235851287842,-46.0675010681152,0.0004746239847008,1.03179127108888e-05,9.54648203332908e-06,108728.893175082,28.123653295686,417
"9288",130147,-19.2159423828125,-46.0337753295898,4.56385616871557e-05,9.92142645372951e-07,1.12888656076393e-05,111905.58749308,10.817795571566,1166
"9289",130151,-19.185583114624,-45.8990440368652,0.0002573739302533,5.59508544029086e-06,1.3157488865545e-05,122197.423678059,0.863422770635933,660
"9290",130152,-19.1780452728271,-45.8653945922852,0.0008187684143194,1.77993133547716e-05,1.58300863404293e-05,119655.277567483,0.861838707571393,116
"9291",130153,-19.1705284118652,-45.8317604064941,0.0011043667800549,2.40079734794563e-05,1.05871395135182e-05,117168.020992879,1.03447637946221,281
"9292",130155,-19.1555519104004,-45.7645149230957,0.0006559556986758,1.42599064929527e-05,1.07756932266057e-05,112370.329235881,7.2738450373671,218
"9293",130156,-19.1480922698975,-45.730899810791,0.0009714996849652,2.11195583688095e-05,1.53533219418023e-05,110067.04050081,41.8147308765409,489
"9294",130157,-19.1406517028809,-45.6972923278809,0.0001610763019925,3.50165873896913e-06,1.28867059174809e-05,107833.009230778,8.6131274124505,378
"9295",130158,-19.1332302093506,-45.663688659668,0.0003907302434527,8.49413572723279e-06,9.68255790212424e-06,105672.19840402,2.57016839315916,131
"9296",130159,-19.125825881958,-45.6300849914551,0.000288730390821,6.27674762654351e-06,9.6098447102122e-06,103588.946970082,1.13702648528624,343
"9297",130160,-19.1184387207031,-45.5964813232422,0.0003994714479631,8.68416191224242e-06,9.93272988125682e-06,101587.980182064,1.34491844457783,662
"9298",130161,-19.1110687255859,-45.562873840332,0.0007134165171009,1.55090547195869e-05,1.07303885670262e-05,99673.9284648516,1.25588282431833,328
"9299",130162,-19.1037158966064,-45.5292663574219,0.0003150980483042,6.8499575718306e-06,9.06645709619625e-06,97852.1559516571,1.59776885251374,401
"9300",130163,-19.0963802337646,-45.4956512451172,0.0005550144414883,1.20655313367024e-05,1.00671641121153e-05,96127.3411906183,1.80996228402179,636
"9301",130165,-19.0817565917969,-45.4284057617188,0.0012856843532063,2.7949659852311e-05,1.15670500235865e-05,92990.8362815258,1.76814798303585,414
"9302",130166,-19.0744686126709,-45.3947677612305,0.0006926274982106,1.50571195263183e-05,1.01806454040343e-05,91589.4415373009,1.49194682449529,371
"9303",130167,-19.067195892334,-45.3611183166504,0.0007710648897045,1.6762280210969e-05,1.05407016235404e-05,90306.4146723877,1.4693482651783,465
"9304",130168,-19.0599365234375,-45.3274574279785,0.0002581468434073,5.61188790015876e-06,9.20529328141129e-06,89147.142006904,1.53059528225642,960
"9305",130170,-19.0454654693604,-45.2600898742676,0.0005010626809962,1.08926669781795e-05,1.06707884697244e-05,87218.1927672252,1.51518151807624,607
"9306",130172,-19.0310478210449,-45.1926498413086,0.0011476862309791,2.494970067346e-05,1.42044773383532e-05,85838.4820538961,1.34064114073774,471
"9307",130173,-19.0238590240479,-45.1589012145996,0.0005923663811699,1.28775300254347e-05,1.66168338182615e-05,85363.7523282838,1.27765951312359,1105
"9308",130174,-19.0166835784912,-45.1251258850098,0.0001766386549206,3.83997075914522e-06,9.75638977251947e-06,85035.9248404257,1.07986355677928,716
"9309",130175,-19.009521484375,-45.0913314819336,0.0007754947328066,1.68585811479716e-05,1.46306610986358e-05,84857.2007243966,0.827248973226181,545
"9310",130176,-19.0023708343506,-45.0575103759766,0.0009029153516166,1.96285946003627e-05,1.36326052597724e-05,84828.7687532252,0.72283577251983,700
"9311",130530,-19.5121364593506,-47.4987258911133,0.0005311849363351,1.15474986159825e-05,1.00448423836497e-05,39363.7913622229,2.52691190406857,810
"9312",130532,-19.4942951202393,-47.426872253418,0.0009636572176532,2.09490699489834e-05,1.19151591206901e-05,40698.8040157393,5.15855716311115,459
"9313",130533,-19.4854373931885,-47.3910865783691,0.0008543722469767,1.8573309716885e-05,1.01821487987763e-05,41877.8385647255,2.09394844990301,229
"9314",130534,-19.4766216278076,-47.3553848266602,0.0005429237025964,1.18026891868794e-05,1.0955695870507e-05,43359.9184015835,1.93827185892054,239
"9315",130535,-19.467845916748,-47.3197708129883,0.0004512831746978,9.81050379778026e-06,9.79719879978802e-06,45112.843978421,1.79339880497766,203
"9316",130536,-19.4591102600098,-47.2842407226562,0.0014618201093981,3.17786980303936e-05,1.40939655466354e-05,47104.0978146114,1.59687505725347,464
"9317",130537,-19.4504127502441,-47.2487945556641,0.0005213003751123,1.13326168502681e-05,9.46609725360759e-06,49302.7929837766,1.79263873648933,247
"9318",130538,-19.4417552947998,-47.2134284973145,0.0008434239025518,1.83353022293886e-05,1.05120370790246e-05,51680.3461662743,2.11553722865386,292
"9319",130539,-19.4331359863281,-47.1781387329102,0.0008402348539675,1.82659750862513e-05,1.12428479042137e-05,54211.6829750076,2.27829350044426,338
"9320",130540,-19.4245548248291,-47.1429290771484,0.0001273732596018,2.76898390438873e-06,1.09258526208578e-05,56874.3243999502,1.77128569803046,387
"9321",130541,-19.4160099029541,-47.1077919006348,0.0007908019651949,1.71913470694562e-05,1.09151151264086e-05,58386.1887581987,1.38481386733664,340
"9322",130542,-19.4075031280518,-47.0727272033691,0.0004840564579353,1.05229664768558e-05,1.06676225186675e-05,57635.4587342004,1.39060478437566,408
"9323",130543,-19.3990306854248,-47.0377311706543,0.0005911415264563,1.28509027490509e-05,1.07469950307859e-05,57121.5729638352,2.27289333021798,412
"9324",130544,-19.3905944824219,-47.0028076171875,0.0003946682536479,8.57974464452127e-06,9.92880904959748e-06,56849.311672368,2.87373133446089,495
"9325",130545,-19.3821926116943,-46.9679489135742,0.0005930803254159,1.28930505525204e-05,1.1106465535704e-05,56820.5385670313,2.85816951960426,791
"9326",130546,-19.3738250732422,-46.9331550598145,0.0002026119382207,4.40460735262604e-06,1.05239378171973e-05,57034.1551307153,2.79752358087023,572
"9327",130547,-19.3654918670654,-46.8984260559082,0.0001929313939399,4.19416073782486e-06,1.14780305011664e-05,57486.0069855312,2.61470190800541,767
"9328",130548,-19.3571910858154,-46.8637580871582,0.0003618149785324,7.86554301157594e-06,1.01437581179198e-05,58169.3087209774,2.07675549880473,405
"9329",130549,-19.3489227294922,-46.8291511535645,0.0002897021749959,6.29787336947629e-06,1.00818133432767e-05,59074.7044939622,1.30622043128954,440
"9330",130550,-19.3406887054443,-46.7945976257324,8.37065217638155e-05,1.81970699486556e-06,1.05286462712684e-05,60190.7318425481,0.981656140899484,775
"9331",130551,-19.3324851989746,-46.7601051330566,9.55911309574731e-05,2.07806806429289e-06,9.8524888016982e-06,61505.094218265,1.12045967444293,359
"9332",130552,-19.324312210083,-46.7256622314453,0.0003424696415095,7.44499220672878e-06,1.09023067125236e-05,63004.3864547683,1.0882781484516,362
"9333",130553,-19.3161716461182,-46.691276550293,0.0003503933348838,7.61724641051842e-06,1.12208699647454e-05,64674.3534659471,1.45884619955745,356
"9334",130554,-19.3080596923828,-46.6569366455078,0.0002663789155121,5.79084598939517e-06,1.01372352219187e-05,66501.7890989939,1.88079075069989,211
"9335",130555,-19.2999782562256,-46.6226501464844,0.0001416273562426,3.07885557049303e-06,1.08476924651768e-05,68472.7546394333,1.95657715501135,431
"9336",130556,-19.2919273376465,-46.5884056091309,0.0004578361495077,9.95295977190835e-06,1.10254422907019e-05,70574.70555031,1.98024555592543,233
"9337",130557,-19.2839031219482,-46.5542106628418,0.0008252329462266,1.79398466571001e-05,1.21368202599115e-05,72795.5926660582,2.97925800042794,122
"9338",130558,-19.2759075164795,-46.5200576782227,0.0005447685780382,1.18427951747435e-05,1.54743793245871e-05,75124.1990480117,5.94725700610245,280
"9339",130559,-19.2679405212402,-46.4859466552734,0.0009885704203043,2.14906613109633e-05,1.604901990504e-05,77550.1159750385,2.69513455688922,337
"9340",130560,-19.2600021362305,-46.4518775939941,0.0008666879002703,1.88410413102247e-05,2.1846803065273e-05,80063.8158756912,2.90959126909124,315
"9341",130561,-19.2520904541016,-46.4178466796875,0.0011147957629873,2.42346904997248e-05,3.17541489494033e-05,82657.0210962714,3.67904758191404,1068
"9342",130562,-19.2442035675049,-46.3838500976562,0.0006545884734805,1.42301842060988e-05,2.33860864682356e-05,85322.296983004,4.13579127040409,353
"9343",130563,-19.2363433837891,-46.3498916625977,0.0007281520920514,1.58293933054665e-05,2.01189195649931e-05,88052.1861851825,3.87425903682067,643
"9344",130564,-19.2285099029541,-46.3159675598145,0.0006515686964121,1.41645368785248e-05,1.26959439512575e-05,90840.5565444458,2.57326594467467,720
"9345",130565,-19.2207012176514,-46.2820739746094,0.0002370793799855,5.15389956490253e-06,9.07165485841688e-06,93682.1144452694,11.1650714205259,554
"9346",130566,-19.2129173278809,-46.2482109069824,0.0004705784540419,1.02299663922167e-05,1.05766976048471e-05,96571.7449171659,19.3337074190582,804
"9347",130567,-19.2051582336426,-46.2143745422363,0.0007140836460166,1.55235575221013e-05,2.32277525356039e-05,99505.1127293455,69.090156529274,1241
"9348",130568,-19.1974239349365,-46.1805686950684,0.0009278616889787,2.01709062821465e-05,1.61248353833798e-05,102477.841961056,2.40539953218439,324
"9349",130569,-19.1897125244141,-46.146785736084,0.0002985483270094,6.49018102194532e-06,1.5571407857351e-05,105486.919010062,2.85293120243207,667
"9350",130570,-19.1820240020752,-46.1130256652832,0.0007717517655692,1.67772122949827e-05,1.24965345094097e-05,108529.03030889,13.1109476310324,586
"9351",130572,-19.1667156219482,-46.0455741882324,6.32134953093555e-06,1.3742064197686e-07,9.29293128137942e-06,114700.716973364,2.05816287301263,195
"9352",130573,-19.1590938568115,-46.0118789672852,0.0003108968639935,6.75862747812062e-06,9.15592499950435e-06,117825.612126796,1.73723504645267,246
"9353",130578,-19.1213054656982,-45.8436241149902,0.0004403031180117,9.57180691329995e-06,1.03955553640844e-05,121261.040156941,1.24456816394944,544
"9354",130579,-19.1138095855713,-45.8100090026855,0.000481027058413,1.04571099655004e-05,9.55074119701749e-06,118918.22585762,1.2250410539867,432
"9355",130580,-19.1063327789307,-45.7764015197754,0.0004907832226308,1.06692004919751e-05,8.92715343070449e-06,116637.90633738,1.09042307597256,143
"9356",130581,-19.0988731384277,-45.7427978515625,0.000157812229645,3.43070064445783e-06,1.06281995613244e-05,114423.526433792,0.542604031926117,308
"9357",130583,-19.0840129852295,-45.6756057739258,0.0003419356580707,7.4333838711027e-06,1.06177321868017e-05,110207.769778785,0.511962386032426,292
"9358",130584,-19.0766086578369,-45.6420135498047,0.0003872162069455,8.41774362925207e-06,1.04365444713039e-05,108214.495642271,0.764993694253885,356
"9359",130585,-19.0692234039307,-45.6084175109863,0.0006087751335144,1.32342420329223e-05,1.02897065517027e-05,106302.701469823,1.01791688850452,398
"9360",130586,-19.0618553161621,-45.574821472168,0.0003548876484273,7.71494887885638e-06,1.00169754659873e-05,104477.274951343,1.17807299061056,298
"9361",130587,-19.0545024871826,-45.5412254333496,0.0001629397634133,3.54216876985447e-06,1.00476090665325e-05,102742.933280272,2.40731028036786,468
"9362",130588,-19.0471687316895,-45.5076217651367,0.0006355586901918,1.38164932650398e-05,1.14925469461014e-05,101103.492202659,1.85101661649241,305
"9363",130589,-19.0398502349854,-45.4740104675293,0.0002464973358655,5.35863773620804e-06,1.06596253317548e-05,99564.0064509717,1.84260301018917,613
"9364",130591,-19.0252590179443,-45.4067649841309,0.0001517966793471,3.29992781189503e-06,1.06799534478341e-05,96803.8396371823,1.61021844374078,304
"9365",130592,-19.0179882049561,-45.3731269836426,8.49867265060311e-05,1.84753753273981e-06,9.9686276371358e-06,95592.0625716401,1.71440162081104,716
"9366",130593,-19.0107307434082,-45.3394775390625,0.0002767931509879,6.01724241278134e-06,9.74621980276424e-06,94498.7127119397,1.69501916791323,863
"9367",130958,-19.4361915588379,-47.402416229248,0.0005636419755319,1.22530864246073e-05,1.30402759168646e-05,47242.0194969411,2.14141155517085,819
"9368",130959,-19.4273738861084,-47.3667297363281,0.0002466590767653,5.36215384272509e-06,8.96800520422403e-06,48581.4249177859,2.01060487240634,926
"9369",130960,-19.4185981750488,-47.331127166748,0.000424686460974,9.23231436900096e-06,1.0793663932418e-05,50171.6624482433,1.88914077790873,808
"9370",130961,-19.4098625183105,-47.2956085205078,0.0007192005323304,1.56347941810964e-05,9.11760434973985e-06,51987.8064243727,2.18993328870429,378
"9371",130962,-19.4011669158936,-47.2601737976074,0.0003601758980948,7.82991082814988e-06,1.03107659015222e-05,54005.0493502148,2.43553351565351,232
"9372",130963,-19.3925094604492,-47.2248191833496,0.000175307702193,3.81103700419771e-06,9.11385723156855e-06,56200.1494794603,2.49239998515988,346
"9373",130964,-19.3838901519775,-47.1895408630371,9.2996708190185e-05,2.02166756935185e-06,9.91925753623946e-06,58551.5051551832,2.49372785365996,237
"9374",130965,-19.3753089904785,-47.1543426513672,0.0001945574003912,4.22950870415661e-06,9.62701506068697e-06,61039.2530974001,1.95832667301191,385
"9375",130968,-19.3497848510742,-47.0491790771484,0.00058001663092,1.2609057193913e-05,1.08821786852786e-05,62668.1806156361,2.38729181481379,318
"9376",130969,-19.3413486480713,-47.0142669677734,0.0012176767813798,2.64712343778228e-05,1.15784005174646e-05,62433.7224395271,5.07966149804942,298
"9377",130970,-19.3329486846924,-46.979419708252,0.0007794065531925,1.69436207215767e-05,1.09939337562537e-05,62420.5816871545,2.88829479801694,509
"9378",130971,-19.3245811462402,-46.944637298584,0.0001445166967641,3.14166732096055e-06,9.78487241809489e-06,62627.9706651312,2.64019073148648,301
"9379",130972,-19.3162479400635,-46.9099197387695,0.0002062185594695,4.48301216238178e-06,1.0622687113937e-05,63052.188259882,2.55982667858917,571
"9380",130973,-19.3079471588135,-46.8752632141113,0.0013943837766419,3.03126907965634e-05,2.67561026703333e-05,63687.7859304067,2.43124813850944,1279
"9381",130974,-19.2996807098389,-46.8406639099121,0.0004674035462812,1.01609466582886e-05,1.78641475940822e-05,64527.0953096285,2.07816388584904,391
"9382",130978,-19.2669296264648,-46.7028312683105,0.0003202830239388,6.96267443345278e-06,9.35157368076034e-06,69729.7704390539,2.17761652670018,642
"9383",130981,-19.2426872253418,-46.5999984741211,0.0014771281785215,3.21114821417723e-05,2.13189359783428e-05,75259.1022145973,2.10182926005656,400
"9384",130982,-19.2346630096436,-46.5658111572266,0.0005167006747797,1.12326233647764e-05,1.8104938135366e-05,77353.2376599321,2.12844014167786,931
"9385",130984,-19.2187023162842,-46.4975700378418,1.69247080634705e-05,3.67928436162401e-07,1.09943184725125e-05,81856.6682903053,2.42368419202836,730
"9386",130985,-19.2107639312744,-46.4635124206543,0.0001891518822958,4.11199744121404e-06,1.01465293482761e-05,84248.1223670031,2.73700659203384,410
"9387",130986,-19.2028522491455,-46.4294891357422,0.0003561674766388,7.74277123127831e-06,1.01955747595639e-05,86722.2397724248,2.89235429801873,405
"9388",130988,-19.1871089935303,-46.3615570068359,0.0004071228886459,8.85049757926026e-06,9.99739950202638e-06,91888.9087597889,3.17983002470573,279
"9389",130989,-19.1792755126953,-46.3276443481445,0.0002911079736804,6.32843421044527e-06,9.37013101065531e-06,94568.8768118641,2.79836917720909,197
"9390",130990,-19.1714668273926,-46.2937622070312,0.0005056463996879,1.09923130366951e-05,1.18348607429652e-05,97305.9443984952,22.5640860504927,420
"9391",130991,-19.1636848449707,-46.2599067687988,0.0003290373861091,7.15298665454611e-06,8.96479286893737e-06,100095.093428022,21.5652713555111,107
"9392",130992,-19.1559257507324,-46.2260856628418,0.0004028893436043,8.75846399139846e-06,1.21250404845341e-05,102931.570220872,53.5460123215612,39
"9393",130993,-19.1481914520264,-46.1922874450684,0.0011449183111835,2.48895285039907e-05,1.41484915729961e-05,105811.748265237,2.7829081698613,273
"9394",130996,-19.1251277923584,-46.0910415649414,0.0001203559490932,2.61643367593933e-06,9.68098902376369e-06,114678.489540764,2.62881177465782,631
"9395",130997,-19.1174850463867,-46.0573387145996,0.000138389829317,3.00847455037001e-06,9.81894845608622e-06,117699.429493767,1.46845957956589,1074
"9396",130998,-19.1098651885986,-46.0236511230469,0.0002716374192459,5.90516128795571e-06,1.10589362520841e-05,120749.084234636,2.81045477189004,417
"9397",130999,-19.1022663116455,-45.9899826049805,0.0002304053714397,5.0088124226022e-06,9.11715687834658e-06,123825.010689148,3.1003807573794,301
"9398",131000,-19.0946884155273,-45.9563293457031,0.0002564221649663,5.57439489057288e-06,1.03881129689398e-05,126925.376204733,3.20813694799979,281
"9399",131001,-19.0871334075928,-45.9226913452148,0.0013499559026968,2.93468674499309e-05,2.34618019021582e-05,130048.116452948,2.8198691792046,294
"9400",131002,-19.0795974731445,-45.8890647888184,0.0004503671589191,9.79059041128494e-06,2.12699160329066e-05,127787.904170293,2.17564693558637,668
"9401",131003,-19.0720806121826,-45.8554496765137,0.0009986420336645,2.17096094274893e-05,1.63221939146752e-05,125468.120503825,1.25241879936581,427
"9402",131006,-19.0496501922607,-45.7546539306641,0.0005949364549451,1.29334011944593e-05,1.3563180800702e-05,118881.882263945,0.36080132240945,772
"9403",131007,-19.0422115325928,-45.7210655212402,0.000721336215065,1.56812220666325e-05,1.22023075164179e-05,116821.767544355,0.325199955486569,438
"9404",131008,-19.0347919464111,-45.6874809265137,0.0009682972486189,2.10499401873676e-05,1.03445945569547e-05,114835.217869928,0.392144825602505,857
"9405",131011,-19.012638092041,-45.5867309570312,0.0003346125522512,7.27418591850437e-06,9.80143158813007e-06,109354.938537425,3.04281950140705,606
"9406",131012,-19.0052871704102,-45.5531425476074,0.0003023784192919,6.57344389765058e-06,9.42586029850645e-06,107701.036918962,4.55979401257888,883
"9407",131381,-19.4047183990479,-47.4853782653809,0.0005961568331258,1.295993115491e-05,1.45086669363081e-05,50975.9286321983,2.31046667728248,658
"9408",131382,-19.3958187103271,-47.449520111084,0.0008511868800269,1.85040626092814e-05,1.4721040315635e-05,51680.6819931629,1.52441506870658,317
"9409",131383,-19.3869609832764,-47.4137573242188,0.0006968049401621,1.5147933481785e-05,1.24896387205808e-05,52653.0868886718,1.42761454877991,403
"9410",131384,-19.3781452178955,-47.3780784606934,0.0009179806002066,1.99561000044923e-05,1.03301536000799e-05,53876.473039925,1.67570438594832,344
"9411",131385,-19.3693695068359,-47.3424873352051,0.0001943447650774,4.22488619733485e-06,9.77550189418253e-06,55332.3453838617,97.1843936983726,214
"9412",131386,-19.3606338500977,-47.3069801330566,0.0004831154237763,1.05025092125288e-05,1.0861272130569e-05,57000.9849116246,289.087738309778,354
"9413",131387,-19.351936340332,-47.271556854248,8.30816427423997e-05,1.80612266831304e-06,1.0868033314182e-05,58862.6492044176,189.205340051736,179
"9414",131388,-19.3432807922363,-47.236213684082,0.0010606989126245,2.30586720135761e-05,1.30134085338796e-05,60897.5915410165,3.43938733714195,311
"9415",131389,-19.3346614837646,-47.2009468078613,0.0003851863712043,8.37361676531145e-06,9.0793591880356e-06,63088.122789512,2.1962365366862,312
"9416",131390,-19.3260803222656,-47.1657600402832,0.0006353486278385,1.38119266921422e-05,1.04646596810198e-05,65416.7520586792,1.93850141220132,789
"9417",131391,-19.3175354003906,-47.1306457519531,0.0002260181390738,4.91343780595344e-06,9.61405748967081e-06,67868.2973217819,1.6129458174403,1085
"9418",131392,-19.3090286254883,-47.0956039428711,0.0006052556163922,1.31577307911357e-05,1.1308226021356e-05,68627.346590825,1.75734561475844,503
"9419",131394,-19.2921199798584,-47.0257301330566,0.0001193253110614,2.59402850133483e-06,1.10046375993988e-05,68019.047910955,6.94189733136245,346
"9420",131395,-19.2837200164795,-46.990894317627,0.0014483545310213,3.14859680656809e-05,1.23681220429717e-05,68019.1358954346,4.78214982998958,306
"9421",131397,-19.2670192718506,-46.9214134216309,0.0006016060706315,1.30783928398159e-05,9.99993790173903e-06,68622.3527346411,2.31719027542214,580
"9422",131398,-19.2587203979492,-46.8867683410645,0.0009024468636198,1.96184100786922e-05,1.16509581857827e-05,69217.6591133539,2.44111629352789,280
"9423",131401,-19.234016418457,-46.7831802368164,8.51229312957003e-05,1.85049850642827e-06,9.97295319393743e-06,72103.6338791618,2.27667732957356,717
"9424",131402,-19.2258453369141,-46.7487602233887,0.0001213762639054,2.63861443272617e-06,1.07627902252716e-05,73405.073694219,2.21957565807677,316
"9425",131403,-19.2177047729492,-46.7143936157227,0.0004832254126085,1.05049002740998e-05,9.88725878414698e-06,74861.0423670767,2.2267783111167,791
"9426",131404,-19.2095947265625,-46.6800765991211,9.10082908376353e-05,1.97844110516598e-06,9.39488654694287e-06,76461.905876225,16.4187017501374,303
"9427",131407,-19.1854400634766,-46.5774154663086,0.0004272810092516,9.28871759242611e-06,1.43903616844909e-05,82038.5168826162,2.12127346706891,901
"9428",131408,-19.1774463653564,-46.543285369873,0.0006239692393137,1.35645486807334e-05,1.11948684207164e-05,84124.7437919026,2.53976244638884,306
"9429",131409,-19.1694812774658,-46.5091972351074,0.0010113230891875,2.19852845475543e-05,1.08511139842449e-05,86310.3240848554,3.06552972080704,396
"9430",131410,-19.1615428924561,-46.4751472473145,0.0002569986127127,5.58692636332125e-06,1.02381000033347e-05,88587.6501632755,3.33635141063755,819
"9431",131412,-19.1457462310791,-46.4071655273438,0.0003664432533696,7.96615768194897e-06,9.59156295721186e-06,93388.1025819111,3.60331301452589,246
"9432",131414,-19.1300563812256,-46.3393211364746,0.0004691537869803,1.01989953691373e-05,1.17752288133488e-05,98473.6823255703,4.04356280764041,310
"9433",131417,-19.1067085266113,-46.23779296875,0.0002626086288728,5.70888323636609e-06,1.0596106221783e-05,106541.683802003,3.38631225233993,318
"9434",131418,-19.0989742279053,-46.2040100097656,0.0007122787246771,1.54843201016774e-05,1.44283849294879e-05,109329.88679183,6.61801256046125,77
"9435",131419,-19.0912647247314,-46.1702461242676,0.000688096117301,1.49586112456745e-05,1.06521456473274e-05,112161.490897755,4.47038957239568,226
"9436",131420,-19.0835762023926,-46.1365089416504,0.0001265078872165,2.75017146122991e-06,1.00299066616572e-05,115032.869868714,5.56147466354028,432
"9437",131421,-19.0759124755859,-46.1027946472168,0.0007778753279126,1.69103332154918e-05,1.13271771624568e-05,117940.758205056,3.41020611472808,983
"9438",131422,-19.0682716369629,-46.0690994262695,0.0001827652085921,3.97315670852549e-06,1.01770692708669e-05,120882.678385319,3.19557143555683,408
"9439",131423,-19.0606517791748,-46.0354232788086,0.0004088176119694,8.88733939063968e-06,9.88320516626118e-06,123856.141436194,2.8890704925256,622
"9440",131424,-19.0530548095703,-46.001766204834,0.0001592200678715,3.46130582329351e-06,1.36604821818764e-05,126858.565587804,39.8459663531803,280
"9441",131425,-19.0454769134521,-45.9681243896484,0.0009760995526448,2.121955549228e-05,1.74443011928815e-05,129888.313105464,34.6884137462266,697
"9442",131426,-19.0379219055176,-45.9344940185547,0.0008313439575431,1.80726947291987e-05,1.96686178242089e-05,132943.333428643,21.729088125705,305
"9443",131429,-19.0153770446777,-45.8336791992188,0.0014039769448572,3.05212379316799e-05,1.5239765161823e-05,127599.451178958,0.621745822546023,763
"9444",131430,-19.0079021453857,-45.8000907897949,0.0001402582797709,3.04909303849854e-06,9.22130857361481e-06,125482.562744511,0.311612526531523,291
"9445",131806,-19.3554973602295,-47.4967384338379,0.0008442904254479,1.83541396836517e-05,1.69679424288915e-05,56546.5894689068,1.3919343471568,846
"9446",131807,-19.3465976715088,-47.4608955383301,0.0002013311059272,4.37676317233127e-06,1.1042672667827e-05,57200.761488628,1.37589824199677,1270
"9447",131809,-19.3289241790771,-47.3894729614258,0.0001679575593698,3.65125129064836e-06,1.15369039122015e-05,59225.735898194,1.7642035834813,310
"9448",131814,-19.2854423522949,-47.2123985290527,0.0008243234988185,1.7920076061273e-05,1.06818206404569e-05,67780.9407879745,1.92968660742337,1100
"9449",131815,-19.2768611907959,-47.1772193908691,0.0006804502409067,1.4792396541452e-05,1.02144276752369e-05,69965.8088134967,1.52133081813197,467
"9450",131816,-19.2683181762695,-47.1421165466309,0.0005603966983471,1.21825369205908e-05,1.05105309557985e-05,72274.4610505669,1.5295748462336,686
"9451",131817,-19.2598094940186,-47.1070861816406,0.0006271620532061,1.36339576783939e-05,9.31443173612934e-06,74146.2393862803,1.69775704925851,560
"9452",131818,-19.2513389587402,-47.0721282958984,7.82153272211872e-05,1.70033320046059e-06,9.33574847294949e-06,73782.6450194453,1.81590785847225,200
"9453",131819,-19.2429027557373,-47.0372352600098,0.0004119957411603,8.95642915565986e-06,1.01038176580914e-05,73606.3610381514,1.62204164585312,666
"9454",131825,-19.1930027008057,-46.8292236328125,0.0008365327194042,1.81854939000914e-05,1.36634371301625e-05,76397.5964912443,2.3382853318548,223
"9455",131826,-19.1848011016846,-46.7947616577148,0.0002794983156491,6.07605034019798e-06,1.1341509889462e-05,77464.1840602772,2.45920264701238,76
"9456",131828,-19.1684894561768,-46.7259979248047,0.0002476513400324,5.38372478331439e-06,9.47626631386811e-06,80053.5198988108,4.53753517675142,443
"9457",131829,-19.16037940979,-46.6916923522949,0.0002243779499622,4.87778152091778e-06,9.33925275603542e-06,81560.1847959828,14.4766214946994,321
"9458",131830,-19.1522998809814,-46.6574363708496,0.0001053590408446,2.29041393140506e-06,8.98407415661495e-06,83197.1645301694,7.16646766653546,11
"9459",131834,-19.1202697753906,-46.5208625793457,4.14365249525872e-05,9.00794020708418e-07,1.01260002338677e-05,90888.6053265334,3.92208433462633,298
"9460",131836,-19.1044216156006,-46.4528274536133,8.47679882554075e-05,1.84278235337842e-06,9.73380701907445e-06,95315.0305337807,3.59197610683258,774
"9461",131837,-19.0965366363525,-46.4188652038574,0.0007139429071685,1.55204979819246e-05,1.04504279079265e-05,97649.8158519976,3.83363913581094,335
"9462",131838,-19.088680267334,-46.384937286377,0.0011858036159537,2.57783394772559e-05,1.1183122296643e-05,100057.38741371,4.3218252168142,771
"9463",131839,-19.080846786499,-46.3510437011719,0.0003682086389744,8.00453562987968e-06,1.03986485555652e-05,102532.721075543,5.25169504172717,277
"9464",131840,-19.0730400085449,-46.3171806335449,0.0011257305523031,2.44724033109378e-05,1.88683115993626e-05,105070.451028885,6.4115724399757,280
"9465",131841,-19.065258026123,-46.2833480834961,0.0010040047527581,2.1826190277352e-05,2.08148449019063e-05,107665.961956336,6.21380328800569,868
"9466",131842,-19.0575008392334,-46.2495460510254,5.16301395236951e-05,1.12239433747163e-06,1.01280202216003e-05,110314.80851481,5.64686441893709,279
"9467",131843,-19.049768447876,-46.2157707214355,0.0002600940724732,5.65421896681073e-06,1.4670235941594e-05,113013.111066343,13.0780824547043,859
"9468",131844,-19.0420589447021,-46.1820220947266,0.0007420838155667,1.61322568601463e-05,1.39126141220913e-05,115757.268878739,31.2343085618067,806
"9469",131845,-19.0343723297119,-46.1482925415039,0.0006116074400779,1.32958139147377e-05,1.62905525940005e-05,118544.279052014,74.4977353656453,316
"9470",131846,-19.0267105102539,-46.1145896911621,0.0005426023544714,1.17957033580751e-05,2.0846193365287e-05,121370.305381134,28.84776291839,505
"9471",131847,-19.0190696716309,-46.0809059143066,0.0009112224579439,1.98091838683467e-05,2.11585174838547e-05,124233.225954568,3.73253081221491,666
"9472",131848,-19.0114498138428,-46.0472412109375,0.0006466967643063,1.40586253110087e-05,1.52951797645073e-05,127130.338394086,3.69382799725417,306
"9473",131849,-19.0038528442383,-46.0135917663574,0.0005962851464573,1.29627205751603e-05,1.46581014632829e-05,130059.256376266,5.0859588986926,259
"9474",132236,-19.2621421813965,-47.3297805786133,0.0007521611187257,1.63513286679517e-05,1.23174550026306e-05,67306.706527991,3.70903851160246,403
"9475",132237,-19.2534465789795,-47.2943801879883,0.0008433688453806,1.83341053343611e-05,1.54216249939054e-05,68917.1411745603,3.51055040919227,189
"9476",132238,-19.2447910308838,-47.2590560913086,0.0001075770583156,2.33863170251425e-06,1.00647284853039e-05,70688.7727786198,4.54161555145126,161
"9477",132239,-19.2361717224121,-47.2238159179688,0.0002904838320318,6.31486591373687e-06,8.80361312738387e-06,72608.5995956792,7.46098413264329,275
"9478",132240,-19.2275924682617,-47.188648223877,0.0011383598975953,2.47469542955514e-05,1.06000934465555e-05,74663.7561666544,1.71596893818921,773
"9479",132241,-19.2190475463867,-47.1535568237305,0.0001074654273907,2.33620494327624e-06,1.45816193253268e-05,76842.5907452121,1.59666162465911,1004
"9480",132242,-19.2105407714844,-47.1185340881348,0.0004916028465231,1.06870184026775e-05,1.15371340143611e-05,79133.5949147036,1.57190707795231,1220
"9481",132244,-19.1936359405518,-47.0487060546875,0.000293390357001,6.37805123915314e-06,1.07661153379013e-05,79199.5914551711,1.42626298888755,618
"9482",132245,-19.1852340698242,-47.0138931274414,0.0004605414396792,1.00117704278091e-05,1.36826165544335e-05,79220.6452406997,1.36239229212516,801
"9483",132246,-19.1768684387207,-46.9791450500488,0.001148518113041,2.49677850661101e-05,1.36677144837449e-05,79414.313809427,1.34789920183505,392
"9484",132248,-19.1602382659912,-46.9098320007324,0.0004154656398895,9.03186173673021e-06,1.00310671768966e-05,80309.9514251677,1.11307954119002,820
"9485",132249,-19.1519718170166,-46.8752670288086,0.0011605747131397,2.52298850682564e-05,1.41268883453449e-05,81004.5700722344,1.21303459725639,282
"9486",132250,-19.1437377929688,-46.8407592773438,0.0009338466879853,2.03010149562033e-05,1.93400046555325e-05,81857.1981473603,1.86849337513263,880
"9487",132251,-19.1355361938477,-46.8063087463379,0.0010796619244501,2.34709114010911e-05,1.80558454303537e-05,82862.0695084344,2.83745355829132,307
"9488",132252,-19.1273651123047,-46.7719116210938,0.0011835579862236,2.57295214396436e-05,1.65812998602632e-05,84013.0931960497,2.34020586058725,1095
"9489",132253,-19.1192264556885,-46.7375679016113,0.0012523931727628,2.72259385383222e-05,1.52005259224097e-05,85303.3395126919,2.08061989122121,301
"9490",132254,-19.1111164093018,-46.7032737731934,0.0010116514240508,2.19924222619738e-05,1.59844294103095e-05,86726.2840848132,181.900049788952,685
"9491",132255,-19.1030368804932,-46.6690254211426,0.0006133956685516,1.33346884467755e-05,1.62274936883477e-05,88274.6648644386,210.908129084672,258
"9492",132256,-19.0949878692627,-46.6348266601562,0.0003949718629883,8.58634484757204e-06,1.71871142811142e-05,89941.2438147368,2.19458902717491,327
"9493",132257,-19.0869674682617,-46.6006736755371,0.000514262177603,1.11796125565888e-05,1.23907339002471e-05,91719.1946860165,2.24482787323454,342
"9494",132258,-19.0789737701416,-46.5665664672852,0.0008671508658153,1.88511057785945e-05,1.20548966151546e-05,93601.7428315229,2.53364320050576,93
"9495",132259,-19.071008682251,-46.5324974060059,0.0001731258839754,3.76360617337923e-06,1.00772031146334e-05,95582.1665238347,3.67541700252811,254
"9496",132260,-19.0630722045898,-46.4984703063965,0.0005991355683363,1.30246862681815e-05,9.96761082205921e-06,97653.8496673062,3.99916477105557,349
"9497",132261,-19.0551624298096,-46.4644813537598,0.0003546099360391,7.70891165302601e-06,1.09107813841547e-05,99810.9147317677,3.96728231948114,264
"9498",132262,-19.0472793579102,-46.4305305480957,0.0002075026759484,4.51092773801065e-06,1.0041922905657e-05,102047.460621571,3.87224871150026,743
"9499",132263,-19.0394229888916,-46.396614074707,7.39189198384338e-06,1.60693303996595e-07,9.57409702095902e-06,104358.078049305,4.52001760822159,117
"9500",132264,-19.0315914154053,-46.3627281188965,0.0001696248168627,3.68749601875606e-06,9.90533408185001e-06,106737.904250134,4.82417837761831,687
"9501",132265,-19.0237846374512,-46.3288764953613,0.0014275897774496,3.10345603793394e-05,1.4192529306456e-05,109181.848202068,298.649521469361,817
"9502",132266,-19.0160045623779,-46.2950553894043,0.0007427366363117,1.61464486154728e-05,1.17149711513775e-05,111685.320293409,324.957393624348,1045
"9503",132267,-19.0082473754883,-46.2612648010254,0.0003322786469652,7.22344884707127e-06,1.4135622222966e-05,114244.407786001,7.44864462113511,668
"9504",132268,-19.0005149841309,-46.2275009155273,0.0013371417226153,2.90682983177248e-05,1.51230160554405e-05,116855.155039391,3.36172069065713,434
"9505",132658,-19.2480640411377,-47.4835624694824,0.000505713171151,1.09937645902392e-05,1.01269088190747e-05,68287.406242756,63.0828777466083,289
"9506",132659,-19.2392082214355,-47.4478302001953,0.0015972952242009,3.47238092217594e-05,1.90703776752343e-05,69070.4790447093,10.7179829362433,790
"9507",132660,-19.2303924560547,-47.4121856689453,0.0005111811515234,1.11126337287715e-05,1.33132825794746e-05,70050.3625859253,6.36820150120748,307
"9508",132661,-19.2216167449951,-47.3766288757324,0.000559670077564,1.21667408166104e-05,9.39097662921995e-06,71217.3322773366,3.44584541405182,283
"9509",132662,-19.2128810882568,-47.3411560058594,8.00955416480065e-06,1.74120742713058e-07,1.23484942378127e-05,72560.84512594,3.85123428880269,981
"9510",132663,-19.2041873931885,-47.3057670593262,0.0006526262459374,1.41875270855962e-05,1.04815944723669e-05,74069.6139289331,3.49787593429939,283
"9511",132664,-19.1955299377441,-47.2704544067383,0.000574572413825,1.24907046483713e-05,1.73559474205831e-05,75733.1116492932,3.53040112837396,650
"9512",132667,-19.1697883605957,-47.1649894714355,9.19134081414086e-05,1.99811756829149e-06,1.26948798424564e-05,81538.9430961518,2.46446369895024,301
"9513",132669,-19.152811050415,-47.0950393676758,0.0001225934520334,2.66507504420588e-06,9.76570754573913e-06,84926.1612581169,2.14223690436497,274
"9514",132670,-19.1443767547607,-47.060173034668,0.0009810494266275,2.13271614484256e-05,1.12151456050924e-05,84793.1879520778,1.54283471343704,207
"9515",132671,-19.1359767913818,-47.0253677368164,0.0006635110403294,1.44241530506406e-05,1.11875333459466e-05,84822.4354085555,1.5838591404833,52
"9516",132673,-19.1192779541016,-46.9559555053711,0.0001464567194489,3.18384172715014e-06,1.02262638392858e-05,85362.7129280074,1.44041806500087,602
"9517",132678,-19.0781097412109,-46.7834663391113,1.39859687919852e-05,3.04042799825766e-07,1.14451595436549e-05,89373.5877406159,5.52218019150149,430
"9518",132679,-19.0699710845947,-46.7491302490234,0.0001871405384008,4.06827257393161e-06,9.70093788055237e-06,90594.9402068999,4.4559345222111,660
"9519",132680,-19.0618629455566,-46.7148475646973,0.0005285535717121,1.14902950372198e-05,1.19424912554678e-05,91942.884324664,2.24031733875743,23
"9520",132681,-19.053783416748,-46.6806106567383,0.0005531294027605,1.20245522339246e-05,1.24247890198603e-05,93411.5615096318,2.85758420690178,357
"9521",132683,-19.0377140045166,-46.6122817993164,9.02909368960536e-05,1.96284645426203e-06,1.17029294415261e-05,96685.604238811,47.6138690999322,1017
"9522",132684,-19.0297222137451,-46.578182220459,0.0003540891102602,7.69758935348364e-06,9.71329973253887e-06,98478.9392877003,30.8210532448151,532
"9523",132685,-19.0217571258545,-46.5441246032715,0.0001037213619383,2.2548122160515e-06,9.68292260949966e-06,100368.641457538,2.40773943224559,701
"9524",132687,-19.0059108734131,-46.476131439209,0.0005048478615208,1.09749535113224e-05,1.05121380329365e-05,104413.635679905,3.42606693486358,895
"9525",133084,-19.1988430023193,-47.4949226379395,0.0003237872706449,7.03885370967328e-06,1.08505282696569e-05,73838.7404585564,2.00128705230772,326
"9526",133085,-19.1899871826172,-47.4592056274414,0.0004612579359672,1.00273464340717e-05,1.01160285339574e-05,74577.2113205915,2.86017472519901,975
"9527",133087,-19.1723957061768,-47.3880271911621,0.0012794127724191,2.7813321139547e-05,1.54778263095068e-05,76595.5095748804,3.96498174978449,267
"9528",133088,-19.1636619567871,-47.3525657653809,0.0007788190814608,1.69308495969744e-05,1.24329335449147e-05,77858.2446899712,4.08379697438794,903
"9529",133090,-19.1463088989258,-47.2818870544434,0.0008061326261668,1.75246223079739e-05,1.15643479148275e-05,80845.6985672596,3.93750337787023,283
"9530",133091,-19.1376914978027,-47.2466659545898,0.0001076780104085,2.34082631322963e-06,1.16286746560945e-05,82551.0391254745,4.01818453872718,792
"9531",133092,-19.1291122436523,-47.2115211486816,9.71068452599866e-05,2.1110183752171e-06,9.4052647909848e-06,84384.8788117171,3.95745979140322,278
"9532",133093,-19.120569229126,-47.1764526367188,0.00095774852889,2.08206201932626e-05,1.21933744594571e-05,86338.0888377541,5.91122513737642,186
"9533",133094,-19.1120624542236,-47.1414527893066,0.001326713241724,2.88415922113927e-05,2.23551633098396e-05,88401.9184963164,4.3740322341526,540
"9534",133095,-19.1035919189453,-47.1065254211426,0.0010924376983894,2.37486456171609e-05,1.1296197953925e-05,90499.7834895194,3.02192536336941,276
"9535",133096,-19.095157623291,-47.0716667175293,0.0006357683341775,1.38210507429903e-05,1.15538550744532e-05,90384.2598731901,2.72752691477216,296
"9536",133099,-19.0700607299805,-46.9674873352051,0.0002768061831375,6.01752572038095e-06,1.39051908263355e-05,90945.1359246842,4.01399543582927,194
"9537",133100,-19.0617618560791,-46.9328842163086,0.0003652975119621,7.94125026004622e-06,9.18887599254958e-06,91428.5119051904,4.00192372788321,100
"9538",133101,-19.0534973144531,-46.8983383178711,3.03636926446416e-05,6.60080274883512e-07,9.16101180337137e-06,92055.2334857077,3.64406028125121,286
"9539",133102,-19.0452651977539,-46.8638534545898,0.0003084029331148,6.70441158945323e-06,9.09462050913135e-06,92821.8168893913,6.90875861744445,526
"9540",133103,-19.0370635986328,-46.8294219970703,0.0004147248364461,9.01575731404591e-06,9.17225770535879e-06,93724.2248511307,4.47973906640582,275
"9541",133104,-19.0288944244385,-46.7950477600098,0.0002313347540621,5.02901639265474e-06,9.62736612564186e-06,94757.619559107,4.72051184942938,534
"9542",133105,-19.0207557678223,-46.7607231140137,0.0007327776474994,1.59299488586839e-05,1.22191013360862e-05,95917.2857994764,3.18259791545445,694
"9543",133106,-19.0126476287842,-46.7264518737793,0.0011581581384234,2.51773508352926e-05,1.27783350762911e-05,97197.9941893388,2.19191270080424,1195
"9544",133107,-19.0045680999756,-46.6922264099121,4.21207415683966e-05,9.15668294965144e-07,9.5851173682604e-06,98594.6716136994,2.18379836888567,751
"9545",133511,-19.1407489776611,-47.4705581665039,0.0007134167681215,1.55090601765551e-05,1.12537763925502e-05,80098.0883234602,2.56041272353183,837
"9546",133512,-19.1319332122803,-47.4349365234375,0.0003510835576889,7.63225125410827e-06,1.1087387065345e-05,80969.3268913757,3.43850570302562,146
"9547",133513,-19.1231594085693,-47.3994026184082,0.0011280217840976,2.45222126977751e-05,1.19948736028164e-05,82004.6869541014,4.45938510046101,286
"9548",133514,-19.1144237518311,-47.3639526367188,8.50603278195194e-05,1.8491375612939e-06,1.16268820420373e-05,83197.122832752,4.02269513774223,1160
"9549",133515,-19.1057281494141,-47.3285827636719,0.0005903782566747,1.28343099277117e-05,1.27431549117318e-05,84538.5448829772,4.45681680366325,283
"9550",133517,-19.0884552001953,-47.2580871582031,0.0008622788081993,1.87451914825942e-05,2.08181954803877e-05,87635.5932805795,5.90844706975541,276
"9551",133518,-19.0798740386963,-47.2229537963867,0.0005932237836532,1.28961692098528e-05,1.27399116536253e-05,89375.1151210216,4.98226920062682,261
"9552",133519,-19.0713329315186,-47.1878929138184,0.0005047639369877,1.09731290649506e-05,1.3099249372317e-05,91230.7680274151,5.35727712265912,81
"9553",133521,-19.0543556213379,-47.117992401123,0.0006346391601255,1.37965034809895e-05,1.0839631613635e-05,95260.3859817544,3.07031503313835,253
"9554",133522,-19.0459213256836,-47.0831413269043,0.0005959358932159,1.29551281133899e-05,1.19193364298553e-05,95977.5086779602,2.73508798707932,250
"9555",133523,-19.0375213623047,-47.0483627319336,0.0010249493207084,2.22815069719218e-05,1.60104846145259e-05,96020.7385062275,2.6647297964521,286
"9556",133524,-19.0291576385498,-47.0136451721191,0.0007427804812323,1.61474017659202e-05,1.1566078683245e-05,96205.6098047558,2.99215620366625,262
"9557",133525,-19.0208263397217,-46.9789924621582,0.0004309793366701,9.36911601456814e-06,1.09266056824708e-05,96530.9604577408,4.35420622534506,213
"9558",133526,-19.0125274658203,-46.9444007873535,0.0004199276554572,9.1288620751584e-06,9.77644594968297e-06,96994.4833300205,5.19005063379881,474
"9559",133527,-19.0042629241943,-46.9098701477051,0.0004596863382175,9.99318126559956e-06,9.312307156506e-06,97593.1976337191,6.43222391311324,702
"9560",133938,-19.0826778411865,-47.4462776184082,0.0004685829244408,1.01865853139316e-05,9.71029294305481e-06,84343.9932190642,4.14900939655087,840
"9561",133939,-19.073902130127,-47.4107551574707,0.0007758782921882,1.68669193953974e-05,9.82480469247093e-06,87439.9693598058,4.5668870400472,830
"9562",133940,-19.0651683807373,-47.3753128051758,0.0003576687886379,7.77540844865143e-06,9.86834493232891e-06,88570.0907861029,4.31487767340944,621
"9563",133941,-19.0564727783203,-47.339958190918,0.0009821530802582,2.13511539186584e-05,1.33120238388074e-05,89841.8998203094,4.21017682389355,403
"9564",133942,-19.0478172302246,-47.3046798706055,0.0004482386302697,9.74431804934284e-06,1.73489788721781e-05,91248.1995111533,4.62755165551702,137
"9565",133943,-19.0391998291016,-47.2694816589355,0.0006522365365526,1.41790551424492e-05,1.29469008243177e-05,92781.9371221613,4.95292464626332,310
"9566",133944,-19.0306205749512,-47.2343597412109,0.0004593742778524,9.98639734461904e-06,1.40596821438521e-05,94435.895890051,5.4987813256167,271
"9567",133945,-19.0220775604248,-47.1993103027344,0.0002663748364284,5.79075731366174e-06,1.21942939586006e-05,96203.1538908618,4.77970230918467,664
"9568",134363,-19.0422554016113,-47.4932174682617,0.0014942504567443,3.24837055813987e-05,2.31345784413861e-05,78570.165477826,4.17253614789634,265
"9569",134364,-19.0334396362305,-47.4576187133789,0.0005551891936192,1.20693302960717e-05,1.18929483505781e-05,81992.2071323777,3.98434609215452,49
"9570",134367,-19.0072364807129,-47.3513336181641,0.0017642847960814,3.83540173061192e-05,1.88400281331269e-05,92397.117925318,4.58408263098673,263
